#!ascii label  , from subject fsaverage vox2ras=TkReg 
1151
120 -49.357893 19.417538 15.222581 0.000000
266 -40.801522 31.690149 5.134768 0.000000
525 -39.296540 24.218717 11.468530 0.000000
526 -48.123624 24.446998 5.716458 0.000000
1158 -45.328396 29.595602 1.158816 0.000000
1159 -45.966178 28.952595 6.116428 0.000000
1160 -46.854484 26.265062 2.795220 0.000000
1161 -44.062009 23.332877 5.306444 0.000000
1627 -42.512062 15.262094 19.499880 0.000000
1628 -44.643813 18.904587 16.707399 0.000000
1631 -36.690352 35.307177 3.517539 0.000000
1632 -41.066729 34.325841 0.796286 0.000000
1633 -45.108155 31.639218 -2.455520 0.000000
2219 -45.565156 22.336989 13.567913 0.000000
2220 -39.263504 28.985336 8.681528 0.000000
2221 -45.264159 25.259170 8.708010 0.000000
2222 -49.020190 21.748552 9.637620 0.000000
2223 -46.355271 20.260632 6.654286 0.000000
2224 -41.102518 19.969596 7.407653 0.000000
3074 -49.781857 18.839104 12.824591 0.000000
3078 -46.383719 28.434187 -0.465718 0.000000
3079 -47.025171 27.826650 1.820865 0.000000
3080 -45.906529 26.624309 0.843771 0.000000
3081 -44.266650 25.661163 2.575146 0.000000
3673 -43.738071 16.892803 17.987667 0.000000
3674 -41.876115 18.669030 17.414195 0.000000
3676 -34.849503 36.098430 5.025187 0.000000
3681 -43.142502 33.231729 -0.744235 0.000000
4911 -42.982827 22.097794 14.693855 0.000000
4912 -42.597405 22.886319 11.904113 0.000000
4913 -37.730992 31.887508 6.015066 0.000000
4915 -40.076561 30.480532 7.147399 0.000000
4916 -47.727190 26.964457 5.925575 0.000000
4917 -45.563320 27.823012 7.903506 0.000000
4918 -47.486760 25.263717 7.260632 0.000000
4919 -47.513373 23.462024 8.918040 0.000000
4920 -48.511800 22.738073 7.037818 0.000000
4921 -48.506294 20.796319 7.531845 0.000000
4922 -47.617987 21.958643 5.900919 0.000000
4924 -42.519403 21.746733 6.472565 0.000000
6692 -42.966309 30.344109 3.073738 0.000000
6693 -43.337966 30.248613 6.094512 0.000000
6694 -45.805586 29.087199 3.768662 0.000000
6695 -47.581280 27.649300 4.119320 0.000000
6696 -47.840982 25.766663 4.504679 0.000000
6697 -46.638832 23.604814 5.130202 0.000000
6698 -45.576168 25.023613 4.128452 0.000000
6699 -42.629524 24.525214 4.292823 0.000000
7638 -45.427505 15.551310 19.757395 0.000000
7639 -46.406661 17.300253 17.808685 0.000000
7640 -47.250919 19.465740 16.273643 0.000000
7643 -33.601469 34.179414 6.297236 0.000000
7644 -35.770845 33.651002 5.010576 0.000000
7645 -38.586262 33.366333 4.095578 0.000000
7648 -40.827216 32.590541 2.545924 0.000000
7649 -43.183797 31.910245 0.788068 0.000000
7650 -45.377951 30.859788 -0.900388 0.000000
7651 -45.769796 29.400062 -2.157826 0.000000
7653 -45.232958 30.434148 -3.418917 0.000000
9219 -42.718538 20.893634 16.981351 0.000000
9220 -45.317384 21.235601 15.861802 0.000000
9221 -47.827216 21.427503 14.554139 0.000000
9224 -39.135947 26.657051 10.186436 0.000000
9225 -42.829576 29.381872 7.766530 0.000000
9226 -42.413871 27.340075 9.160031 0.000000
9227 -42.438648 24.696198 10.042155 0.000000
9228 -45.151286 23.374714 10.690507 0.000000
9229 -47.670295 22.412477 11.897721 0.000000
9230 -49.375329 20.815418 12.684876 0.000000
9231 -49.320268 20.015070 10.290538 0.000000
9232 -47.214212 19.601254 8.530855 0.000000
9233 -44.550211 19.087394 7.798491 0.000000
9234 -45.260489 21.766741 5.926488 0.000000
9235 -43.621527 20.156950 6.825049 0.000000
9236 -42.028449 18.448025 7.647818 0.000000
10750 -49.091768 18.682673 16.164975 0.000000
10752 -49.731385 18.555344 15.162312 0.000000
10754 -49.757998 19.169248 14.151430 0.000000
10758 -45.969849 27.824831 -0.924130 0.000000
10759 -46.366283 27.424657 0.073967 0.000000
10760 -45.430258 26.898064 -0.160718 0.000000
10761 -44.549293 26.306898 0.735104 0.000000
12592 -40.979550 23.474757 11.617377 0.000000
12593 -39.254327 31.858404 5.557566 0.000000
12596 -48.059387 25.829418 5.895440 0.000000
12597 -47.515208 26.309627 6.645154 0.000000
12598 -48.081412 24.910836 6.423254 0.000000
12599 -48.088753 23.976794 7.091696 0.000000
12600 -48.264028 23.533874 6.247924 0.000000
12601 -48.318171 22.279692 6.360245 0.000000
12602 -47.954773 23.120967 5.721937 0.000000
14993 -44.245544 29.944844 2.078380 0.000000
14994 -44.363006 29.722020 3.545848 0.000000
14995 -45.585344 29.182695 2.507571 0.000000
14996 -47.101338 26.937172 2.271059 0.000000
14997 -47.313320 27.642024 3.019861 0.000000
14998 -47.544574 26.826215 3.343124 0.000000
14999 -47.942843 26.746180 4.348526 0.000000
15000 -47.381228 26.068613 3.761356 0.000000
15001 -46.898533 25.292821 4.224335 0.000000
15002 -46.278187 25.676624 3.472794 0.000000
15004 -43.369167 25.128204 3.460923 0.000000
16780 -44.181307 17.857768 17.226994 0.000000
16781 -45.138438 17.027407 17.981275 0.000000
16782 -45.519272 18.096054 17.068102 0.000000
16783 -46.811354 18.451663 16.909210 0.000000
16784 -46.014815 19.220179 16.489151 0.000000
16788 -35.651548 35.663696 4.222508 0.000000
16789 -35.117463 34.811507 4.971310 0.000000
16790 -36.382014 34.543208 4.387793 0.000000
16791 -37.286839 33.500937 4.643481 0.000000
16792 -37.734663 34.348578 3.795144 0.000000
16798 -40.127950 34.794227 1.682063 0.000000
16799 -40.054537 33.889288 2.571493 0.000000
16800 -41.055717 33.566420 1.813560 0.000000
16801 -41.895386 32.161263 1.716764 0.000000
16802 -42.135816 33.248099 0.966136 0.000000
16803 -44.219849 32.475036 -1.642797 0.000000
16804 -44.389618 32.309509 -0.831900 0.000000
16805 -45.286183 31.378195 -1.757857 0.000000
16806 -45.912036 30.134927 -1.668366 0.000000
16807 -45.707395 30.517821 -2.390685 0.000000
16808 -45.477059 29.898461 -2.790654 0.000000
16809 -45.402728 30.955284 -2.988813 0.000000
20488 -39.289198 22.031402 16.467235 0.000000
20489 -39.166230 21.340192 17.161246 0.000000
20490 -40.420688 21.344740 16.886381 0.000000
20491 -41.363137 20.647163 17.355752 0.000000
20492 -41.596225 21.496624 16.470888 0.000000
20493 -44.378606 22.147816 14.097553 0.000000
20494 -44.270321 21.801302 15.420740 0.000000
20495 -45.588097 21.909531 14.845441 0.000000
20496 -46.600289 21.371115 15.174183 0.000000
20497 -46.748952 22.054139 14.103945 0.000000
20503 -37.561223 28.767969 9.201123 0.000000
20504 -37.518092 27.590184 10.135299 0.000000
20505 -39.137783 27.884857 9.576437 0.000000
20506 -44.675932 29.580140 6.093598 0.000000
20507 -43.162691 29.883909 7.137354 0.000000
20508 -44.487809 29.293652 7.123657 0.000000
20509 -45.384374 26.588839 8.274254 0.000000
20510 -44.008784 27.671128 8.623085 0.000000
20511 -43.904170 26.342368 8.889732 0.000000
20512 -42.378999 26.009496 9.423024 0.000000
20513 -43.849109 25.004513 9.352710 0.000000
20514 -43.807814 23.961332 10.122514 0.000000
20515 -45.109990 24.162329 9.465030 0.000000
20516 -48.359466 22.629844 9.307051 0.000000
20517 -47.548244 22.902690 10.361765 0.000000
20518 -48.499870 22.205114 10.853052 0.000000
20519 -48.663215 21.725814 12.342436 0.000000
20520 -49.215654 21.346559 11.215581 0.000000
20521 -49.566204 20.424339 11.460312 0.000000
20522 -49.329445 20.853617 9.933488 0.000000
20523 -47.578527 20.493460 6.978462 0.000000
20524 -47.971291 20.146946 8.038655 0.000000
20525 -46.780153 19.868643 7.497144 0.000000
20526 -45.834951 19.401167 8.040482 0.000000
20527 -45.442188 19.665827 7.159270 0.000000
20528 -45.358679 23.432921 5.216040 0.000000
20529 -45.999214 22.643486 5.488165 0.000000
20530 -44.664002 22.540714 5.626967 0.000000
20531 -41.813713 20.903639 7.013163 0.000000
20532 -43.134243 20.971850 6.717295 0.000000
20533 -42.312927 20.120571 7.077085 0.000000
20534 -42.739644 19.292938 7.086217 0.000000
20535 -41.450315 19.131959 7.315423 0.000000
20536 -40.921737 18.057855 7.719958 0.000000
23958 -48.385161 16.889165 17.904568 0.000000
23966 -49.228501 18.589905 11.593635 0.000000
23972 -46.133194 29.107207 0.268473 0.000000
23973 -46.399319 28.721585 1.511300 0.000000
23974 -46.671868 28.135876 0.636481 0.000000
23975 -46.751705 27.117251 1.192603 0.000000
23976 -46.322235 26.411489 1.809907 0.000000
23977 -45.705559 25.902177 2.571493 0.000000
23978 -45.105402 26.084074 1.678411 0.000000
25043 -43.222340 15.996049 18.710899 0.000000
25044 -42.331280 16.829139 17.926484 0.000000
25046 -43.311354 18.786354 16.977698 0.000000
25051 -35.757998 36.303065 3.438093 0.000000
25057 -41.985318 33.830171 0.002740 0.000000
25060 -43.928947 32.496864 -2.413514 0.000000
25061 -44.675932 31.857495 -3.160489 0.000000
27271 -41.643027 22.073238 15.376907 0.000000
27273 -42.828658 22.339718 13.335967 0.000000
27274 -44.220766 22.547990 12.725968 0.000000
27279 -39.650761 29.840253 7.866066 0.000000
27280 -46.944416 28.084944 6.103643 0.000000
27281 -45.727583 28.555149 7.098088 0.000000
27282 -46.716834 27.533796 6.958372 0.000000
27283 -46.560829 26.543365 7.532758 0.000000
27284 -46.432355 25.322834 7.971994 0.000000
27285 -46.424096 24.246911 8.709837 0.000000
27286 -47.489513 24.249640 7.919030 0.000000
27287 -48.228239 23.167351 7.981125 0.000000
27288 -48.797196 22.145997 8.193895 0.000000
27289 -49.000001 21.199222 8.512592 0.000000
27290 -48.661380 21.662150 7.207668 0.000000
27291 -48.089671 21.228325 6.551098 0.000000
27292 -47.104091 21.000954 6.278972 0.000000
27294 -43.276482 22.457951 5.908224 0.000000
30973 -37.659413 25.196415 11.586329 0.000000
30974 -41.831149 31.046233 4.189634 0.000000
30975 -41.964212 30.923452 5.691803 0.000000
30976 -43.141584 30.267712 4.589604 0.000000
30977 -44.581411 29.689279 4.887298 0.000000
30978 -46.017568 29.112664 4.911953 0.000000
30979 -46.673703 28.486937 2.755954 0.000000
30980 -46.912298 28.431459 3.957688 0.000000
30981 -47.014159 28.382346 5.104633 0.000000
30982 -47.740955 27.472860 5.171294 0.000000
30983 -48.186026 26.402394 5.144812 0.000000
30984 -48.052964 25.222790 5.204169 0.000000
30985 -47.628999 23.865836 5.242522 0.000000
30986 -47.354616 24.703473 4.816070 0.000000
30987 -46.107500 24.370601 4.781370 0.000000
30988 -44.731910 24.246002 4.911040 0.000000
30989 -44.835607 25.398321 3.418917 0.000000
30990 -44.034479 24.795332 4.247164 0.000000
33351 -44.679602 16.153390 18.886228 0.000000
33352 -45.967096 16.382581 18.748339 0.000000
33353 -47.210541 16.618138 18.455211 0.000000
33354 -47.675801 17.682237 17.510078 0.000000
33355 -48.056634 18.623556 16.662654 0.000000
33356 -48.467751 19.514853 15.929377 0.000000
33361 -34.054799 32.884305 6.482610 0.000000
33363 -34.518223 33.882012 5.573090 0.000000
33364 -35.276220 32.795175 5.872611 0.000000
33365 -36.701364 32.695132 5.421504 0.000000
33366 -38.148532 32.617825 4.966744 0.000000
33367 -39.618643 32.475945 4.475457 0.000000
33373 -37.790640 35.132556 2.981507 0.000000
33374 -38.926718 34.107564 3.201582 0.000000
33375 -39.806765 33.012542 3.308423 0.000000
33376 -40.677636 31.992099 3.644470 0.000000
33377 -41.765995 31.363643 2.734038 0.000000
33378 -42.998428 30.893439 1.705806 0.000000
33379 -44.281333 30.674253 0.800852 0.000000
33380 -43.292083 32.864296 0.111407 0.000000
33381 -44.461196 31.577373 -0.040180 0.000000
33382 -45.322890 30.212233 -0.007305 0.000000
33383 -46.018485 29.529209 -0.792634 0.000000
33384 -46.153383 28.836180 -1.469294 0.000000
33387 -45.144862 28.836180 -2.364203 0.000000
33388 -44.838360 29.445536 -2.934936 0.000000
33390 -45.065942 31.337268 -3.693782 0.000000
37900 -42.364317 19.775875 17.287264 0.000000
37901 -43.696776 19.965049 16.837070 0.000000
37902 -42.906661 21.702168 16.029826 0.000000
37903 -44.005114 21.082808 16.489151 0.000000
37904 -45.043918 20.234257 16.474540 0.000000
37905 -46.326823 20.402512 16.017041 0.000000
37906 -47.516126 20.516197 15.565021 0.000000
37907 -48.676063 20.448895 15.010725 0.000000
37916 -39.219455 25.347390 10.771780 0.000000
37917 -41.844914 30.534192 6.852444 0.000000
37918 -41.490693 29.988500 7.548282 0.000000
37919 -40.975879 29.236354 8.239553 0.000000
37920 -44.193236 28.667925 7.948251 0.000000
37921 -42.567122 28.587890 8.624912 0.000000
37922 -40.864841 28.219548 9.091543 0.000000
37923 -40.762979 27.014479 9.598353 0.000000
37924 -40.762979 25.649339 10.096032 0.000000
37925 -40.902465 24.411528 10.746211 0.000000
37926 -42.474437 23.696672 10.820178 0.000000
37927 -43.974830 23.112781 11.284069 0.000000
37928 -45.390798 22.780819 12.052047 0.000000
37929 -46.378213 23.489309 9.894221 0.000000
37930 -46.500263 22.917242 11.285896 0.000000
37931 -46.720504 22.482507 12.790804 0.000000
37932 -47.805192 21.986837 13.318617 0.000000
37933 -48.709099 21.176485 13.737763 0.000000
37934 -49.375329 20.248808 14.014454 0.000000
37935 -49.722209 19.850453 12.837375 0.000000
37936 -49.574463 19.448460 11.587243 0.000000
37937 -48.780677 19.171976 10.424774 0.000000
37938 -48.892633 20.446167 8.875121 0.000000
37939 -48.426456 19.738586 9.243129 0.000000
37940 -47.573939 19.116498 9.623009 0.000000
37941 -46.264421 19.001902 9.099761 0.000000
37942 -45.003540 18.794539 8.762801 0.000000
37944 -47.182093 22.761720 5.369453 0.000000
37945 -46.582854 21.826768 5.792252 0.000000
37946 -45.823021 20.913643 6.225095 0.000000
37947 -43.871134 21.752190 6.225095 0.000000
37948 -44.454773 20.939109 6.473478 0.000000
37949 -44.920950 20.158769 6.603148 0.000000
37950 -44.090457 19.432999 6.990334 0.000000
37951 -43.296671 18.761798 7.628641 0.000000
41470 -49.243184 19.055562 15.703823 0.000000
41471 -49.472602 18.639017 15.701084 0.000000
41472 -49.585476 18.978256 15.217102 0.000000
41473 -49.769928 18.863660 14.678331 0.000000
41474 -49.627688 19.306580 14.708465 0.000000
41478 -45.467882 27.579270 -1.033711 0.000000
41479 -45.746855 27.335527 -0.577125 0.000000
41480 -45.154039 27.095423 -0.653831 0.000000
43311 -40.235318 23.429283 11.985386 0.000000
43312 -40.137127 23.826728 11.504144 0.000000
43313 -40.110515 31.821115 5.436114 0.000000
43314 -39.889356 31.550088 5.930141 0.000000
43315 -40.730861 31.490971 5.767596 0.000000
43316 -48.128213 25.173678 5.813254 0.000000
43317 -48.050211 25.451981 6.209571 0.000000
43318 -48.186026 24.740762 6.046113 0.000000
43319 -48.220898 24.217808 6.308194 0.000000
43320 -48.194285 23.989527 5.956623 0.000000
43321 -48.165837 23.312869 5.952970 0.000000
43322 -48.059387 23.727594 5.682671 0.000000
45713 -44.825512 29.796598 1.621794 0.000000
45714 -44.943892 29.566498 2.341374 0.000000
45715 -45.445858 29.375506 1.847347 0.000000
45716 -46.999477 26.572468 2.487481 0.000000
45717 -47.308732 26.876237 2.808005 0.000000
45718 -47.238071 26.524265 3.028992 0.000000
45719 -47.502361 26.466968 3.513887 0.000000
45720 -47.087573 26.179570 3.301118 0.000000
45721 -46.880179 25.843060 3.592420 0.000000
45722 -46.590195 25.967660 3.138573 0.000000
47499 -43.209492 15.281193 19.678862 0.000000
47500 -44.411642 18.360714 16.910124 0.000000
47501 -44.840195 17.942350 17.135677 0.000000
47502 -45.094390 18.501685 16.789585 0.000000
47503 -45.769796 18.669940 16.743013 0.000000
47504 -45.332067 19.062838 16.597819 0.000000
47508 -36.194809 35.467247 3.838976 0.000000
47509 -35.999345 35.105271 4.283691 0.000000
47510 -36.635292 34.943382 3.964994 0.000000
47511 -37.087704 34.426794 4.108362 0.000000
47512 -37.214343 34.846977 3.675518 0.000000
47516 -40.317909 34.656894 0.673008 0.000000
47517 -39.858155 34.830606 1.086675 0.000000
47518 -40.562009 34.543208 1.228217 0.000000
47519 -40.668459 34.225798 1.772467 0.000000
47520 -41.170426 34.032077 1.333231 0.000000
47521 -41.572366 33.414536 1.398067 0.000000
47522 -41.642109 33.846542 0.907693 0.000000
47523 -44.687861 32.116698 -2.061943 0.000000
47524 -44.775958 32.030297 -1.682063 0.000000
47525 -45.179733 31.545541 -2.104862 0.000000
47526 -45.559650 30.948008 -2.108515 0.000000
47527 -45.508260 31.065332 -2.451867 0.000000
47528 -45.528449 30.748830 -2.692945 0.000000
47529 -45.272418 31.259052 -2.742256 0.000000
51207 -39.215785 22.383373 16.045349 0.000000
51208 -39.871002 22.053230 16.217026 0.000000
51209 -39.859990 21.683069 16.612429 0.000000
51210 -40.456477 21.723086 16.451711 0.000000
51211 -40.995150 21.402947 16.703747 0.000000
51213 -45.004458 22.216937 13.851910 0.000000
51214 -44.998034 22.048682 14.522178 0.000000
51215 -45.608286 22.141450 14.278361 0.000000
51216 -46.198349 22.000479 14.500262 0.000000
51217 -46.186419 22.239674 13.882958 0.000000
51221 -38.547720 29.309113 8.466020 0.000000
51223 -38.390798 28.858008 8.915301 0.000000
51224 -38.323808 28.334144 9.418458 0.000000
51225 -39.175407 28.477843 9.150899 0.000000
51226 -45.342161 29.308204 6.125559 0.000000
51227 -44.637389 29.454631 6.635110 0.000000
51228 -45.255900 29.160867 6.651547 0.000000
51229 -45.295360 25.904905 8.462367 0.000000
51230 -44.651155 26.464239 8.596603 0.000000
51231 -44.585082 25.789400 8.776498 0.000000
51232 -43.862874 25.682990 9.058669 0.000000
51233 -44.560305 25.135480 9.036752 0.000000
51234 -44.482303 24.558865 9.433982 0.000000
51235 -45.169639 24.658909 9.055929 0.000000
51236 -48.726535 22.194200 9.514342 0.000000
51237 -48.416362 22.417024 10.115209 0.000000
51238 -48.802702 21.983199 10.259490 0.000000
51239 -48.922917 21.779474 11.031121 0.000000
51240 -49.122051 21.534822 10.377289 0.000000
51241 -49.357893 21.090083 10.585493 0.000000
51242 -49.214736 21.285623 9.751766 0.000000
51243 -46.988464 20.347033 6.777564 0.000000
51244 -47.211459 20.118752 7.226845 0.000000
51245 -46.574595 20.050540 7.003118 0.000000
51246 -46.101994 19.786789 7.277070 0.000000
51247 -45.909283 19.960501 6.885319 0.000000
51248 -44.744757 23.388356 5.264438 0.000000
51249 -45.020976 22.979996 5.402327 0.000000
51250 -44.355664 22.925427 5.459857 0.000000
51251 -41.453068 20.439801 7.245109 0.000000
51252 -42.080756 20.514378 7.079824 0.000000
51253 -41.699922 20.056907 7.240543 0.000000
51254 -41.888963 19.666737 7.182100 0.000000
51255 -41.289723 19.559418 7.358342 0.000000
51256 -40.892371 19.017364 7.465183 0.000000
51257 -40.707001 19.449370 7.513581 0.000000
55290 -48.621003 17.363008 17.504599 0.000000
55302 -49.674490 18.412555 12.672091 0.000000
55304 -49.582723 18.697224 12.169846 0.000000
55313 -46.306634 28.781611 -0.130584 0.000000
55314 -46.427767 28.582434 0.402709 0.000000
55315 -46.484663 28.262294 0.065748 0.000000
55316 -46.196514 26.987194 0.422799 0.000000
55317 -46.577348 27.242760 0.610912 0.000000
55318 -46.397484 26.835310 0.983487 0.000000
55319 -46.573677 26.722534 1.509474 0.000000
55320 -46.091899 26.505166 1.358800 0.000000
55321 -45.756031 26.225954 1.735027 0.000000
55322 -45.513766 26.325088 1.274788 0.000000
55324 -44.108811 26.089531 1.185298 0.000000
57099 -41.603567 16.865518 17.989493 0.000000
57103 -43.073677 18.300688 17.192294 0.000000
57104 -42.589146 18.739061 17.158506 0.000000
57111 -35.494626 36.581368 3.858153 0.000000
57126 -43.414133 32.840650 -2.041853 0.000000
57128 -43.703200 32.485950 -2.830834 0.000000
57129 -43.020452 32.714231 -2.913933 0.000000
60813 -41.875197 22.806285 12.310475 0.000000
60814 -42.022025 22.512520 12.960654 0.000000
60815 -42.713949 22.602560 12.586253 0.000000
60816 -43.540772 22.441580 12.976178 0.000000
60817 -43.421474 22.696237 12.254771 0.000000
60818 -36.968407 31.893874 6.236966 0.000000
60825 -39.838884 30.164940 7.523626 0.000000
60826 -47.372969 27.531977 6.036982 0.000000
60827 -46.876509 27.822103 6.552011 0.000000
60828 -47.289461 27.270954 6.446083 0.000000
60829 -47.489513 25.780306 6.963852 0.000000
60830 -47.104091 26.414218 7.105393 0.000000
60831 -47.043525 25.898539 7.377519 0.000000
60832 -46.475486 25.991306 7.762877 0.000000
60833 -47.004065 25.369218 7.633207 0.000000
60834 -46.983876 24.788056 7.906245 0.000000
60835 -47.496855 24.753495 7.533671 0.000000
60836 -48.311747 23.339244 7.025947 0.000000
60837 -48.171343 23.509318 7.480707 0.000000
60838 -48.424621 22.940889 7.468836 0.000000
60839 -48.541165 22.625297 8.084314 0.000000
60840 -48.650368 22.412477 7.544629 0.000000
60841 -48.790772 21.908621 7.647818 0.000000
60842 -48.676981 22.169644 7.130049 0.000000
60843 -48.000656 22.125989 6.091772 0.000000
60844 -48.233745 21.730362 6.436038 0.000000
60845 -47.875853 21.568473 6.198613 0.000000
60846 -47.641847 21.088264 6.369376 0.000000
60847 -47.399581 21.444783 6.078988 0.000000
68018 -42.390929 30.643330 3.629860 0.000000
68019 -42.457919 30.638783 4.403317 0.000000
68020 -42.976404 30.267712 3.849934 0.000000
68021 -45.124673 29.387329 3.692869 0.000000
68022 -44.482303 29.684731 4.220682 0.000000
68023 -45.220111 29.393696 4.299215 0.000000
68024 -45.301784 29.429166 4.861729 0.000000
68025 -45.907447 29.117212 4.357658 0.000000
68026 -46.752623 28.302312 1.658321 0.000000
68027 -46.522287 28.579705 2.151434 0.000000
68028 -46.903121 28.174074 2.260101 0.000000
68029 -47.466571 27.663852 3.548587 0.000000
68030 -47.190352 27.993086 3.496537 0.000000
68031 -47.295885 28.041289 4.029829 0.000000
68032 -47.021501 28.430549 4.516550 0.000000
68033 -47.362875 28.029466 4.603301 0.000000
68034 -47.391322 27.923056 5.152118 0.000000
68035 -47.679471 27.593822 4.661744 0.000000
68036 -47.924490 26.247782 4.376835 0.000000
68037 -48.056634 26.603391 4.744843 0.000000
68038 -48.086918 26.071341 4.773151 0.000000
68039 -48.154825 25.831237 5.163076 0.000000
68040 -48.001574 25.531106 4.852597 0.000000
68041 -47.809781 24.948125 4.943915 0.000000
68042 -47.660200 25.253713 4.658092 0.000000
68043 -46.268092 25.136389 4.134844 0.000000
68044 -46.533299 24.859905 4.504679 0.000000
68045 -45.834033 24.728939 4.490981 0.000000
68046 -45.401810 24.296023 4.834334 0.000000
68048 -45.037494 25.781215 2.547751 0.000000
68049 -45.273336 25.661163 2.995205 0.000000
68050 -44.512586 25.530197 3.007989 0.000000
68051 -42.967227 24.826254 3.893766 0.000000
68052 -43.693105 24.959039 3.849934 0.000000
73380 -43.523336 16.434422 18.312756 0.000000
73381 -43.942712 16.057894 18.793085 0.000000
73382 -44.223519 16.502633 18.401334 0.000000
73383 -45.806503 17.126541 17.898176 0.000000
73384 -45.586262 16.669069 18.373025 0.000000
73385 -46.220373 16.806402 18.299972 0.000000
73386 -46.603042 16.482625 18.645151 0.000000
73387 -46.866414 16.940096 18.157517 0.000000
73388 -47.450053 17.134726 17.980361 0.000000
73389 -47.048113 17.485788 17.672622 0.000000
73390 -47.033430 18.980984 16.559465 0.000000
73391 -47.420688 18.545340 16.765842 0.000000
73392 -47.653777 19.040101 16.448058 0.000000
73393 -48.279629 19.077390 16.311083 0.000000
73394 -47.892371 19.520310 16.153104 0.000000
73398 -33.258260 34.253992 6.740124 0.000000
73399 -32.837966 33.646455 7.178447 0.000000
73400 -33.310567 33.553687 6.730079 0.000000
73401 -33.448218 32.919775 6.810439 0.000000
73402 -33.761144 33.504575 6.339242 0.000000
73403 -34.491611 36.333987 5.407806 0.000000
73405 -34.543000 35.700985 5.339318 0.000000
73406 -35.415706 34.210336 4.975876 0.000000
73407 -34.811878 34.406785 5.258959 0.000000
73408 -35.112874 33.800158 5.293659 0.000000
73409 -34.881621 33.325406 5.697282 0.000000
73410 -35.493708 33.244462 5.386803 0.000000
73411 -35.943367 32.782442 5.598659 0.000000
73412 -36.218669 33.161698 5.178600 0.000000
73413 -37.931962 33.432725 4.415188 0.000000
73414 -37.705297 33.038008 4.786849 0.000000
73415 -38.388962 32.997991 4.562209 0.000000
73416 -38.949660 32.575079 4.777717 0.000000
73417 -39.076299 32.923413 4.258122 0.000000
73434 -38.399057 34.674174 3.092914 0.000000
73435 -39.006556 34.619605 2.829921 0.000000
73436 -40.430782 33.235367 2.549577 0.000000
73437 -39.891191 33.379066 2.892016 0.000000
73438 -40.315155 32.826098 2.942241 0.000000
73439 -40.238989 32.543247 3.492884 0.000000
73440 -40.740038 32.219470 3.056387 0.000000
73441 -41.218144 31.661045 3.223498 0.000000
73442 -41.266781 31.946624 2.630849 0.000000
73443 -42.546016 32.023931 1.272962 0.000000
73444 -42.467096 31.469144 1.661973 0.000000
73445 -43.110384 31.369100 1.202648 0.000000
73446 -43.660069 30.777025 1.240088 0.000000
73447 -43.776613 31.244501 0.734190 0.000000
73448 -42.560698 33.539135 -0.354311 0.000000
73449 -42.668984 33.404531 0.086751 0.000000
73450 -43.248952 33.171703 -0.294955 0.000000
73451 -44.971422 31.579192 -0.872079 0.000000
73452 -44.444678 31.971180 -0.401796 0.000000
73453 -44.959492 31.256324 -0.456586 0.000000
73454 -44.893420 30.868883 -0.078533 0.000000
73455 -45.342161 30.525097 -0.499505 0.000000
73456 -45.738596 29.881180 -0.396317 0.000000
73457 -45.721160 30.174035 -0.872993 0.000000
73458 -45.972602 29.750214 -1.989802 0.000000
73459 -46.085475 29.476459 -1.597138 0.000000
73460 -45.995544 29.142677 -1.833650 0.000000
73461 -45.885423 28.519679 -1.650102 0.000000
73462 -45.667935 28.851642 -1.992542 0.000000
73464 -45.513766 29.100841 -2.292975 0.000000
73465 -45.343997 30.170397 -3.112091 0.000000
73466 -45.234794 29.652899 -2.883798 0.000000
73467 -45.089802 29.958487 -3.201582 0.000000
73468 -44.750263 29.769313 -3.286507 0.000000
73469 -45.021894 30.265893 -3.511147 0.000000
73471 -44.912691 31.586468 -3.443573 0.000000
84512 -40.495937 20.091467 17.685407 0.000000
84513 -42.068826 20.745388 17.159420 0.000000
84514 -41.853173 20.226981 17.392278 0.000000
84515 -42.565287 20.368861 17.195946 0.000000
84516 -43.025040 19.867733 17.048013 0.000000
84517 -43.212245 20.450714 16.979525 0.000000
84518 -42.273467 22.099613 15.048165 0.000000
84519 -42.298244 21.899526 15.737610 0.000000
84520 -42.979157 21.940453 15.413434 0.000000
84521 -44.799817 21.561197 15.683733 0.000000
84522 -44.140929 21.511176 16.005170 0.000000
84523 -44.655743 21.166480 16.192370 0.000000
84524 -44.528187 20.669901 16.527504 0.000000
84525 -45.184322 20.756302 16.247161 0.000000
84526 -45.702806 20.323386 16.251726 0.000000
84527 -45.818433 20.831789 15.964990 0.000000
84528 -47.230730 21.399309 14.875576 0.000000
84529 -47.063714 20.980945 15.399737 0.000000
84530 -47.687730 20.990040 15.128525 0.000000
84531 -48.130966 20.514378 15.323943 0.000000
84532 -48.264946 20.961846 14.832657 0.000000
84551 -38.298113 27.147264 10.164520 0.000000
84554 -38.400892 25.883987 10.817438 0.000000
84556 -42.629524 30.576938 5.925575 0.000000
84557 -41.907316 30.752468 6.353852 0.000000
84558 -42.644206 30.434148 6.552924 0.000000
84559 -43.035135 29.658356 7.424090 0.000000
84560 -42.369823 29.956668 7.363821 0.000000
84561 -42.179864 29.683822 7.679779 0.000000
84562 -41.235580 29.672908 7.862413 0.000000
84563 -41.924752 29.364592 8.030437 0.000000
84564 -45.632146 28.269570 7.559240 0.000000
84565 -45.002623 28.666106 7.559240 0.000000
84566 -44.889749 28.283212 7.980212 0.000000
84567 -43.213163 27.511968 8.935390 0.000000
84568 -43.285659 28.153156 8.694313 0.000000
84569 -42.493708 28.004910 8.969178 0.000000
84570 -41.698087 28.405084 8.876947 0.000000
84571 -41.639356 27.813917 9.195644 0.000000
84572 -40.795098 27.638387 9.361842 0.000000
84573 -41.562271 27.185462 9.391063 0.000000
84574 -42.418459 25.343752 9.692410 0.000000
84575 -41.563189 25.811228 9.774596 0.000000
84576 -41.621920 25.154579 10.071377 0.000000
84577 -40.845570 24.993600 10.432080 0.000000
84578 -41.729288 24.511572 10.390987 0.000000
84579 -41.705428 24.024087 10.769040 0.000000
84580 -42.459754 24.143230 10.399205 0.000000
84581 -44.496068 23.627551 10.369071 0.000000
84582 -43.869298 23.503861 10.673157 0.000000
84583 -44.587835 23.222829 10.954414 0.000000
84584 -44.715392 22.935432 11.670341 0.000000
84585 -45.305454 23.019104 11.327902 0.000000
84586 -46.985711 23.830366 8.813938 0.000000
84587 -46.396566 23.852194 9.236737 0.000000
84588 -46.953593 23.482942 9.416632 0.000000
84589 -47.601469 22.655310 11.124264 0.000000
84590 -47.053619 22.939979 10.846660 0.000000
84591 -47.114186 22.708060 11.580850 0.000000
84592 -46.648008 22.676228 12.000910 0.000000
84593 -47.218800 22.441580 12.329652 0.000000
84594 -47.279366 22.270597 13.109501 0.000000
84595 -47.769403 22.195110 12.618214 0.000000
84596 -49.073415 21.305632 12.561597 0.000000
84597 -48.699922 21.478434 13.058363 0.000000
84598 -49.068826 21.036424 13.242824 0.000000
84599 -49.089933 20.727198 13.911266 0.000000
84600 -49.393682 20.547120 13.356057 0.000000
84601 -49.572628 20.084191 13.453767 0.000000
84602 -49.575381 20.335210 12.776193 0.000000
84603 -49.530415 20.190601 10.853052 0.000000
84604 -49.620347 19.949587 11.546150 0.000000
84605 -49.444154 19.749500 10.948022 0.000000
84606 -49.261537 19.307490 10.986375 0.000000
84607 -49.089933 19.582155 10.353547 0.000000
84608 -48.803619 20.926376 7.995736 0.000000
84609 -48.999083 20.805414 8.698879 0.000000
84610 -48.703593 20.573495 8.155541 0.000000
84611 -47.602387 19.852272 8.271514 0.000000
84612 -48.178685 19.979600 8.606648 0.000000
84613 -47.822628 19.683108 8.808459 0.000000
84614 -47.992397 19.466650 9.374626 0.000000
84615 -47.355533 19.397529 9.039492 0.000000
84616 -46.944416 19.064657 9.360015 0.000000
84617 -46.744364 19.321132 8.792936 0.000000
84618 -45.192581 19.258378 7.917203 0.000000
84619 -45.402728 19.092851 8.412143 0.000000
84620 -44.772287 18.962794 8.316260 0.000000
84621 -44.383194 18.636289 8.705271 0.000000
84622 -44.162035 18.804544 8.210332 0.000000
84623 -47.198611 23.745784 5.150291 0.000000
84624 -47.450053 23.261937 5.301878 0.000000
84625 -46.928816 23.190997 5.270830 0.000000
84626 -45.643158 22.198748 5.696368 0.000000
84627 -46.304799 22.244222 5.624228 0.000000
84628 -45.936813 21.777655 5.844302 0.000000
84629 -46.216703 21.352016 6.020545 0.000000
84630 -45.544967 21.322912 6.079901 0.000000
84631 -42.908496 22.098704 6.188568 0.000000
84633 -43.194809 21.744004 6.360245 0.000000
84634 -43.380179 20.592594 6.815918 0.000000
84635 -43.810567 20.976398 6.590364 0.000000
84636 -44.051915 20.558034 6.672550 0.000000
84637 -44.699791 20.528021 6.562969 0.000000
84638 -44.290510 20.156041 6.705424 0.000000
84639 -44.502492 19.802250 6.785783 0.000000
84640 -43.835344 19.774056 6.874361 0.000000
84641 -42.378082 18.868208 7.309031 0.000000
84642 -43.013110 18.966432 7.267025 0.000000
84643 -42.646959 18.600819 7.598506 0.000000
84644 -42.867201 18.414374 8.031350 0.000000
93078 -48.934846 18.259761 16.579555 0.000000
93080 -49.362481 18.277951 16.180499 0.000000
93082 -49.800211 18.077864 15.085605 0.000000
93092 -46.287363 28.118595 -0.744235 0.000000
93093 -46.431438 27.921237 -0.205464 0.000000
93094 -46.205690 27.613830 -0.430104 0.000000
93095 -46.010226 27.124527 -0.106841 0.000000
93096 -45.657840 26.712529 0.365269 0.000000
93097 -45.249477 26.438774 0.778023 0.000000
93098 -45.031988 26.564283 0.293128 0.000000
96393 -41.057552 23.077311 12.129667 0.000000
96394 -41.806372 23.147342 11.734263 0.000000
96395 -38.493577 31.891146 5.772162 0.000000
96397 -39.067122 31.508252 6.118254 0.000000
96399 -40.285790 30.820680 6.738298 0.000000
96400 -47.926325 26.425131 5.901832 0.000000
96401 -47.615234 26.710710 6.330110 0.000000
96402 -47.858417 26.106811 6.247924 0.000000
96403 -47.817122 25.628421 6.535574 0.000000
96404 -47.829052 25.121837 6.860663 0.000000
96405 -47.823546 24.622529 7.177534 0.000000
96406 -48.103436 24.426990 6.759301 0.000000
96407 -48.226404 23.772159 6.637849 0.000000
96408 -48.375984 23.117329 6.624151 0.000000
96409 -48.486105 22.506154 6.680768 0.000000
96410 -48.338360 22.866311 6.285365 0.000000
96411 -48.100683 22.698056 6.006847 0.000000
96412 -47.787757 22.540714 5.783120 0.000000
100715 -43.594914 30.085815 2.535879 0.000000
100716 -43.616938 30.004870 3.312989 0.000000
100717 -44.320793 29.779318 2.848184 0.000000
100718 -45.026482 29.428256 3.028079 0.000000
100719 -45.667935 29.104479 3.159576 0.000000
100720 -47.137127 27.357355 2.035461 0.000000
100721 -47.193105 27.713874 2.418993 0.000000
100722 -47.295885 27.270044 2.614412 0.000000
100723 -47.484007 27.223661 3.162315 0.000000
100724 -47.655612 27.176367 3.702000 0.000000
100725 -47.810698 27.174548 4.228901 0.000000
100726 -47.749214 26.779831 3.866371 0.000000
100727 -47.737285 26.381476 3.997868 0.000000
100728 -47.626246 25.927642 4.125712 0.000000
100729 -47.460148 25.521102 4.346700 0.000000
100730 -47.183011 25.687538 3.975952 0.000000
100731 -46.614054 25.504731 3.849934 0.000000
100732 -45.945072 25.363761 3.793317 0.000000
100734 -43.767437 25.407416 3.029905 0.000000
103931 -44.687861 15.430349 19.815838 0.000000
103932 -43.969324 17.373012 17.629703 0.000000
103933 -44.459361 16.945553 17.993146 0.000000
103934 -44.664002 17.435766 17.585871 0.000000
103935 -45.277924 17.549452 17.491814 0.000000
103936 -45.955166 17.689513 17.425153 0.000000
103937 -46.586524 17.851402 17.340228 0.000000
103938 -46.179996 18.272494 16.989570 0.000000
103939 -46.425932 18.894583 16.647130 0.000000
103940 -46.629655 19.360240 16.391442 0.000000
103945 -33.573021 34.872442 6.341981 0.000000
103946 -35.181700 35.881063 4.615173 0.000000
103947 -34.933928 35.474523 4.985920 0.000000
103948 -35.413871 35.247151 4.632523 0.000000
103949 -35.728632 34.655075 4.664484 0.000000
103950 -36.090195 34.090284 4.711056 0.000000
103951 -36.503147 33.562782 4.806939 0.000000
103952 -36.811485 33.994788 4.491894 0.000000
103953 -37.525433 33.920210 4.256296 0.000000
103954 -38.157709 33.827442 3.943991 0.000000
103963 -39.439697 35.074348 1.491210 0.000000
103965 -39.641584 34.537751 2.534966 0.000000
103966 -40.214212 34.400419 2.206224 0.000000
103967 -40.616152 33.743770 2.230880 0.000000
103968 -40.925407 33.052560 2.155086 0.000000
103969 -41.349372 32.390454 2.146868 0.000000
103970 -41.426456 32.873391 1.789818 0.000000
103971 -42.012848 32.716050 1.376151 0.000000
103972 -42.634112 32.573260 0.943307 0.000000
103973 -43.729812 32.824279 -1.219998 0.000000
103974 -43.804143 32.861568 -0.770717 0.000000
103975 -44.313451 32.404096 -1.239175 0.000000
103976 -44.865890 31.831119 -1.302184 0.000000
103977 -45.346750 31.165375 -1.327752 0.000000
103978 -45.715654 30.485989 -1.272049 0.000000
103979 -45.642240 30.774296 -1.714024 0.000000
103980 -45.814762 30.382307 -2.062856 0.000000
103981 -45.779891 29.943025 -2.291149 0.000000
103982 -45.629393 29.624705 -2.472870 0.000000
103983 -45.637652 30.207686 -2.630849 0.000000
103984 -45.490824 30.447790 -2.943154 0.000000
103985 -45.371527 30.662429 -3.257285 0.000000
110604 -38.558732 22.722612 15.850844 0.000000
110605 -38.688123 22.435214 16.304690 0.000000
110606 -38.730336 22.065962 16.681830 0.000000
110608 -39.256162 21.696711 16.805109 0.000000
110611 -40.724437 20.564400 17.454374 0.000000
110612 -40.929078 20.980945 17.160333 0.000000
110613 -41.534741 21.081898 16.953956 0.000000
110614 -42.175276 21.180123 16.777714 0.000000
110615 -43.704117 22.098704 14.365113 0.000000
110616 -43.690352 21.976833 15.081953 0.000000
110617 -44.363923 22.002298 14.766908 0.000000
110618 -44.952151 21.858600 15.146788 0.000000
110619 -45.490824 21.636685 15.386039 0.000000
110620 -45.944154 21.318365 15.542192 0.000000
110621 -46.121265 21.691254 15.032641 0.000000
110622 -46.737940 21.736728 14.632672 0.000000
110623 -47.308732 21.762194 14.270143 0.000000
110635 -37.514421 28.201359 9.700629 0.000000
110636 -38.305454 27.745706 9.823907 0.000000
110637 -39.122182 27.290963 9.884176 0.000000
110638 -43.996855 29.923017 6.146562 0.000000
110639 -43.304012 30.106733 6.673463 0.000000
110640 -43.974830 29.770223 6.668897 0.000000
110641 -43.869298 29.611972 7.105393 0.000000
110642 -43.678422 29.353678 7.444180 0.000000
110643 -45.487153 27.248217 8.127233 0.000000
110644 -44.849372 27.762986 8.309867 0.000000
110645 -44.739251 27.149083 8.457801 0.000000
110646 -43.961065 27.014479 8.773759 0.000000
110647 -43.175538 26.848043 9.034013 0.000000
110648 -42.354222 26.707982 9.243129 0.000000
110649 -43.165444 26.206855 9.099761 0.000000
110650 -43.155350 25.527468 9.337186 0.000000
110651 -43.158103 24.860815 9.665015 0.000000
110652 -43.153514 24.304209 10.033937 0.000000
110653 -43.807814 24.450636 9.725284 0.000000
110654 -44.460279 24.074109 9.843084 0.000000
110655 -45.122838 23.743056 10.035763 0.000000
110656 -47.975879 23.078221 9.066887 0.000000
110657 -47.511537 23.202821 9.561827 0.000000
110658 -47.977715 22.836298 9.871392 0.000000
110659 -48.038281 22.579822 10.628412 0.000000
110660 -48.104353 22.349722 11.381779 0.000000
110661 -48.194285 22.137812 12.143364 0.000000
110662 -48.586131 21.979561 11.606419 0.000000
110663 -48.995413 21.561197 11.825581 0.000000
110664 -49.290903 21.123734 11.986299 0.000000
110665 -49.518486 20.624426 12.055700 0.000000
110666 -49.426718 20.890906 11.359863 0.000000
110667 -49.487285 20.662625 10.758995 0.000000
110668 -49.372576 20.436163 10.141691 0.000000
110669 -48.093341 20.652620 7.204016 0.000000
110670 -48.292476 20.459809 7.759225 0.000000
110671 -47.775827 20.308834 7.471575 0.000000
110672 -47.395911 19.999609 7.740961 0.000000
110673 -46.981123 19.744953 8.000302 0.000000
110674 -46.560829 19.523948 8.259643 0.000000
110675 -46.296540 19.657642 7.734569 0.000000
110676 -45.617463 19.549413 7.612204 0.000000
110677 -44.976928 19.373882 7.459704 0.000000
110678 -45.999214 23.502951 5.159423 0.000000
110679 -46.326823 23.112781 5.298225 0.000000
110680 -45.688124 23.090954 5.333839 0.000000
110681 -45.328396 22.591646 5.552087 0.000000
110682 -44.963163 22.185105 5.790425 0.000000
110683 -42.155087 21.344740 6.753822 0.000000
110684 -42.823152 21.370205 6.626891 0.000000
110685 -42.468931 20.950932 6.857010 0.000000
110686 -42.728632 20.558034 6.906322 0.000000
110687 -42.964474 20.144217 6.930064 0.000000
110688 -43.176456 19.734948 6.955633 0.000000
110689 -42.544180 19.711302 7.034166 0.000000
110690 -42.127557 19.252921 7.192145 0.000000
110691 -41.746723 18.754522 7.415872 0.000000
110692 -41.460410 18.272494 7.669734 0.000000
110693 -41.155743 18.577172 7.500797 0.000000
110694 -40.650106 18.453482 7.624988 0.000000
117342 -48.136472 16.443517 18.261618 0.000000
117374 -45.795491 29.322756 0.683053 0.000000
117375 -45.886341 29.153591 1.371585 0.000000
117376 -46.252492 28.858008 0.841945 0.000000
117377 -46.628737 28.453286 1.023666 0.000000
117378 -46.883850 28.004000 1.242827 0.000000
117379 -46.601207 27.772081 0.325089 0.000000
117380 -46.791165 27.606554 0.893082 0.000000
117381 -47.033430 27.455580 1.446465 0.000000
117382 -46.957264 27.015388 1.732288 0.000000
117383 -46.778318 26.649775 1.948710 0.000000
117384 -46.608548 26.343278 2.254622 0.000000
117385 -46.362612 26.071341 2.620804 0.000000
117386 -46.053357 26.125001 2.180655 0.000000
117387 -45.406398 25.984940 2.131344 0.000000
117388 -44.748428 25.884896 2.113994 0.000000
117389 -44.811747 26.185027 1.206301 0.000000
117390 -44.363006 25.955836 1.672932 0.000000
119873 -42.865365 15.583142 19.134611 0.000000
119874 -42.496461 15.936023 18.590360 0.000000
119875 -42.795622 16.389857 18.265271 0.000000
119876 -43.047982 16.860062 17.946574 0.000000
119877 -41.864185 17.325719 17.788595 0.000000
119878 -42.582722 17.311167 17.718281 0.000000
119879 -43.265470 17.330266 17.675362 0.000000
119880 -43.515077 17.830484 17.359404 0.000000
119881 -43.749083 18.324335 17.033402 0.000000
119882 -43.984007 18.803634 16.825199 0.000000
119890 -35.114710 36.461315 4.668136 0.000000
119891 -35.415706 36.231215 4.231640 0.000000
119892 -35.776351 35.984744 3.818886 0.000000
119893 -36.188386 35.782838 3.443573 0.000000
119905 -41.510882 34.132120 0.388098 0.000000
119911 -43.030546 33.165336 -1.182558 0.000000
119912 -43.582985 32.834283 -1.626360 0.000000
119913 -44.105140 32.522329 -2.015371 0.000000
119914 -44.576823 32.103056 -2.423559 0.000000
119915 -44.878737 31.738352 -2.793394 0.000000
119916 -44.378606 32.190367 -2.814397 0.000000
119917 -44.141847 32.204009 -3.204321 0.000000
125076 -42.132146 22.299701 13.703063 0.000000
125077 -42.925014 22.179648 14.041850 0.000000
125078 -43.662822 22.238765 13.687539 0.000000
125079 -44.326299 22.316071 13.415413 0.000000
125080 -44.907185 22.422481 13.167031 0.000000
125090 -38.743184 29.711106 8.064224 0.000000
125091 -39.438779 29.441898 8.239553 0.000000
125092 -46.487416 28.550602 6.111862 0.000000
125093 -45.873493 28.780702 6.625978 0.000000
125094 -46.387389 28.373252 6.637849 0.000000
125095 -46.255245 28.101315 7.066127 0.000000
125096 -46.187337 27.771172 7.451485 0.000000
125097 -47.215129 26.881694 6.778478 0.000000
125098 -46.670950 27.100880 7.282549 0.000000
125099 -46.124018 27.275501 7.733656 0.000000
125100 -45.985449 26.627037 7.929075 0.000000
125101 -45.931307 25.955836 8.114449 0.000000
125102 -45.873493 25.317377 8.357352 0.000000
125103 -45.813845 24.733486 8.681528 0.000000
125104 -46.418590 24.756224 8.295257 0.000000
125105 -46.996724 24.257825 8.304388 0.000000
125106 -47.517043 23.802172 8.394792 0.000000
125107 -47.827216 24.157782 7.498057 0.000000
125108 -47.896042 23.709405 7.940946 0.000000
125109 -47.937337 23.368347 8.430406 0.000000
125110 -48.303488 22.867220 8.597517 0.000000
125111 -48.631097 22.390649 8.761888 0.000000
125112 -48.890798 21.925902 8.907995 0.000000
125113 -49.068826 21.473887 9.055929 0.000000
125114 -48.923834 21.659422 8.330870 0.000000
125115 -48.825643 21.402037 7.738222 0.000000
125116 -48.617332 21.196493 7.344644 0.000000
125117 -48.505376 21.943182 6.751996 0.000000
125118 -48.423703 21.437507 6.843313 0.000000
125119 -48.324595 20.986402 6.972070 0.000000
125120 -47.873100 20.818147 6.732819 0.000000
125121 -47.339015 20.688090 6.574840 0.000000
125122 -46.718669 20.588956 6.456128 0.000000
125124 -43.676587 22.873587 5.556653 0.000000
125125 -42.993839 22.834479 5.667147 0.000000
125126 -42.610253 22.456132 5.978539 0.000000
125127 -42.236760 22.088700 6.281712 0.000000
125130 -41.841244 21.731271 6.608628 0.000000
125131 -41.509964 21.306541 6.878013 0.000000
125132 -41.180520 20.829061 7.134615 0.000000
125133 -40.817122 20.346123 7.361995 0.000000
134540 -41.353042 31.423669 4.715621 0.000000
134541 -41.375066 31.298160 5.423330 0.000000
134542 -41.911904 31.021676 4.960352 0.000000
134543 -42.560698 30.655153 5.203255 0.000000
134544 -43.274647 30.305911 5.402327 0.000000
134545 -43.714212 29.978495 4.046266 0.000000
134546 -43.895911 29.934840 4.754888 0.000000
134547 -43.964736 29.994866 5.500036 0.000000
134548 -44.647484 29.687460 5.512821 0.000000
134549 -45.337573 29.389148 5.531997 0.000000
134550 -46.016650 29.086289 5.578569 0.000000
134551 -46.024909 28.978060 2.020850 0.000000
134552 -46.163478 28.851642 2.668289 0.000000
134553 -46.268092 28.795253 3.269157 0.000000
134554 -47.045360 28.072212 2.884711 0.000000
134555 -46.812272 28.440554 3.374171 0.000000
134556 -46.401155 28.823447 3.877329 0.000000
134557 -46.514028 28.829814 4.450802 0.000000
134558 -46.579183 28.785249 5.016055 0.000000
134559 -46.577348 28.703395 5.581309 0.000000
134560 -46.993053 28.266842 5.612357 0.000000
134561 -47.395911 27.773900 5.603225 0.000000
134562 -47.747379 27.212747 5.537476 0.000000
134563 -47.917148 27.119070 4.718361 0.000000
134564 -48.004327 26.976280 5.144812 0.000000
134565 -47.992397 26.657960 5.507342 0.000000
134566 -48.108024 26.124091 5.538390 0.000000
134567 -48.130048 25.533835 5.525605 0.000000
134568 -48.086000 24.882642 5.479947 0.000000
134569 -47.949267 24.143230 5.441593 0.000000
134570 -47.878606 24.566141 5.234303 0.000000
134571 -47.479419 24.336041 5.045277 0.000000
134572 -46.955428 24.157782 4.986834 0.000000
134573 -47.178423 25.021794 4.566774 0.000000
134574 -46.759047 24.512481 4.788675 0.000000
134575 -46.352518 23.989527 4.985007 0.000000
134576 -45.676194 23.891302 5.031579 0.000000
134577 -45.043000 23.850375 5.100067 0.000000
134578 -44.413478 23.795806 5.120157 0.000000
134579 -45.985449 25.809409 3.021687 0.000000
134580 -45.583509 25.579309 3.449965 0.000000
134581 -45.261406 25.291911 3.836237 0.000000
134582 -44.087704 25.253713 3.425309 0.000000
134583 -44.438255 25.111833 3.827105 0.000000
134584 -44.829183 24.948125 4.234380 0.000000
141207 -43.603173 15.642259 19.225015 0.000000
141208 -44.332722 15.733208 19.328204 0.000000
141209 -45.051259 15.841437 19.376602 0.000000
141210 -44.936550 16.562659 18.432382 0.000000
141211 -45.326561 16.259800 18.828698 0.000000
141212 -45.715654 15.978769 19.228668 0.000000
141214 -46.968276 16.162485 18.913623 0.000000
141215 -47.555586 16.333469 18.561139 0.000000
141216 -47.802439 16.775479 18.218699 0.000000
141217 -48.040116 17.272968 17.798640 0.000000
141218 -48.264946 17.767729 17.318312 0.000000
141219 -47.224306 18.039666 17.201426 0.000000
141220 -47.873100 18.169722 17.058057 0.000000
141221 -48.445727 18.225201 16.889121 0.000000
141222 -48.621920 18.663573 16.488238 0.000000
141223 -48.809125 19.092851 16.059047 0.000000
141224 -48.977977 19.475745 15.622551 0.000000
141238 -33.916230 34.704187 5.931967 0.000000
141239 -34.618249 35.050702 5.271743 0.000000
141240 -34.300735 34.513195 5.542042 0.000000
141241 -34.040116 34.022073 5.917356 0.000000
141242 -34.291558 33.402712 6.002281 0.000000
141243 -34.650368 32.834283 6.173044 0.000000
141244 -35.016519 32.283134 6.372116 0.000000
141245 -35.695596 32.292229 6.119167 0.000000
141246 -36.472864 32.318604 5.910964 0.000000
141247 -37.209754 32.256759 5.706413 0.000000
141248 -36.993184 33.088030 4.996879 0.000000
141249 -37.430913 32.625101 5.198690 0.000000
141250 -37.941139 32.253121 5.478120 0.000000
141251 -38.688123 32.237660 5.242522 0.000000
141252 -39.516781 32.166720 5.099154 0.000000
141253 -40.182093 32.026659 4.824289 0.000000
141271 -37.218931 35.218957 3.239022 0.000000
141272 -37.808076 34.761485 3.363213 0.000000
141273 -38.339408 34.243078 3.479186 0.000000
141274 -38.789985 33.718304 3.602464 0.000000
141275 -39.513110 34.029348 2.892016 0.000000
141276 -39.374542 33.520036 3.217106 0.000000
141277 -39.209361 33.235367 3.711132 0.000000
141278 -39.689303 32.780623 3.876416 0.000000
141279 -40.206870 32.289501 4.127539 0.000000
141280 -40.777662 31.832029 4.422493 0.000000
141281 -41.237416 31.483696 3.947644 0.000000
141282 -41.773336 31.141729 3.421656 0.000000
141283 -42.375329 30.794305 2.887451 0.000000
141284 -41.843997 31.714705 2.166045 0.000000
141285 -42.396435 31.075336 2.222661 0.000000
141286 -42.992004 30.523278 2.334981 0.000000
141287 -43.595832 30.376850 1.849174 0.000000
141288 -44.216178 30.269531 1.378890 0.000000
141289 -44.791558 30.119466 0.955178 0.000000
141290 -42.137652 33.716485 0.509550 0.000000
141291 -42.729550 33.042556 0.504984 0.000000
141292 -43.252623 32.407734 0.455673 0.000000
141293 -43.851862 32.626920 -0.342440 0.000000
141294 -43.859204 32.249483 0.047485 0.000000
141295 -43.816073 31.763817 0.357964 0.000000
141296 -44.386865 31.105349 0.285823 0.000000
141297 -44.849372 30.469618 0.353398 0.000000
141298 -45.324726 29.878452 0.520508 0.000000
141299 -45.754196 29.629253 0.133323 0.000000
141300 -46.067122 29.321846 -0.272125 0.000000
141301 -46.257998 28.931676 -0.661137 0.000000
141302 -45.988202 29.833887 -1.241914 0.000000
141303 -46.178160 29.164505 -1.192603 0.000000
141304 -46.275434 28.609718 -1.010882 0.000000
141305 -46.102911 28.262294 -1.245567 0.000000
141306 -45.700971 27.993996 -1.383456 0.000000
141312 -45.361432 29.349131 -2.587930 0.000000
141313 -44.977846 29.112664 -2.632676 0.000000
141318 -45.081543 31.408208 -3.089262 0.000000
141319 -45.223782 31.139000 -3.362300 0.000000
141320 -45.267830 30.862516 -3.596985 0.000000
154661 -41.395255 19.151968 17.538386 0.000000
154662 -41.140142 20.148765 17.537473 0.000000
154663 -41.614579 19.694931 17.470811 0.000000
154664 -42.125722 19.203808 17.334749 0.000000
154665 -42.835082 19.296576 17.090932 0.000000
154666 -43.516912 19.376611 16.831591 0.000000
154667 -44.178554 19.451189 16.709226 0.000000
154668 -41.671474 21.817673 15.982341 0.000000
154669 -42.221160 21.583025 16.269990 0.000000
154670 -42.789199 21.311089 16.579555 0.000000
154671 -43.605009 21.765832 15.732131 0.000000
154672 -43.474699 21.446602 16.311996 0.000000
154673 -43.361826 21.023691 16.801456 0.000000
154674 -43.876640 20.543482 16.800543 0.000000
154675 -44.384112 20.089648 16.648956 0.000000
154676 -44.829183 19.564874 16.559465 0.000000
154677 -45.515601 19.749500 16.435274 0.000000
154678 -46.173572 19.824988 16.276382 0.000000
154679 -46.755376 19.909570 16.079137 0.000000
154680 -46.395649 20.924557 15.645380 0.000000
154681 -46.858155 20.472542 15.756787 0.000000
154682 -47.375722 19.997790 15.935769 0.000000
154683 -48.007080 20.026894 15.757700 0.000000
154684 -48.569613 19.993243 15.488314 0.000000
154685 -49.046802 19.934126 15.131264 0.000000
154710 -37.641060 25.750292 11.221060 0.000000
154711 -38.431175 25.276450 11.156225 0.000000
154712 -39.256162 24.746219 11.106001 0.000000
154713 -41.325512 31.096254 6.073509 0.000000
154715 -41.004327 30.525097 7.009510 0.000000
154716 -42.523074 30.219509 7.026860 0.000000
154717 -41.687075 30.260436 7.217713 0.000000
154718 -40.784086 30.231333 7.366560 0.000000
154719 -40.560174 29.946663 7.703521 0.000000
154720 -40.346356 29.565588 8.024958 0.000000
154721 -40.154563 29.093565 8.469673 0.000000
154722 -45.121002 28.940771 7.109959 0.000000
154723 -44.324463 29.008983 7.488926 0.000000
154724 -43.524254 29.018987 7.845063 0.000000
154725 -44.049162 28.245924 8.389313 0.000000
154726 -43.415051 28.622451 8.319912 0.000000
154727 -42.663478 29.018078 8.194808 0.000000
154728 -41.736629 28.942590 8.466933 0.000000
154729 -40.901548 28.746141 8.699792 0.000000
154730 -40.064631 28.583343 8.947262 0.000000
154731 -39.995806 28.073121 9.299746 0.000000
154732 -39.971029 27.468313 9.615704 0.000000
154733 -39.951757 26.829853 9.880524 0.000000
154734 -41.567777 26.501528 9.531692 0.000000
154735 -40.751050 26.332364 9.817515 0.000000
154736 -39.950840 26.144100 10.129820 0.000000
154737 -39.992135 25.461985 10.428427 0.000000
154738 -40.049948 24.851720 10.748950 0.000000
154739 -40.103173 24.291476 11.068561 0.000000
154740 -40.921737 23.917677 11.144354 0.000000
154741 -41.741217 23.569344 11.211929 0.000000
154742 -42.521238 23.281946 11.325162 0.000000
154743 -43.165444 23.824909 10.489610 0.000000
154744 -43.214998 23.416550 10.956241 0.000000
154745 -43.306765 23.024561 11.591808 0.000000
154746 -44.090457 22.819927 11.985386 0.000000
154747 -44.817253 22.680775 12.407271 0.000000
154748 -45.467882 22.554357 12.787151 0.000000
154749 -45.749608 24.242364 9.130809 0.000000
154750 -45.768879 23.816724 9.673234 0.000000
154751 -45.769796 23.455658 10.320673 0.000000
154752 -46.978370 23.193726 10.111556 0.000000
154753 -46.413084 23.163713 10.572708 0.000000
154754 -45.830363 23.118238 10.996420 0.000000
154755 -45.986367 22.834479 11.731524 0.000000
154756 -46.068957 22.641667 12.421882 0.000000
154757 -46.167148 22.458861 13.193513 0.000000
154758 -46.760882 22.308795 13.545084 0.000000
154759 -47.295885 22.048682 13.740503 0.000000
154760 -47.818957 21.707625 13.956011 0.000000
154761 -48.269534 21.875880 12.850160 0.000000
154762 -48.304406 21.617586 13.539605 0.000000
154763 -48.296147 21.298356 14.189783 0.000000
154764 -48.712770 20.844522 14.393421 0.000000
154765 -49.092686 20.392507 14.576968 0.000000
154766 -49.384505 19.865915 14.638151 0.000000
154767 -49.587311 19.723125 14.100293 0.000000
154768 -49.733221 19.547594 13.516776 0.000000
154769 -49.819482 19.342050 12.848333 0.000000
154770 -49.651548 20.172411 12.166194 0.000000
154771 -49.712114 19.640362 12.192676 0.000000
154772 -49.689172 19.141963 12.193589 0.000000
154773 -49.438648 18.993717 11.568979 0.000000
154774 -49.016519 18.876393 11.007378 0.000000
154776 -49.182618 21.027329 9.201123 0.000000
154777 -49.194547 20.648982 9.414806 0.000000
154778 -49.090850 20.241532 9.570045 0.000000
154779 -48.460410 20.275183 8.391140 0.000000
154780 -48.667804 20.075096 9.033100 0.000000
154781 -48.894469 19.847725 9.718892 0.000000
154782 -48.591637 19.493025 9.839431 0.000000
154783 -48.199791 19.157425 9.959056 0.000000
154784 -47.830887 18.796358 10.188263 0.000000
154785 -47.161904 18.759069 9.931661 0.000000
154786 -46.486498 18.728147 9.654970 0.000000
154788 -46.046933 19.223817 8.557337 0.000000
154789 -45.625722 18.906406 8.918040 0.000000
154794 -47.806110 23.512956 5.477207 0.000000
154795 -47.616152 22.942707 5.531997 0.000000
154796 -47.383063 22.383373 5.613270 0.000000
154797 -46.619560 22.670771 5.424243 0.000000
154798 -46.903121 22.295153 5.558479 0.000000
154799 -47.142633 21.827677 5.791338 0.000000
154800 -46.872838 21.379300 6.035155 0.000000
154801 -46.468145 20.940018 6.213224 0.000000
154802 -46.063451 20.543482 6.403164 0.000000
154803 -43.985843 22.500697 5.756638 0.000000
154806 -43.506818 21.364748 6.501786 0.000000
154807 -44.187730 21.358382 6.336502 0.000000
154808 -44.860384 21.316546 6.194960 0.000000
154809 -45.126508 20.905458 6.333763 0.000000
154810 -45.373362 20.508922 6.430559 0.000000
154811 -45.664264 20.192420 6.610454 0.000000
154812 -45.229288 19.869552 6.814091 0.000000
154813 -44.762193 19.521219 7.039645 0.000000
154814 -44.316204 19.213813 7.335513 0.000000
154815 -43.395780 19.352964 7.038732 0.000000
154816 -43.666493 19.072842 7.226845 0.000000
154817 -43.928947 18.924596 7.698042 0.000000
