#!ascii label  , from subject fsaverage vox2ras=TkReg 
1549
50 -10.360514 -26.742542 59.764384 0.000000
165 -32.033168 -22.260593 46.093282 0.000000
166 -29.837179 -17.404844 42.884395 0.000000
167 -26.069219 -21.181942 51.506567 0.000000
223 -36.327872 -12.466332 30.650626 0.000000
370 -31.451364 -15.347585 35.120604 0.000000
645 -33.440876 -20.231528 51.358633 0.000000
648 -29.320530 -21.705806 49.491196 0.000000
703 -41.757735 -9.170353 33.254993 0.000000
705 -44.355664 -6.825696 30.398591 0.000000
706 -46.068040 -4.988534 27.813400 0.000000
853 -32.063451 -13.139352 43.495307 0.000000
854 -29.691270 -16.000597 38.832650 0.000000
855 -33.843734 -12.448142 39.511137 0.000000
856 -36.810567 -12.462694 36.723222 0.000000
867 -19.861170 -22.577094 51.070071 0.000000
1069 -8.183797 -27.039944 64.329332 0.000000
1449 -31.952413 -19.689474 45.079661 0.000000
1450 -32.189172 -14.537233 47.558923 0.000000
1451 -21.956214 -22.962716 47.707771 0.000000
1453 -25.377295 -23.175536 45.719795 0.000000
1557 -43.618774 -7.707898 22.404681 0.000000
1558 -47.539068 -3.984461 24.648345 0.000000
1821 -33.991479 -14.553604 32.562809 0.000000
1822 -39.444285 -11.080275 34.985455 0.000000
1840 -11.902203 -27.084509 55.261531 0.000000
2111 -4.891190 -32.020293 62.449110 0.000000
2624 -43.110384 -7.968012 31.907151 0.000000
2774 -32.712245 -12.809208 41.315565 0.000000
2788 -18.177242 -24.428808 49.911255 0.000000
2989 -9.433666 -26.798930 62.320353 0.000000
3371 -32.135029 -22.387921 43.127299 0.000000
3372 -32.633325 -21.191036 45.360918 0.000000
3377 -23.808994 -21.724905 49.331391 0.000000
3378 -23.719062 -22.784457 46.674973 0.000000
3379 -25.642502 -21.846776 48.438308 0.000000
3380 -30.793393 -22.126898 47.880360 0.000000
3381 -28.619429 -22.685323 46.361755 0.000000
3382 -30.060174 -23.107325 45.034915 0.000000
3389 -25.182748 -20.904548 53.294558 0.000000
3390 -22.840850 -21.438417 51.130340 0.000000
3546 -40.089408 -8.819291 26.695677 0.000000
3552 -42.564369 -7.925266 23.745218 0.000000
3554 -46.807683 -4.272768 26.282923 0.000000
3996 -30.340981 -15.554948 36.900377 0.000000
4002 -32.715916 -15.066554 33.742627 0.000000
4004 -38.224699 -11.971571 35.715993 0.000000
4040 -15.650892 -24.424261 53.006909 0.000000
4042 -14.515732 -24.563413 54.798553 0.000000
4043 -13.623755 -24.615253 56.772831 0.000000
4044 -12.927242 -27.095423 53.532896 0.000000
4646 -6.227321 -31.983004 60.822750 0.000000
5767 -32.763635 -21.315636 48.855628 0.000000
5768 -33.392240 -20.146946 47.936977 0.000000
5769 -34.212638 -18.867298 50.876478 0.000000
5771 -28.272549 -20.718103 53.551160 0.000000
5772 -27.636603 -21.360201 50.524907 0.000000
5773 -29.911511 -20.898182 52.287329 0.000000
5774 -31.412822 -21.292899 50.574218 0.000000
5871 -38.715654 -10.534583 31.982945 0.000000
5873 -40.075643 -9.227650 30.878006 0.000000
5874 -41.340195 -8.066236 29.465329 0.000000
5875 -42.482696 -7.174030 27.653595 0.000000
5876 -43.359990 -6.481001 26.208956 0.000000
5877 -45.260489 -5.930762 29.125629 0.000000
6141 -30.590588 -15.032903 43.257882 0.000000
6142 -29.413215 -16.598129 40.897332 0.000000
6143 -30.662166 -14.409905 41.048005 0.000000
6144 -31.259571 -13.962437 39.113907 0.000000
6145 -32.313975 -13.633203 37.287562 0.000000
6146 -33.680389 -13.430388 35.772609 0.000000
6147 -35.300997 -12.288073 38.051887 0.000000
6169 -18.667279 -22.538895 52.782269 0.000000
6170 -16.928291 -24.367873 51.408858 0.000000
6465 -47.091244 -5.492389 20.131795 0.000000
6531 -6.609990 -27.036306 65.285423 0.000000
7216 -31.591768 -21.121915 42.780293 0.000000
7217 -30.790640 -18.436202 44.434048 0.000000
7218 -32.827872 -18.546250 47.395466 0.000000
7219 -31.720242 -17.103804 46.494165 0.000000
7220 -30.965916 -15.900553 45.167325 0.000000
7221 -31.909282 -13.711419 45.530768 0.000000
7228 -27.173178 -22.214209 47.508699 0.000000
7241 -21.847011 -21.382029 52.816056 0.000000
7242 -20.980729 -22.673499 49.333217 0.000000
7470 -44.195989 -5.968960 24.634648 0.000000
7471 -45.054012 -5.615170 23.027464 0.000000
7472 -46.025827 -5.523312 21.486943 0.000000
7473 -48.278711 -3.770731 23.051207 0.000000
7517 -9.541033 -29.130854 56.616679 0.000000
7518 -8.527006 -29.283648 58.759894 0.000000
8093 -35.195465 -13.720514 31.629547 0.000000
8094 -35.130310 -13.285779 34.577267 0.000000
8095 -36.471029 -12.692794 33.651310 0.000000
8096 -37.583247 -11.648704 32.916207 0.000000
8097 -40.642764 -10.069835 34.179124 0.000000
8146 -11.073545 -26.938082 57.403833 0.000000
8897 -7.694678 -29.236354 61.275684 0.000000
8898 -6.442973 -29.419161 63.195172 0.000000
8899 -4.845307 -29.347312 63.792386 0.000000
10669 -9.919114 -26.736176 61.066567 0.000000
11050 -31.622969 -22.790823 44.788359 0.000000
11051 -32.131359 -22.362455 44.528105 0.000000
11052 -32.512193 -21.930449 45.628477 0.000000
11057 -24.869822 -21.403856 50.386105 0.000000
11058 -24.607368 -21.759466 48.793532 0.000000
11059 -25.703068 -21.543917 49.814459 0.000000
11060 -31.471553 -22.311524 47.012846 0.000000
11061 -30.470373 -22.507973 46.620182 0.000000
11062 -31.071448 -22.748987 45.547205 0.000000
11063 -30.730074 -23.378352 44.192971 0.000000
11067 -26.769403 -20.916371 53.384049 0.000000
11068 -26.240824 -20.868169 54.232386 0.000000
11069 -25.574594 -21.020053 52.405129 0.000000
11070 -24.508260 -21.228325 51.332151 0.000000
11232 -42.017437 -8.075331 24.384438 0.000000
11673 -29.883981 -18.698134 42.646970 0.000000
11675 -29.471028 -18.270675 41.842465 0.000000
11676 -30.880572 -15.440353 35.953417 0.000000
11678 -30.846618 -16.407137 35.043898 0.000000
11682 -32.080887 -15.260275 34.365411 0.000000
11720 -14.861694 -25.684809 52.432524 0.000000
11721 -15.062664 -24.507024 53.892686 0.000000
11722 -14.247772 -25.769392 53.240681 0.000000
11723 -13.702675 -25.836694 54.043360 0.000000
11724 -13.585213 -26.960819 52.791400 0.000000
13450 -33.110515 -20.856345 50.129503 0.000000
13451 -33.647353 -20.266998 49.622693 0.000000
13452 -33.941007 -19.611258 51.019846 0.000000
13457 -29.383850 -20.409787 54.463419 0.000000
13458 -29.023205 -20.752664 52.880891 0.000000
13459 -30.163871 -20.478908 53.679004 0.000000
13460 -32.588359 -20.263360 52.274545 0.000000
13461 -31.737678 -20.635340 52.151267 0.000000
13462 -32.558994 -20.838156 51.100205 0.000000
13463 -32.129523 -21.354744 49.661959 0.000000
13623 -40.250918 -9.849739 32.616686 0.000000
13624 -39.387389 -9.849739 31.473394 0.000000
13625 -40.900630 -9.272215 32.034995 0.000000
13626 -43.716965 -7.427777 31.187572 0.000000
13627 -42.222077 -8.040771 30.730985 0.000000
13628 -42.831411 -7.477798 29.935612 0.000000
13629 -41.900892 -7.583299 28.557635 0.000000
13630 -43.387521 -6.949387 29.119236 0.000000
13631 -43.816073 -6.553760 28.445315 0.000000
13632 -44.813582 -6.408242 29.771241 0.000000
14073 -31.256818 -14.021554 43.298062 0.000000
14074 -30.558469 -14.677294 42.061627 0.000000
14075 -31.320137 -13.749618 42.227824 0.000000
14076 -33.214211 -12.616397 40.389608 0.000000
14077 -31.965260 -13.301241 40.214279 0.000000
14078 -32.425014 -13.125710 39.314804 0.000000
14079 -31.750525 -13.775083 38.135899 0.000000
14080 -33.027006 -12.986558 38.412590 0.000000
14081 -33.763897 -12.821032 37.612651 0.000000
14082 -34.554930 -12.322633 38.718503 0.000000
14117 -20.211720 -21.985018 52.699170 0.000000
14118 -19.732696 -21.909531 53.606863 0.000000
14119 -19.285790 -22.567090 51.922060 0.000000
14121 -17.567908 -24.385153 50.641793 0.000000
14613 -48.004327 -4.483769 20.771016 0.000000
14615 -48.457657 -4.309147 20.122663 0.000000
14724 -7.374410 -27.125436 64.946636 0.000000
15868 -32.156136 -21.048247 44.045037 0.000000
15869 -32.046015 -21.758556 42.934619 0.000000
15870 -31.630310 -20.376136 43.885232 0.000000
15871 -31.075119 -19.776785 43.684334 0.000000
15872 -31.391715 -19.089213 44.768269 0.000000
15873 -33.609728 -18.759979 48.911332 0.000000
15874 -33.288543 -19.343869 47.863923 0.000000
15875 -33.365627 -17.981458 48.691257 0.000000
15876 -32.581018 -15.128399 48.441961 0.000000
15877 -32.354353 -16.449883 47.783564 0.000000
15878 -31.869822 -15.785048 46.995496 0.000000
15879 -31.301784 -16.446245 45.888731 0.000000
15880 -31.600945 -15.200249 46.343491 0.000000
15881 -31.342161 -14.726406 45.357265 0.000000
15882 -32.049686 -14.071576 46.639359 0.000000
15890 -24.638569 -22.956350 46.198297 0.000000
15895 -28.494626 -21.478434 49.990701 0.000000
15896 -27.353042 -21.744914 48.960643 0.000000
15897 -28.122969 -21.977742 48.432829 0.000000
15899 -27.721028 -23.009100 45.703357 0.000000
15926 -22.961983 -21.072803 53.848854 0.000000
15927 -22.404038 -22.089609 49.316780 0.000000
15928 -21.868118 -22.003208 50.189773 0.000000
15929 -21.522156 -22.741711 48.566152 0.000000
15930 -20.750394 -23.655745 47.969851 0.000000
16413 -44.619954 -5.766145 26.975108 0.000000
16414 -43.764684 -6.220888 25.441892 0.000000
16415 -45.028318 -5.385070 26.169690 0.000000
16416 -47.171081 -4.098146 25.417236 0.000000
16417 -45.788150 -4.901223 24.555202 0.000000
16418 -46.184584 -4.772985 23.739739 0.000000
16419 -45.511013 -5.563329 22.236657 0.000000
16420 -46.634243 -4.689313 22.962629 0.000000
16421 -47.091244 -4.626558 22.135295 0.000000
16422 -47.924490 -3.878051 23.823751 0.000000
17741 -29.453593 -16.282538 39.801525 0.000000
17742 -29.133325 -17.465780 39.955851 0.000000
17761 -34.496199 -14.962873 31.241449 0.000000
17762 -34.650368 -14.190719 32.057825 0.000000
17763 -35.204641 -12.845588 36.243806 0.000000
17764 -34.448480 -13.363995 35.146173 0.000000
17765 -35.916755 -12.844678 35.609152 0.000000
17766 -38.828527 -11.555936 35.343418 0.000000
17767 -37.315287 -12.291711 34.647581 0.000000
17768 -37.886996 -11.883351 34.317013 0.000000
17769 -37.062927 -12.199852 33.260473 0.000000
17770 -38.480730 -11.374948 33.970007 0.000000
17771 -39.077216 -10.844718 33.509769 0.000000
17772 -40.023336 -10.585514 34.601009 0.000000
17885 -12.735449 -25.915819 55.940931 0.000000
17887 -12.350944 -25.833056 56.958205 0.000000
17888 -11.984793 -25.785762 58.131632 0.000000
17889 -11.479156 -27.010841 56.278805 0.000000
17890 -10.661510 -28.113138 55.873357 0.000000
17891 -11.169901 -28.174984 54.933702 0.000000
19690 -7.823152 -30.673343 58.578173 0.000000
19691 -8.142501 -29.250906 60.018246 0.000000
19692 -7.365233 -30.633326 59.765297 0.000000
19693 -5.622575 -31.938439 61.826327 0.000000
19694 -6.303487 -30.637873 62.038183 0.000000
19695 -5.623493 -30.659701 62.771460 0.000000
19696 -5.645517 -29.445536 63.653584 0.000000
19697 -4.859990 -30.655153 63.110247 0.000000
23052 -30.941139 -20.155131 54.108195 0.000000
23151 -43.270059 -8.377281 33.744454 0.000000
23152 -42.455166 -8.571001 32.627644 0.000000
23153 -43.977583 -7.815218 33.065967 0.000000
23422 -32.300210 -12.974735 42.416851 0.000000
23447 -19.606057 -23.481124 49.589819 0.000000
23448 -18.926980 -23.359252 50.390671 0.000000
23810 -9.759439 -25.797586 63.973195 0.000000
23811 -8.857368 -26.911707 63.421638 0.000000
24498 -31.866152 -23.040023 43.169305 0.000000
24499 -32.316728 -21.818582 44.176533 0.000000
24500 -32.388307 -20.466176 45.229421 0.000000
24506 -32.792082 -13.371271 47.863923 0.000000
24509 -22.906005 -22.189653 48.462964 0.000000
24510 -22.853697 -22.846302 47.137038 0.000000
24511 -23.672261 -22.205114 47.862097 0.000000
24512 -24.572497 -22.280601 47.381768 0.000000
24513 -25.435108 -22.463408 47.011933 0.000000
24514 -30.107893 -21.934996 48.717739 0.000000
24515 -28.936943 -22.135083 47.920540 0.000000
24516 -29.738989 -22.331533 47.310541 0.000000
24517 -29.380179 -22.833569 45.773672 0.000000
24520 -29.906922 -23.763974 43.848705 0.000000
24531 -24.464211 -20.915462 54.006833 0.000000
24532 -23.474961 -21.100997 53.007822 0.000000
24533 -23.964080 -21.076441 52.199665 0.000000
24534 -23.396041 -21.526637 50.261000 0.000000
24812 -39.414002 -9.305866 27.512053 0.000000
24824 -43.123231 -7.771562 23.069470 0.000000
24825 -47.593210 -4.194552 28.593249 0.000000
24826 -46.450709 -4.562894 27.100213 0.000000
25622 -29.999607 -15.769587 37.824507 0.000000
25633 -32.700315 -16.050618 32.878767 0.000000
25634 -33.338097 -14.905575 33.060488 0.000000
25635 -38.440352 -12.023412 37.283909 0.000000
25636 -37.516257 -12.319905 36.167100 0.000000
25637 -39.147877 -11.655980 36.819105 0.000000
25702 -16.443760 -23.397451 53.746579 0.000000
25704 -15.932617 -23.320144 54.698104 0.000000
25706 -14.908495 -23.377442 56.785616 0.000000
25708 -14.028448 -24.614344 55.787519 0.000000
25709 -13.180519 -25.883987 54.948313 0.000000
25710 -12.365627 -27.094514 54.362970 0.000000
25711 -11.724174 -28.215001 54.118240 0.000000
25712 -12.361039 -28.228643 53.364873 0.000000
28813 -32.370871 -21.778565 47.447516 0.000000
28814 -32.944416 -21.318365 47.005541 0.000000
28815 -33.282119 -20.691728 48.393563 0.000000
28816 -33.753802 -19.528495 49.301256 0.000000
28823 -27.213556 -20.983673 52.562194 0.000000
28824 -26.982303 -21.186489 51.092900 0.000000
28825 -27.998165 -21.090993 51.996941 0.000000
28826 -28.812140 -21.131010 51.442645 0.000000
28827 -29.412297 -21.322002 50.657317 0.000000
28828 -30.909938 -20.498917 52.953032 0.000000
28829 -30.652990 -21.036424 51.459082 0.000000
28830 -30.366676 -21.508447 50.104848 0.000000
28831 -31.028317 -21.708534 49.154235 0.000000
28832 -31.856975 -21.770379 48.557934 0.000000
28842 -27.764159 -20.785405 54.375754 0.000000
29055 -37.415313 -11.342207 31.318155 0.000000
29056 -36.921605 -11.735105 30.065283 0.000000
29057 -37.956739 -10.646449 30.764773 0.000000
29058 -38.564238 -9.946145 30.164819 0.000000
29059 -39.260751 -9.337698 29.574909 0.000000
29060 -41.599896 -8.645579 31.456957 0.000000
29061 -40.729943 -8.627389 30.220522 0.000000
29062 -39.937992 -8.768360 28.827934 0.000000
29063 -40.530808 -8.298155 28.058130 0.000000
29064 -41.152990 -7.866149 27.178745 0.000000
29065 -41.743053 -7.543281 26.286576 0.000000
29066 -42.263373 -7.343194 25.534122 0.000000
29067 -42.914920 -6.817511 26.908446 0.000000
29068 -44.200578 -6.169957 27.705646 0.000000
29069 -45.642240 -5.498756 28.473624 0.000000
29070 -46.286446 -5.721580 30.365717 0.000000
29072 -47.151810 -4.732058 29.226078 0.000000
29685 -30.083115 -16.179766 43.035068 0.000000
29686 -29.518747 -16.977385 41.898169 0.000000
29687 -29.936288 -15.782320 42.021447 0.000000
29688 -29.935370 -15.454905 41.016044 0.000000
29689 -30.106057 -15.164779 39.901974 0.000000
29690 -31.566073 -13.539526 41.176763 0.000000
29691 -30.895255 -14.170710 40.011555 0.000000
29692 -30.360252 -14.941045 38.921227 0.000000
29693 -30.719980 -14.710035 37.956917 0.000000
29694 -31.190745 -14.572703 37.008131 0.000000
29695 -31.790903 -14.427185 36.151576 0.000000
29696 -32.409413 -14.339874 35.339766 0.000000
29697 -33.022418 -13.516789 36.416396 0.000000
29698 -34.442974 -12.796476 36.934164 0.000000
29699 -36.076430 -12.398121 37.368834 0.000000
29701 -36.988595 -12.043421 38.507560 0.000000
29702 -37.712638 -12.161654 37.855555 0.000000
29751 -18.144206 -22.497059 53.638824 0.000000
29752 -18.372706 -23.371985 51.217091 0.000000
29753 -17.738595 -23.380171 52.027075 0.000000
29754 -17.098060 -23.391084 52.841625 0.000000
29755 -16.279497 -24.403343 52.198752 0.000000
32200 -30.447431 -19.230183 43.268840 0.000000
32201 -30.240955 -17.884143 43.691639 0.000000
32202 -32.996723 -20.633521 46.540736 0.000000
32203 -32.811354 -19.890471 46.448506 0.000000
32204 -32.381883 -19.102855 46.217473 0.000000
32206 -32.329576 -17.812294 47.153475 0.000000
32207 -31.750525 -18.430745 45.804720 0.000000
32208 -31.221946 -17.765910 45.384660 0.000000
32209 -30.740168 -17.172015 44.769182 0.000000
32210 -30.357499 -16.634509 43.980201 0.000000
32211 -30.662166 -15.437625 44.145486 0.000000
32212 -31.245806 -14.335327 44.390216 0.000000
32213 -31.922130 -13.423112 44.457791 0.000000
32214 -32.683797 -13.090240 46.867652 0.000000
32215 -32.704904 -12.813756 45.629391 0.000000
32230 -26.545491 -21.593939 49.315867 0.000000
32231 -26.357368 -21.999570 47.913234 0.000000
32232 -26.207788 -22.519796 46.640272 0.000000
32233 -27.848585 -22.394287 46.969927 0.000000
32234 -26.965784 -22.812651 46.126156 0.000000
32268 -21.347798 -21.450240 53.624214 0.000000
32269 -20.848585 -21.882246 51.901057 0.000000
32270 -22.467358 -21.393852 52.006985 0.000000
32271 -21.390929 -21.914988 51.073723 0.000000
32272 -20.381490 -22.686232 50.173336 0.000000
32273 -20.105270 -23.609361 48.767050 0.000000
32886 -42.769010 -7.116732 24.814542 0.000000
32887 -43.212245 -6.885723 24.073047 0.000000
32888 -43.649975 -6.742933 23.329724 0.000000
32889 -45.391716 -5.128595 25.342356 0.000000
32890 -44.585082 -5.757050 23.818272 0.000000
32891 -44.153776 -6.600144 22.547136 0.000000
32892 -44.700709 -6.566493 21.794682 0.000000
32893 -45.288936 -6.561036 21.055012 0.000000
32894 -45.925801 -6.586502 20.354609 0.000000
32895 -46.570006 -5.508760 20.733576 0.000000
32896 -47.550080 -4.541976 21.456808 0.000000
33017 -9.831017 -27.926694 58.028443 0.000000
33018 -9.414395 -27.936698 59.145253 0.000000
33019 -9.037231 -29.166324 57.665001 0.000000
34563 -29.183797 -17.851402 40.932033 0.000000
34589 -35.766257 -13.117524 31.136434 0.000000
34590 -33.064631 -14.193447 34.694153 0.000000
34591 -33.743708 -14.086128 34.043974 0.000000
34592 -34.447562 -13.881493 33.531685 0.000000
34593 -36.648139 -12.665510 35.055769 0.000000
34594 -35.847012 -13.056589 34.057672 0.000000
34595 -35.104615 -13.552259 33.064140 0.000000
34596 -35.730467 -13.148447 32.632210 0.000000
34597 -36.295753 -12.584565 32.230414 0.000000
34598 -36.825250 -12.009770 31.789352 0.000000
34599 -38.142109 -11.110288 32.447749 0.000000
34600 -39.612219 -10.383608 33.069620 0.000000
34601 -41.206215 -9.615092 33.717972 0.000000
34717 -11.245150 -25.667529 60.559757 0.000000
34743 -11.612218 -25.738469 59.338845 0.000000
34744 -10.679864 -26.867142 58.551691 0.000000
34745 -10.243970 -28.023099 56.932637 0.000000
34746 -9.995281 -29.254544 55.683417 0.000000
36935 -8.932617 -27.983991 60.467526 0.000000
36936 -8.484793 -28.007638 61.747794 0.000000
36937 -7.951626 -28.028556 62.863690 0.000000
36938 -6.943104 -30.567843 60.941463 0.000000
36939 -7.073414 -29.316389 62.396146 0.000000
36940 -7.282643 -28.205906 63.733943 0.000000
36941 -6.542082 -28.282303 64.276368 0.000000
36942 -5.651940 -28.235919 64.528403 0.000000
36949 -4.158888 -32.012107 62.651834 0.000000
36950 -4.091898 -30.594218 63.046325 0.000000
41387 -10.609203 -26.173204 60.740565 0.000000
41389 -10.122837 -26.733447 60.420954 0.000000
41770 -31.833115 -22.507973 45.468672 0.000000
41771 -32.119429 -22.437942 45.097011 0.000000
41772 -32.300210 -22.184196 45.755408 0.000000
41777 -25.502098 -21.293808 50.986972 0.000000
41778 -25.270845 -21.505719 50.079279 0.000000
41779 -25.801259 -21.399309 50.582437 0.000000
41780 -31.734925 -22.322438 46.564479 0.000000
41781 -31.231123 -22.563452 46.162683 0.000000
41782 -31.547720 -22.578913 45.905169 0.000000
41783 -31.377950 -22.815379 45.274167 0.000000
41787 -26.374804 -21.041881 52.438003 0.000000
41788 -26.282119 -20.970941 52.983167 0.000000
41789 -25.844390 -21.080989 51.962240 0.000000
41790 -25.295622 -21.137377 51.460908 0.000000
41952 -41.724699 -8.151728 24.722312 0.000000
42393 -29.823414 -18.047851 42.798557 0.000000
42394 -29.639880 -18.436202 42.303617 0.000000
42395 -29.614185 -17.801380 42.383976 0.000000
42396 -31.137520 -15.391241 35.530619 0.000000
42397 -30.860383 -15.967855 35.368987 0.000000
42398 -31.115496 -15.903282 35.049377 0.000000
42400 -31.421081 -15.840527 34.662192 0.000000
42401 -31.762455 -15.794143 34.238480 0.000000
42402 -31.792738 -15.319391 34.699632 0.000000
42440 -14.546933 -26.269609 52.238931 0.000000
42441 -14.516649 -25.760297 52.828840 0.000000
42442 -14.187205 -26.374200 52.566760 0.000000
42443 -13.911904 -26.363286 52.984993 0.000000
44170 -33.261930 -20.587137 50.713020 0.000000
44171 -33.595963 -20.225162 50.624443 0.000000
44172 -33.744626 -19.855001 51.428947 0.000000
44177 -29.882145 -20.227890 54.825948 0.000000
44178 -29.690352 -20.514378 53.991309 0.000000
44179 -30.352911 -20.309744 54.509077 0.000000
44180 -33.119691 -20.114204 52.090084 0.000000
44181 -32.670032 -20.407969 51.964066 0.000000
44182 -33.008653 -20.424339 51.501088 0.000000
44183 -32.797588 -20.848160 50.651838 0.000000
44190 -29.652727 -20.318839 55.284361 0.000000
44343 -41.016257 -9.516867 32.906162 0.000000
44344 -40.598716 -9.543242 32.339995 0.000000
44345 -41.345701 -9.221284 32.650473 0.000000
44346 -44.023467 -7.124918 30.781210 0.000000
44347 -43.264553 -7.454152 30.574833 0.000000
44348 -43.557290 -7.177668 30.191301 0.000000
44349 -43.094783 -7.178577 29.509161 0.000000
44350 -43.874804 -6.892998 29.794071 0.000000
44351 -44.109728 -6.681088 29.449805 0.000000
44352 -44.589671 -6.618334 30.089939 0.000000
44793 -31.639487 -13.569539 43.473391 0.000000
44794 -31.258653 -13.876946 42.724590 0.000000
44795 -31.676194 -13.465858 42.820473 0.000000
44796 -33.506949 -12.538181 39.945807 0.000000
44797 -32.791165 -12.892881 39.817962 0.000000
44798 -33.108679 -12.788290 39.388771 0.000000
44799 -32.714998 -13.048403 38.865524 0.000000
44800 -33.447300 -12.691885 38.962320 0.000000
44801 -33.772156 -12.632768 38.561437 0.000000
44802 -34.171343 -12.365379 39.092904 0.000000
44837 -20.073152 -22.248769 51.894665 0.000000
44838 -19.761144 -22.226942 52.295548 0.000000
44839 -19.517961 -22.589827 51.473693 0.000000
45333 -48.520976 -3.970818 21.164593 0.000000
45334 -48.236498 -4.417376 20.431316 0.000000
45335 -48.751312 -3.868046 20.839504 0.000000
45440 -8.669245 -26.494252 64.611502 0.000000
45442 -8.316859 -26.516990 64.965813 0.000000
45443 -7.895648 -26.551550 65.243417 0.000000
45444 -7.815810 -27.059953 64.669945 0.000000
46588 -32.028580 -20.360675 44.600245 0.000000
46589 -31.901023 -20.689000 44.016728 0.000000
46590 -31.780808 -20.003247 44.494317 0.000000
46591 -31.567908 -19.664009 44.420350 0.000000
46592 -31.674358 -19.355693 44.923508 0.000000
46594 -33.525302 -18.361624 48.862020 0.000000
46595 -33.516125 -17.634944 49.287559 0.000000
46596 -32.375459 -14.834635 47.925106 0.000000
46597 -32.219455 -15.469457 47.705944 0.000000
46598 -32.057027 -15.188425 47.313280 0.000000
46599 -31.807421 -15.494922 46.786380 0.000000
46600 -31.918459 -14.899209 46.879523 0.000000
46601 -31.753278 -14.629091 46.356276 0.000000
46602 -32.134112 -14.308042 47.129733 0.000000
46607 -21.622182 -23.387446 47.453909 0.000000
46609 -22.019534 -23.413822 47.126993 0.000000
46615 -28.843341 -21.630318 49.725881 0.000000
46616 -28.356057 -21.655784 49.272035 0.000000
46617 -28.664395 -21.812216 48.988951 0.000000
46647 -22.203986 -22.464318 48.495838 0.000000
46648 -21.947038 -22.413386 48.916811 0.000000
46649 -21.779104 -22.939979 48.080345 0.000000
46650 -21.346880 -23.386537 47.768040 0.000000
47132 -43.910593 -7.689709 22.049457 0.000000
47133 -45.333902 -5.366880 27.381470 0.000000
47134 -44.831018 -5.555144 26.568746 0.000000
47135 -45.543131 -5.151332 27.009809 0.000000
47136 -47.342686 -4.051763 25.011788 0.000000
47137 -46.656267 -4.438294 24.613645 0.000000
47138 -46.838884 -4.404643 24.178975 0.000000
47139 -46.402990 -4.731149 23.355293 0.000000
47140 -47.037101 -4.364626 23.772613 0.000000
47141 -47.239907 -4.320971 23.364425 0.000000
47142 -47.731779 -3.927163 24.222807 0.000000
48461 -29.559125 -16.117920 39.396990 0.000000
48462 -29.303094 -16.680893 39.434430 0.000000
48463 -29.394862 -16.542651 38.883787 0.000000
48478 -33.565680 -15.174783 32.410309 0.000000
48479 -33.606975 -15.662268 31.986597 0.000000
48480 -33.900630 -14.991067 32.093438 0.000000
48481 -34.210803 -14.805531 31.855100 0.000000
48482 -34.349371 -14.388077 32.276986 0.000000
48483 -36.009440 -12.641863 36.473926 0.000000
48484 -35.534086 -12.881967 35.914151 0.000000
48485 -36.357237 -12.640953 36.123268 0.000000
48486 -39.156136 -11.309465 35.172655 0.000000
48487 -38.355926 -11.706911 34.832955 0.000000
48488 -38.672523 -11.458621 34.669497 0.000000
48489 -38.182486 -11.631423 34.153555 0.000000
48490 -38.935895 -11.238525 34.483210 0.000000
48491 -39.244233 -10.963860 34.283225 0.000000
48492 -39.719587 -10.853812 34.792776 0.000000
48605 -12.328002 -26.498800 55.556486 0.000000
48606 -12.538149 -25.876711 56.436784 0.000000
48607 -12.112349 -26.467877 56.069689 0.000000
48608 -11.912297 -26.431498 56.603895 0.000000
48609 -11.681044 -27.056315 55.753731 0.000000
48610 -11.304798 -27.592003 55.531830 0.000000
48611 -11.526875 -27.612921 55.076157 0.000000
50411 -7.584557 -30.669705 59.158950 0.000000
50413 -5.239906 -31.992099 62.185203 0.000000
50414 -5.608810 -31.312712 62.306655 0.000000
50415 -5.253671 -31.328173 62.597044 0.000000
50416 -5.252753 -30.636054 63.002492 0.000000
50417 -4.887520 -31.310893 62.799768 0.000000
54394 -33.316073 -12.384478 43.015892 0.000000
54438 -19.178422 -24.017721 49.345088 0.000000
55040 -9.895255 -26.232320 62.595218 0.000000
55041 -10.056765 -25.741198 63.438076 0.000000
55042 -9.576822 -26.305989 63.197911 0.000000
55043 -9.329969 -26.343278 63.710201 0.000000
55044 -9.139093 -26.862594 62.896564 0.000000
56187 -31.633063 -23.187359 43.480696 0.000000
56188 -32.487415 -21.840410 44.849541 0.000000
56189 -32.345176 -22.168734 44.258719 0.000000
56190 -32.451626 -21.539370 44.688823 0.000000
56191 -32.438779 -21.089174 44.732655 0.000000
56192 -32.540640 -20.833608 45.167325 0.000000
56207 -23.352911 -21.894070 48.886676 0.000000
56208 -23.343734 -22.075057 48.244716 0.000000
56209 -23.827347 -21.890432 48.654730 0.000000
56210 -25.064369 -21.817673 48.503144 0.000000
56211 -24.606450 -21.985928 48.025554 0.000000
56212 -24.984531 -22.073238 47.736992 0.000000
56213 -24.948742 -22.419753 47.122427 0.000000
56214 -25.320399 -22.242403 47.429253 0.000000
56215 -30.455690 -21.991385 48.380778 0.000000
56216 -29.898663 -22.113256 48.031034 0.000000
56217 -30.163871 -22.227851 47.495915 0.000000
56218 -30.236367 -22.775362 45.795588 0.000000
56219 -29.961983 -22.672590 46.264958 0.000000
56220 -29.682093 -22.990910 45.361831 0.000000
56221 -29.268223 -23.189178 45.111622 0.000000
56222 -29.582067 -23.461115 44.571937 0.000000
56224 -29.912428 -23.436559 44.358255 0.000000
56226 -30.623624 -23.713952 43.574753 0.000000
56240 -25.645255 -20.884539 53.739273 0.000000
56241 -26.004064 -20.839065 54.713628 0.000000
56242 -25.405743 -20.789953 54.217775 0.000000
56243 -25.246985 -20.853617 54.627790 0.000000
56244 -24.805585 -20.895453 53.630606 0.000000
56245 -24.294442 -20.949113 53.134753 0.000000
56246 -24.556896 -20.938199 52.757613 0.000000
56247 -24.021894 -21.470249 50.244563 0.000000
56248 -23.878737 -21.362020 50.721239 0.000000
56249 -23.533692 -21.617586 49.759669 0.000000
56250 -23.090457 -21.799483 49.335043 0.000000
56711 -39.780153 -9.049391 27.096560 0.000000
58061 -30.169377 -15.648625 37.376140 0.000000
58062 -29.875722 -16.204322 37.335960 0.000000
58063 -30.053750 -16.094274 36.841021 0.000000
58078 -32.354353 -15.644078 33.590128 0.000000
58080 -32.654432 -15.570410 33.282389 0.000000
58081 -32.966440 -15.484008 32.925338 0.000000
58082 -33.039854 -15.006528 33.392883 0.000000
58083 -39.280939 -11.703273 37.607172 0.000000
58084 -38.773467 -11.891537 37.027308 0.000000
58089 -40.095832 -10.900196 36.295857 0.000000
58195 -16.051914 -23.905854 53.367612 0.000000
58196 -16.228107 -23.322873 54.197686 0.000000
58197 -15.740824 -23.884026 53.801369 0.000000
58198 -14.778186 -24.566141 54.333748 0.000000
58199 -15.187468 -23.953147 54.739197 0.000000
58200 -14.930519 -23.931319 55.267010 0.000000
58203 -14.438647 -24.005897 56.258715 0.000000
58204 -14.276219 -24.577964 55.294406 0.000000
58205 -13.300734 -26.456963 53.765755 0.000000
58206 -13.413608 -25.873983 54.506338 0.000000
58207 -13.030939 -26.472425 54.193120 0.000000
58208 -12.748296 -26.510623 54.632356 0.000000
58209 -12.640011 -27.099970 53.943824 0.000000
58210 -12.326167 -27.638387 53.792237 0.000000
58211 -12.620740 -27.671128 53.418750 0.000000
63385 -32.558076 -21.559378 48.119611 0.000000
63386 -32.835213 -21.381119 47.791782 0.000000
63387 -33.025171 -21.079170 48.478488 0.000000
63388 -33.911642 -19.649457 50.110327 0.000000
63389 -33.802439 -19.845906 49.669265 0.000000
63390 -33.939172 -19.209265 49.939564 0.000000
63407 -27.782512 -20.829061 53.124708 0.000000
63408 -27.523729 -21.116459 52.146701 0.000000
63409 -28.087179 -21.009139 52.649859 0.000000
63410 -29.295753 -20.905458 52.407868 0.000000
63411 -28.781857 -21.014596 52.022509 0.000000
63412 -29.275564 -21.077351 51.835309 0.000000
63413 -28.992004 -21.303813 50.860041 0.000000
63414 -29.686681 -21.162842 51.467301 0.000000
63415 -31.538543 -20.202425 53.753884 0.000000
63416 -31.017305 -20.327024 53.613255 0.000000
63418 -31.536707 -20.993678 51.379636 0.000000
63419 -31.076036 -20.900910 51.744905 0.000000
63420 -31.041165 -21.031876 51.154083 0.000000
63421 -30.564893 -21.251972 50.906613 0.000000
63422 -30.865889 -21.356563 50.435416 0.000000
63423 -30.740168 -21.586663 49.766974 0.000000
63424 -31.152203 -21.574840 49.711270 0.000000
63425 -32.463556 -21.373843 49.263816 0.000000
63426 -32.056110 -21.544827 49.126840 0.000000
63427 -32.280939 -21.657603 48.545149 0.000000
63428 -32.090981 -21.883156 47.836528 0.000000
63447 -28.540509 -20.609875 54.412281 0.000000
63449 -28.145910 -20.754483 54.023270 0.000000
63450 -27.526482 -20.849069 53.484498 0.000000
63903 -38.015470 -10.936576 31.689816 0.000000
63904 -37.674096 -11.003878 31.025027 0.000000
63905 -38.328396 -10.573691 31.420430 0.000000
63906 -39.736105 -9.514139 31.176613 0.000000
63907 -38.957001 -9.872476 30.855177 0.000000
63908 -39.304799 -9.540514 30.576659 0.000000
63909 -38.915706 -9.624187 29.857993 0.000000
63910 -39.640667 -9.237655 30.278965 0.000000
63911 -42.788281 -8.270871 32.272420 0.000000
63912 -42.011013 -8.631027 32.016732 0.000000
63913 -42.362481 -8.324530 31.689816 0.000000
63914 -41.792607 -8.048956 30.092678 0.000000
63915 -41.517305 -8.345449 30.532827 0.000000
63916 -41.026351 -8.340901 29.864385 0.000000
63917 -40.302308 -8.651036 29.535643 0.000000
63918 -40.616152 -8.347267 29.165808 0.000000
63919 -40.244495 -8.511885 28.450794 0.000000
63920 -40.956608 -8.139905 28.751228 0.000000
63921 -42.214736 -7.367750 28.154013 0.000000
63922 -41.523729 -7.683342 27.855406 0.000000
63923 -41.803619 -7.493260 27.403386 0.000000
63924 -41.427374 -7.718812 26.733117 0.000000
63925 -42.080756 -7.325005 26.969629 0.000000
63926 -42.331280 -7.171301 26.579704 0.000000
63927 -42.696514 -6.999408 27.260931 0.000000
63928 -44.517174 -6.276367 28.775884 0.000000
63929 -43.987678 -6.371863 28.070002 0.000000
63930 -44.692450 -6.070823 28.415181 0.000000
63931 -44.914526 -5.824352 28.071828 0.000000
63932 -45.451364 -5.716123 28.810584 0.000000
63939 -46.938910 -5.000357 29.519206 0.000000
65253 -30.309780 -15.584961 43.098990 0.000000
65254 -30.017961 -15.993321 42.618662 0.000000
65255 -30.259308 -15.408521 42.587614 0.000000
65256 -30.603435 -14.534504 41.647960 0.000000
65257 -30.264814 -15.040179 41.458933 0.000000
65258 -30.293262 -14.904665 41.060790 0.000000
65259 -30.007866 -15.297564 40.385042 0.000000
65260 -30.369429 -14.798256 40.463575 0.000000
65261 -32.507604 -12.883786 41.807765 0.000000
65262 -31.938648 -13.225753 41.795893 0.000000
65263 -32.138700 -13.143899 41.293649 0.000000
65264 -31.593603 -13.625927 39.590583 0.000000
65265 -31.406398 -13.736885 40.045342 0.000000
65266 -31.069613 -14.110684 39.558621 0.000000
65267 -30.613530 -14.548147 39.497439 0.000000
65268 -30.790640 -14.406267 38.992455 0.000000
65269 -30.526351 -14.840092 38.373324 0.000000
65270 -31.013635 -14.347150 38.478339 0.000000
65271 -32.029497 -13.705053 37.672921 0.000000
65272 -31.445858 -14.177986 37.545077 0.000000
65273 -31.721160 -14.110684 37.112233 0.000000
65274 -31.478894 -14.491759 36.618207 0.000000
65275 -32.053357 -14.059752 36.654734 0.000000
65276 -32.369036 -13.976989 36.239240 0.000000
65277 -32.668197 -13.570449 36.819105 0.000000
65278 -34.493446 -12.580018 37.801678 0.000000
65279 -34.118118 -12.781924 37.292128 0.000000
65280 -34.877033 -12.572742 37.472023 0.000000
65281 -35.267043 -12.570923 37.161544 0.000000
65282 -35.702020 -12.332638 37.689358 0.000000
65287 -37.472208 -11.857886 39.059116 0.000000
65288 -37.834689 -11.968843 38.697500 0.000000
65289 -37.368511 -12.111632 38.177905 0.000000
65291 -38.592686 -11.960658 38.112157 0.000000
65390 -19.153645 -22.245131 53.159409 0.000000
65392 -18.955428 -22.190562 53.605037 0.000000
65393 -18.613136 -22.187834 54.067102 0.000000
65394 -18.422260 -22.533439 53.203241 0.000000
65395 -18.530546 -23.907673 50.114893 0.000000
65396 -18.584688 -23.429283 50.775116 0.000000
65397 -18.202019 -23.890392 50.512123 0.000000
65398 -17.173309 -24.485197 51.018933 0.000000
65399 -17.610121 -23.866746 51.301103 0.000000
65400 -17.276088 -23.888573 51.701986 0.000000
65401 -17.376115 -23.383808 52.440742 0.000000
65402 -16.955821 -23.877660 52.087345 0.000000
65403 -16.647483 -23.882207 52.502838 0.000000
65404 -16.577740 -24.396976 51.784171 0.000000
67209 -6.122706 -27.018117 65.288163 0.000000
70642 -32.057945 -22.145088 42.487165 0.000000
70647 -31.300866 -20.771763 42.777554 0.000000
70648 -30.863136 -19.114679 44.011249 0.000000
70649 -30.798899 -19.480292 43.533660 0.000000
70650 -30.608024 -18.843652 43.865142 0.000000
70651 -30.278580 -18.566258 43.446909 0.000000
70652 -30.510750 -18.205192 44.048689 0.000000
70653 -33.248165 -20.709918 47.530615 0.000000
70654 -33.045360 -20.972760 46.859434 0.000000
70655 -33.217882 -20.372499 47.221050 0.000000
70656 -33.029759 -18.934600 47.544313 0.000000
70657 -33.060960 -19.581245 47.190002 0.000000
70658 -32.849896 -19.206537 46.948011 0.000000
70659 -32.577347 -19.476654 46.337099 0.000000
70660 -32.559911 -18.840014 46.813775 0.000000
70664 -32.030415 -16.733643 47.115122 0.000000
70665 -32.341506 -17.135636 47.427427 0.000000
70666 -31.943236 -17.427581 46.721545 0.000000
70667 -31.962507 -18.119700 46.380931 0.000000
70668 -31.742266 -17.765910 46.243042 0.000000
70669 -31.449529 -18.095144 45.648567 0.000000
70670 -31.472470 -17.412120 45.959959 0.000000
70671 -31.109072 -16.199774 45.504286 0.000000
70672 -30.982434 -16.818225 45.241292 0.000000
70673 -30.805323 -16.509909 44.937206 0.000000
70674 -30.550210 -16.881889 44.354602 0.000000
70675 -30.626377 -16.277081 44.473314 0.000000
70676 -30.487809 -16.016967 43.991160 0.000000
70677 -30.794311 -15.657720 44.647730 0.000000
70678 -31.628475 -14.200723 45.483283 0.000000
70679 -31.283430 -14.550875 44.984691 0.000000
70680 -31.585344 -14.035196 44.969167 0.000000
70681 -31.564238 -13.832381 44.466922 0.000000
70682 -31.891846 -13.568630 44.997475 0.000000
70683 -33.238989 -12.871963 48.138788 0.000000
70684 -32.720504 -13.212111 47.359852 0.000000
70685 -33.172916 -12.732812 47.440211 0.000000
70689 -32.748952 -12.722807 45.157280 0.000000
70705 -23.284085 -22.786276 46.927921 0.000000
70706 -22.901416 -23.221010 46.674060 0.000000
70707 -23.352911 -23.179174 46.376365 0.000000
70720 -27.170425 -21.362020 50.642706 0.000000
70721 -26.673047 -21.477525 50.177901 0.000000
70722 -27.088753 -21.519361 49.902123 0.000000
70723 -27.197038 -21.981380 48.211842 0.000000
70724 -26.904300 -21.898617 48.473009 0.000000
70725 -26.763897 -22.057777 47.735166 0.000000
70726 -26.288543 -22.312433 47.226529 0.000000
70727 -26.617987 -22.391559 46.992757 0.000000
70728 -28.893813 -22.309705 47.343415 0.000000
70729 -28.397352 -22.256955 47.421034 0.000000
70730 -28.270714 -22.527072 46.725197 0.000000
70814 -21.635029 -21.389304 53.255292 0.000000
70815 -21.106450 -21.610310 52.756700 0.000000
70816 -21.370740 -21.595758 52.364949 0.000000
70817 -23.200577 -21.191946 52.101042 0.000000
70818 -22.929864 -21.195584 52.532973 0.000000
70819 -22.650892 -21.378391 51.575968 0.000000
70820 -21.345045 -22.375188 49.683875 0.000000
70821 -21.570792 -21.985018 50.545910 0.000000
70822 -21.161511 -22.283330 50.188860 0.000000
70823 -20.866938 -22.282420 50.595221 0.000000
70824 -20.723781 -22.683504 49.816285 0.000000
70825 -20.259439 -23.128243 49.454669 0.000000
70826 -20.530152 -23.138247 49.033697 0.000000
72273 -42.784610 -6.907550 25.810813 0.000000
72274 -42.527662 -7.232237 25.172506 0.000000
72275 -43.012193 -6.757485 25.452850 0.000000
72276 -43.987678 -6.089012 25.033704 0.000000
72277 -43.434322 -6.523747 24.735096 0.000000
72278 -43.661904 -6.387324 24.349738 0.000000
72279 -43.430651 -6.807507 23.709604 0.000000
72280 -43.868381 -6.302742 23.960726 0.000000
72281 -46.630573 -4.411010 26.704809 0.000000
72282 -45.907447 -4.819369 26.211696 0.000000
72283 -46.096488 -4.713869 25.806248 0.000000
72284 -45.350420 -5.246828 23.789050 0.000000
72285 -45.134768 -5.345052 24.165277 0.000000
72286 -44.812665 -5.674287 23.413736 0.000000
72287 -44.297851 -6.156314 23.171746 0.000000
72288 -44.532775 -6.074461 22.796432 0.000000
72289 -44.429078 -6.570131 22.169082 0.000000
72290 -44.808994 -6.068094 22.356283 0.000000
72291 -45.769796 -5.544230 21.850385 0.000000
72292 -45.336655 -6.024439 21.571868 0.000000
72293 -45.611957 -6.027167 21.202033 0.000000
72294 -45.603698 -6.569221 20.697962 0.000000
72295 -45.904694 -6.037172 20.838591 0.000000
72296 -46.202020 -6.040810 20.489759 0.000000
72297 -46.291034 -5.519674 21.079668 0.000000
72298 -47.683142 -4.198190 22.609232 0.000000
72299 -47.339015 -4.575627 21.801074 0.000000
72300 -47.896960 -4.142711 22.233005 0.000000
72301 -48.110777 -4.097237 21.848559 0.000000
72302 -48.471422 -3.718890 22.643019 0.000000
72587 -9.662166 -28.520588 57.282381 0.000000
72588 -9.427242 -28.526045 57.818414 0.000000
72589 -9.280414 -29.151772 57.147232 0.000000
76256 -29.443498 -16.800035 41.353005 0.000000
76257 -29.336131 -17.379378 41.419667 0.000000
76258 -29.237940 -17.213852 40.872676 0.000000
76318 -34.831149 -14.293490 31.428649 0.000000
76320 -35.111957 -14.042472 31.186658 0.000000
76321 -35.392764 -13.750527 30.930970 0.000000
76322 -35.501049 -13.421293 31.404907 0.000000
76323 -33.034348 -13.838747 35.522400 0.000000
76324 -32.713163 -14.255292 35.037506 0.000000
76325 -33.364710 -13.801458 35.222880 0.000000
76326 -34.789854 -13.336711 34.841174 0.000000
76327 -34.047457 -13.715967 34.610141 0.000000
76328 -34.398926 -13.674130 34.293270 0.000000
76329 -34.108024 -13.996088 33.766370 0.000000
76330 -34.788019 -13.575906 34.039408 0.000000
76331 -37.888831 -12.157107 35.924196 0.000000
76332 -37.073939 -12.439957 35.595454 0.000000
76333 -37.424489 -12.281706 35.358942 0.000000
76334 -36.884898 -12.519992 34.153555 0.000000
76335 -36.549031 -12.686428 34.373629 0.000000
76336 -36.151679 -12.877420 33.863166 0.000000
76337 -35.455166 -13.299422 33.620262 0.000000
76338 -35.775433 -13.113886 33.383751 0.000000
76339 -35.418459 -13.363995 32.838587 0.000000
76340 -36.112219 -12.869235 33.153631 0.000000
76341 -37.313451 -11.945196 33.086057 0.000000
76342 -36.708705 -12.338094 32.726267 0.000000
76343 -36.939041 -12.097990 32.535414 0.000000
76344 -36.548113 -12.338094 32.024950 0.000000
76345 -37.195989 -11.833329 32.336342 0.000000
76346 -37.463949 -11.537746 32.119920 0.000000
76347 -37.850289 -11.394047 32.680608 0.000000
76348 -39.831542 -10.491837 33.848555 0.000000
76349 -39.359859 -10.600066 33.282389 0.000000
76350 -40.128868 -10.247185 33.632134 0.000000
76351 -40.428947 -9.997076 33.391969 0.000000
76352 -40.921737 -9.849739 33.956310 0.000000
76700 -11.558993 -26.354192 57.726183 0.000000
76701 -11.790247 -25.760297 58.759894 0.000000
76702 -11.356188 -26.338730 58.320658 0.000000
76703 -11.176324 -26.297803 58.942529 0.000000
76704 -10.876246 -26.912616 57.947171 0.000000
76705 -10.442187 -27.427386 57.698788 0.000000
76706 -10.638569 -27.504692 57.150885 0.000000
76707 -10.579838 -28.713400 55.280708 0.000000
76708 -10.296277 -28.678839 55.753731 0.000000
76709 -10.295359 -29.273643 55.255139 0.000000
82105 -8.940876 -28.607899 58.983621 0.000000
82106 -9.159282 -27.982172 59.792692 0.000000
82107 -8.756424 -28.596985 59.568052 0.000000
82108 -7.931437 -29.219074 60.663858 0.000000
82109 -8.311353 -28.569701 60.862017 0.000000
82110 -8.100289 -28.569701 61.482974 0.000000
82111 -8.203985 -28.035832 62.344095 0.000000
82112 -7.792869 -28.634274 62.075623 0.000000
82113 -6.471421 -32.054853 60.265715 0.000000
82114 -6.803618 -31.328173 60.268455 0.000000
82115 -6.569612 -31.282699 60.841014 0.000000
82116 -6.393419 -29.981224 62.613481 0.000000
82117 -6.706345 -29.961215 62.186116 0.000000
82118 -6.804536 -29.330941 62.821684 0.000000
82119 -7.232171 -28.728861 63.042672 0.000000
82120 -6.855926 -28.836180 63.441728 0.000000
82121 -6.921998 -28.275027 64.030724 0.000000
82122 -6.483351 -28.868012 63.738509 0.000000
82123 -5.241741 -29.401881 63.764991 0.000000
82124 -5.668458 -28.826176 64.118389 0.000000
82125 -5.250000 -28.790706 64.158568 0.000000
82126 -5.250000 -28.134057 64.505574 0.000000
82143 -3.823938 -31.990280 62.565996 0.000000
82144 -4.123099 -31.292703 62.860038 0.000000
92931 -9.676849 -26.782560 61.710354 0.000000
93617 -31.744101 -22.956350 43.898929 0.000000
93618 -31.884505 -22.732616 44.372866 0.000000
93619 -32.313058 -22.157821 45.072355 0.000000
93620 -32.593865 -21.600305 45.370050 0.000000
93629 -24.295360 -21.553012 49.826330 0.000000
93630 -24.287101 -21.729452 49.077529 0.000000
93631 -24.734007 -21.603034 49.515852 0.000000
93632 -25.110252 -21.657603 49.284819 0.000000
93633 -25.525958 -21.665788 49.011781 0.000000
93634 -31.080625 -22.240584 47.379029 0.000000
93635 -30.601600 -22.371550 47.138864 0.000000
93636 -30.860383 -22.472503 46.710586 0.000000
93637 -30.708050 -22.700784 46.080498 0.000000
93638 -30.499738 -22.949074 45.359092 0.000000
93639 -30.368511 -23.250114 44.669647 0.000000
93640 -30.901679 -23.040932 44.886981 0.000000
93641 -31.245806 -23.033656 44.686084 0.000000
93647 -27.065811 -20.850888 54.288090 0.000000
93649 -26.576692 -20.922738 53.851593 0.000000
93650 -25.993970 -20.962755 53.333825 0.000000
93651 -25.356188 -20.980945 52.774050 0.000000
93652 -24.828527 -21.036424 52.336641 0.000000
93653 -25.015732 -21.119187 51.870923 0.000000
93654 -24.553225 -21.349287 50.771463 0.000000
93932 -40.392240 -8.630118 26.323103 0.000000
93944 -42.300079 -7.998934 24.060262 0.000000
94737 -30.075774 -19.408443 42.467988 0.000000
94742 -30.607106 -15.479461 36.442878 0.000000
94743 -30.278580 -16.026972 36.381695 0.000000
94744 -30.550210 -15.983316 35.889495 0.000000
94745 -30.577741 -16.470801 35.430170 0.000000
94753 -32.046933 -15.706833 33.933480 0.000000
94754 -32.361694 -15.168417 34.074109 0.000000
94822 -15.235186 -25.068178 52.707389 0.000000
94823 -15.336130 -24.507024 53.441579 0.000000
94824 -14.925013 -25.128204 53.118316 0.000000
94825 -14.624935 -25.148212 53.536549 0.000000
94826 -14.368904 -25.187320 53.959348 0.000000
94827 -14.059649 -25.217333 54.387625 0.000000
94828 -13.954117 -25.821232 53.634258 0.000000
94829 -13.614578 -26.396028 53.364873 0.000000
94830 -13.277793 -27.020845 53.146624 0.000000
94831 -12.942842 -27.643843 53.049828 0.000000
94832 -13.297064 -27.562899 52.709215 0.000000
97936 -32.970111 -21.060070 49.587079 0.000000
97937 -33.245412 -20.773582 49.209026 0.000000
97938 -33.446382 -20.520745 49.922213 0.000000
97939 -33.797851 -20.014161 50.206210 0.000000
97940 -34.082329 -19.352964 50.722152 0.000000
97949 -28.811222 -20.583499 54.000440 0.000000
97950 -28.658889 -20.856345 53.156669 0.000000
97951 -29.166361 -20.643526 53.614169 0.000000
97952 -29.597667 -20.633521 53.246160 0.000000
97953 -30.023467 -20.686271 52.942987 0.000000
97955 -31.656005 -20.568038 52.494619 0.000000
97956 -32.094652 -20.655349 52.008812 0.000000
97957 -32.034086 -20.782677 51.460908 0.000000
97958 -31.872575 -21.060070 50.839038 0.000000
97959 -31.735842 -21.349287 50.113066 0.000000
97960 -32.338753 -21.090993 50.448200 0.000000
97961 -32.627819 -21.130101 49.972438 0.000000
97974 -29.085606 -20.439801 54.881652 0.000000
98247 -39.465391 -10.187159 32.327210 0.000000
98248 -39.036839 -10.205348 31.739128 0.000000
98249 -39.769141 -9.844282 32.057825 0.000000
98250 -40.135292 -9.551428 31.758304 0.000000
98251 -40.503278 -9.234926 31.479787 0.000000
98252 -43.423310 -7.681523 31.551927 0.000000
98253 -42.692843 -8.008938 31.331853 0.000000
98254 -42.996592 -7.725179 30.956539 0.000000
98255 -42.539592 -7.748825 30.356585 0.000000
98256 -42.100945 -7.768834 29.680837 0.000000
98257 -41.644862 -7.816127 29.037051 0.000000
98258 -42.374411 -7.501445 29.234296 0.000000
98259 -42.656136 -7.250427 28.783189 0.000000
98260 -42.938779 -7.025784 28.353998 0.000000
98261 -43.122313 -6.875718 28.027082 0.000000
98262 -43.607762 -6.754757 28.785929 0.000000
98263 -44.322628 -6.475544 29.111931 0.000000
98264 -45.051259 -6.160862 29.436107 0.000000
99057 -30.890667 -14.514496 43.200352 0.000000
99058 -30.574987 -14.849187 42.645144 0.000000
99059 -30.884243 -14.350788 42.719111 0.000000
99060 -30.924620 -14.195266 42.193123 0.000000
99061 -30.958574 -14.042472 41.657091 0.000000
99062 -32.937075 -12.701889 40.871763 0.000000
99063 -32.356188 -13.043856 40.775880 0.000000
99064 -32.554405 -12.967459 40.280941 0.000000
99065 -32.191925 -13.213930 39.727558 0.000000
99066 -31.822103 -13.521336 39.141302 0.000000
99067 -31.488989 -13.861484 38.622620 0.000000
99068 -32.083640 -13.428569 38.694761 0.000000
99069 -32.330494 -13.366724 38.274701 0.000000
99070 -32.672785 -13.277594 37.835465 0.000000
99071 -33.020583 -13.203016 37.398969 0.000000
99072 -33.393157 -12.915618 37.966962 0.000000
99073 -34.111694 -12.590022 38.155989 0.000000
99074 -34.935764 -12.288073 38.363279 0.000000
99138 -20.214473 -21.654875 53.977611 0.000000
99139 -19.992397 -21.925902 53.137493 0.000000
99140 -19.475748 -22.215118 52.743915 0.000000
99141 -18.936157 -22.555266 52.329335 0.000000
99143 -17.824856 -24.428808 50.294788 0.000000
99147 -16.568564 -24.936302 51.180565 0.000000
100029 -47.515208 -4.985805 20.413052 0.000000
100030 -47.353698 -5.510579 19.808532 0.000000
100031 -47.740038 -4.941240 20.092529 0.000000
100032 -47.982303 -4.905770 19.754655 0.000000
100033 -48.226404 -4.873029 19.436871 0.000000
100230 -7.014683 -27.108156 65.148447 0.000000
102288 -32.199266 -21.771289 43.543705 0.000000
102289 -32.141453 -22.098704 43.071595 0.000000
102290 -32.089146 -21.367477 43.531834 0.000000
102291 -31.870740 -21.080989 43.393032 0.000000
102292 -31.601862 -20.728108 43.339155 0.000000
102293 -31.305454 -20.446167 43.273406 0.000000
102294 -31.389880 -20.058726 43.833181 0.000000
102295 -31.201757 -19.397529 44.230411 0.000000
102296 -31.014552 -18.779078 44.531757 0.000000
102297 -33.600551 -19.455736 48.586242 0.000000
102298 -33.362874 -19.738586 47.808219 0.000000
102299 -33.475748 -19.096489 48.380778 0.000000
102300 -33.285790 -18.624465 48.189012 0.000000
102301 -33.035265 -18.315240 47.878534 0.000000
102303 -32.662691 -16.124287 48.462051 0.000000
102304 -32.427767 -15.764130 48.098608 0.000000
102305 -32.128606 -16.125196 47.416469 0.000000
102306 -31.782644 -16.422598 46.826559 0.000000
102307 -31.524778 -16.765475 46.208342 0.000000
102308 -31.579838 -16.115192 46.424764 0.000000
102309 -31.397221 -15.814152 46.038492 0.000000
102310 -31.298113 -15.568591 45.697878 0.000000
102311 -31.094390 -15.277555 45.237640 0.000000
102312 -31.468800 -14.969239 45.856770 0.000000
102313 -31.670688 -14.404448 45.953567 0.000000
102314 -31.957001 -13.866032 46.119764 0.000000
102316 -33.632670 -12.326271 47.429253 0.000000
102328 -24.205428 -22.949074 46.384584 0.000000
102337 -28.051390 -21.471158 50.255521 0.000000
102338 -27.605402 -21.512995 49.782498 0.000000
102339 -27.855008 -21.654875 49.455582 0.000000
102340 -27.794442 -21.811306 48.813622 0.000000
102341 -27.628343 -22.020488 47.999072 0.000000
102342 -28.525826 -22.935432 45.758148 0.000000
102343 -28.162428 -22.808103 46.001052 0.000000
102394 -22.482040 -21.200131 53.331998 0.000000
102395 -22.578396 -21.668517 50.184294 0.000000
102396 -22.383849 -21.652146 50.681059 0.000000
102397 -22.092030 -21.966828 49.720402 0.000000
102398 -21.713031 -22.275144 49.322259 0.000000
102399 -21.263372 -22.779909 48.951511 0.000000
102400 -20.796277 -23.249204 48.600853 0.000000
102401 -21.123886 -23.138247 48.240150 0.000000
102402 -21.005506 -23.766702 47.579926 0.000000
103269 -43.959230 -6.115388 26.536785 0.000000
103270 -43.557290 -6.333664 25.850080 0.000000
103271 -44.162953 -5.948951 26.170603 0.000000
103272 -44.381359 -5.786153 25.803508 0.000000
103273 -44.574070 -5.667011 25.399886 0.000000
103275 -46.259833 -4.610187 25.409018 0.000000
103276 -46.451627 -4.515601 25.019093 0.000000
103277 -45.980861 -4.820279 24.140621 0.000000
103278 -45.575250 -5.175888 23.373557 0.000000
103279 -45.278842 -5.566058 22.660369 0.000000
103280 -45.812927 -5.139508 22.934321 0.000000
103281 -46.069875 -5.104948 22.550788 0.000000
103282 -46.294705 -5.079482 22.153559 0.000000
103283 -46.521370 -5.058564 21.754502 0.000000
103284 -46.846225 -4.668394 22.506956 0.000000
103285 -47.470242 -4.259125 22.986372 0.000000
103286 -48.104353 -3.830757 23.436566 0.000000
103457 -9.454772 -29.797508 56.119000 0.000000
103458 -9.182224 -29.805693 56.597502 0.000000
105659 -29.401285 -16.461706 40.367692 0.000000
105660 -29.242528 -17.041959 40.392348 0.000000
105661 -29.256293 -16.889165 39.896495 0.000000
105662 -29.173703 -17.325719 39.447214 0.000000
105696 -34.199791 -15.159322 31.463350 0.000000
105697 -34.534741 -14.561789 31.627721 0.000000
105698 -34.945858 -13.957890 31.838663 0.000000
105699 -34.458574 -13.082964 36.003642 0.000000
105700 -34.053881 -13.386732 35.470349 0.000000
105701 -34.821055 -13.102063 35.652984 0.000000
105702 -35.167935 -13.095697 35.349811 0.000000
105703 -35.509309 -13.052041 35.072206 0.000000
105704 -38.537625 -11.777851 35.519661 0.000000
105705 -37.768616 -12.104356 35.178134 0.000000
105706 -38.045753 -11.919731 34.997326 0.000000
105707 -37.617201 -12.094352 34.464947 0.000000
105708 -37.180389 -12.271702 33.975486 0.000000
105709 -36.783955 -12.461785 33.444020 0.000000
105710 -37.451102 -12.040692 33.801984 0.000000
105711 -37.717227 -11.804226 33.620262 0.000000
105712 -37.988858 -11.536837 33.444933 0.000000
105713 -38.266912 -11.267629 33.228512 0.000000
105714 -38.784479 -11.131206 33.764544 0.000000
105715 -39.547064 -10.710114 34.074109 0.000000
105716 -40.351862 -10.309030 34.391893 0.000000
105919 -13.186025 -25.259170 56.304374 0.000000
105921 -12.976796 -25.252803 56.841319 0.000000
105922 -12.787756 -25.248256 57.398354 0.000000
105925 -12.147221 -25.847608 57.549941 0.000000
105926 -11.713162 -26.421494 57.150885 0.000000
105927 -11.283692 -26.996289 56.831274 0.000000
105928 -10.819350 -27.572903 56.581978 0.000000
105929 -11.066204 -27.567447 56.044120 0.000000
105930 -10.927635 -28.131328 55.376591 0.000000
105931 -10.871657 -28.723404 54.853343 0.000000
109168 -8.151678 -29.976676 58.635703 0.000000
109169 -8.337966 -29.258182 59.385417 0.000000
109170 -7.945202 -29.965763 59.221959 0.000000
109171 -7.746985 -29.935750 59.852961 0.000000
109172 -7.536838 -29.930293 60.478484 0.000000
109173 -5.949266 -31.921159 61.360609 0.000000
109174 -6.282381 -31.258143 61.417225 0.000000
109175 -5.929077 -31.298160 61.933168 0.000000
109176 -5.982302 -30.647877 62.447284 0.000000
109177 -6.018091 -30.028517 62.971445 0.000000
109178 -6.052045 -29.448265 63.475516 0.000000
109179 -5.647352 -30.039431 63.240830 0.000000
109180 -5.239906 -30.036703 63.377806 0.000000
109181 -4.829706 -30.021241 63.441728 0.000000
115224 -30.928291 -19.973234 54.952879 0.000000
115231 -32.832460 -19.939583 53.045262 0.000000
115455 -42.522156 -8.789278 33.511595 0.000000
115456 -42.100945 -8.876589 32.953647 0.000000
115457 -42.847930 -8.511885 33.210248 0.000000
115458 -43.202151 -8.212663 32.847719 0.000000
115459 -43.569220 -7.909804 32.462360 0.000000
115464 -44.498821 -7.058525 31.413125 0.000000
115465 -44.815418 -6.755666 31.015895 0.000000
115466 -45.095308 -6.508286 30.673456 0.000000
116085 -32.532381 -12.789200 43.557403 0.000000
116086 -32.175407 -13.064774 42.896266 0.000000
116087 -32.717751 -12.706436 42.970233 0.000000
116088 -32.892109 -12.640044 42.467075 0.000000
116089 -33.085737 -12.575470 41.965744 0.000000
116092 -33.356451 -12.451780 41.426059 0.000000
116093 -33.670294 -12.373564 40.925640 0.000000
116096 -34.618249 -12.136188 39.648112 0.000000
116147 -19.722601 -23.034566 50.314877 0.000000
116148 -19.350944 -22.998186 50.664622 0.000000
116149 -19.272025 -23.478395 49.995267 0.000000
116150 -18.880179 -23.938595 49.750537 0.000000
116996 -9.011537 -26.426950 64.189616 0.000000
116997 -8.563713 -26.979918 63.914751 0.000000
118598 -32.021238 -22.698965 43.296235 0.000000
118599 -31.989120 -22.662586 43.935456 0.000000
118600 -32.160724 -22.479779 43.695292 0.000000
118601 -32.215785 -22.039587 43.730905 0.000000
118602 -32.329576 -21.398399 44.217626 0.000000
118603 -32.214867 -20.771763 44.541802 0.000000
118604 -32.199266 -20.071458 45.159107 0.000000
118616 -32.481909 -13.959709 47.738818 0.000000
118625 -22.460016 -22.537986 48.078518 0.000000
118626 -22.399450 -22.907238 47.477651 0.000000
118627 -22.834426 -22.414296 47.871228 0.000000
118628 -23.259308 -22.503425 47.484043 0.000000
118629 -23.674096 -22.469774 47.201873 0.000000
118630 -24.191663 -21.890432 48.371647 0.000000
118631 -24.121002 -22.239674 47.550705 0.000000
118632 -24.181568 -22.514339 47.063984 0.000000
118633 -24.556896 -22.695327 46.688670 0.000000
118634 -24.966178 -22.660767 46.493251 0.000000
118635 -25.406660 -22.790823 46.319749 0.000000
118636 -29.650892 -21.831315 49.078442 0.000000
118637 -29.014946 -21.908621 48.587155 0.000000
118638 -29.520583 -22.013212 48.315030 0.000000
118639 -29.283823 -22.272416 47.425600 0.000000
118640 -29.270058 -22.341537 47.227442 0.000000
118641 -30.129917 -22.391559 46.983625 0.000000
118642 -29.591243 -22.578003 46.562653 0.000000
118643 -29.127819 -22.711698 46.265872 0.000000
118644 -28.921343 -23.054574 45.493328 0.000000
118651 -30.307945 -23.582077 43.989333 0.000000
118678 -23.799817 -20.959117 53.992222 0.000000
118679 -24.154956 -20.971850 53.612342 0.000000
118680 -23.774122 -21.066437 52.669949 0.000000
118681 -23.406136 -21.227416 51.669112 0.000000
118682 -24.277006 -21.147381 51.829830 0.000000
118683 -23.708050 -21.269252 51.291972 0.000000
118684 -23.181306 -21.407494 50.747721 0.000000
118685 -22.938123 -21.751280 49.820851 0.000000
118686 -22.636209 -22.067781 48.928682 0.000000
119330 -39.084558 -9.555066 27.892846 0.000000
119360 -43.354484 -7.734274 22.748034 0.000000
119361 -46.818695 -4.589269 28.205151 0.000000
119362 -46.262586 -4.751158 27.458176 0.000000
119363 -47.008653 -4.346436 27.839882 0.000000
119364 -47.201364 -4.136345 27.509314 0.000000
119372 -48.309912 -3.521532 25.111323 0.000000
121220 -29.834426 -15.874178 38.367845 0.000000
121221 -29.548113 -16.477168 38.244567 0.000000
121222 -29.718800 -16.315279 37.786154 0.000000
121250 -33.676718 -14.730044 32.815758 0.000000
121251 -37.609859 -12.290801 37.005392 0.000000
121252 -37.173965 -12.418129 36.427354 0.000000
121253 -38.005376 -12.167111 36.721395 0.000000
121254 -38.347667 -12.007041 36.460228 0.000000
121255 -38.677111 -11.827872 36.237414 0.000000
121258 -38.990037 -11.620510 36.070304 0.000000
121259 -39.310305 -11.372220 35.895888 0.000000
121260 -39.610384 -11.123020 35.709600 0.000000
121261 -39.926063 -10.844718 35.525140 0.000000
121262 -40.216965 -10.626441 35.331547 0.000000
121413 -15.522418 -23.874931 54.285350 0.000000
121414 -15.619691 -23.361071 55.197609 0.000000
121422 -13.777006 -24.669822 56.290676 0.000000
121423 -13.838490 -25.241889 54.851517 0.000000
121424 -13.612743 -25.251894 55.336411 0.000000
121425 -13.367724 -25.311010 55.809435 0.000000
121426 -12.958443 -25.889444 55.403073 0.000000
121427 -12.544573 -26.519718 55.054241 0.000000
121428 -12.127950 -27.099970 54.818643 0.000000
121429 -11.763634 -27.654757 54.619571 0.000000
121430 -12.011406 -27.673856 54.206817 0.000000
121431 -12.017829 -28.254109 53.736534 0.000000
123959 -4.920556 -32.714231 62.114889 0.000000
128671 -32.216702 -22.006846 46.771769 0.000000
128672 -32.487415 -21.896798 46.508775 0.000000
128673 -32.675538 -21.642142 47.173565 0.000000
128674 -33.094914 -21.067346 47.608235 0.000000
128675 -33.409676 -20.433434 48.175315 0.000000
128676 -33.454641 -20.476180 49.041002 0.000000
128677 -33.651023 -20.112385 49.004475 0.000000
128678 -33.538150 -19.852272 48.457485 0.000000
128679 -33.763897 -19.188347 49.112229 0.000000
128683 -34.223650 -18.937329 51.436253 0.000000
128699 -26.652858 -21.080989 52.048078 0.000000
128700 -26.419770 -21.282895 51.163214 0.000000
128701 -26.977714 -21.218321 51.668199 0.000000
128702 -27.476928 -21.112821 51.553139 0.000000
128703 -27.799030 -21.187398 51.195175 0.000000
128704 -28.494626 -20.901820 52.450787 0.000000
128705 -28.259702 -21.130101 51.563184 0.000000
128706 -28.200971 -21.250153 50.942227 0.000000
128707 -28.557945 -21.323821 50.617137 0.000000
128708 -29.009439 -21.387486 50.399802 0.000000
128709 -29.300341 -21.593939 49.979743 0.000000
128710 -30.588753 -20.265179 53.889947 0.000000
128711 -30.524516 -20.395236 53.304603 0.000000
128712 -30.280415 -20.778130 52.381386 0.000000
128713 -31.336655 -20.625336 52.497359 0.000000
128714 -30.606188 -20.833608 52.057210 0.000000
128715 -30.164788 -21.007320 51.827091 0.000000
128716 -29.921605 -21.284714 50.948619 0.000000
128717 -29.909675 -21.432960 50.392497 0.000000
128718 -29.802308 -21.617586 49.800761 0.000000
128719 -30.177636 -21.690345 49.367005 0.000000
128720 -30.468538 -21.897707 48.880284 0.000000
128721 -30.898926 -21.939544 48.494012 0.000000
128722 -31.588097 -21.554831 49.460148 0.000000
128723 -31.423834 -21.869513 48.798098 0.000000
128724 -31.286183 -22.057777 48.187186 0.000000
128725 -31.622051 -22.125989 47.631064 0.000000
128726 -31.925800 -22.086881 47.194568 0.000000
128752 -27.626508 -20.681724 54.839646 0.000000
128753 -27.164919 -20.890906 53.748405 0.000000
128754 -26.964867 -20.907277 52.993211 0.000000
129327 -36.797720 -11.875166 30.982108 0.000000
129328 -36.628868 -12.097080 30.353845 0.000000
129329 -37.119822 -11.500457 30.659758 0.000000
129330 -37.400630 -11.143029 30.377588 0.000000
129332 -38.618380 -10.236271 31.126389 0.000000
129333 -38.254982 -10.277198 30.478950 0.000000
129334 -37.933797 -10.459095 29.813247 0.000000
129338 -41.685239 -8.917516 32.358258 0.000000
129339 -41.250263 -8.944800 31.749172 0.000000
129340 -40.850158 -8.937524 31.172048 0.000000
129341 -41.920163 -8.342720 31.101733 0.000000
129342 -41.180520 -8.655583 30.848785 0.000000
129343 -40.428947 -8.907511 30.558396 0.000000
129344 -39.983876 -8.938434 29.914609 0.000000
129345 -39.603960 -9.046663 29.197769 0.000000
129346 -39.304799 -9.268577 28.497366 0.000000
129347 -39.634243 -9.005736 28.145795 0.000000
129348 -39.958181 -8.743804 27.771394 0.000000
129349 -40.266519 -8.489147 27.375077 0.000000
129350 -41.236498 -7.899800 28.323863 0.000000
129351 -40.839146 -8.080788 27.621634 0.000000
129352 -40.556503 -8.315435 26.934015 0.000000
129353 -40.870347 -8.153547 26.491127 0.000000
129354 -41.183273 -8.018943 26.054630 0.000000
129355 -41.518223 -7.881610 25.631832 0.000000
129356 -41.809125 -7.771562 25.275694 0.000000
129357 -42.011931 -7.438690 25.901217 0.000000
129358 -42.554275 -7.047611 26.181561 0.000000
129359 -43.154432 -6.647437 26.561441 0.000000
129360 -43.323283 -6.681998 27.670945 0.000000
129361 -43.549031 -6.482820 27.301110 0.000000
129362 -43.796802 -6.276367 26.928536 0.000000
129363 -44.411642 -5.968051 27.343116 0.000000
129364 -45.126508 -5.592433 27.732128 0.000000
129365 -45.855140 -5.243190 28.143968 0.000000
129366 -45.320137 -6.293647 30.345627 0.000000
129367 -45.551391 -6.062637 30.017798 0.000000
129368 -45.774385 -5.828899 29.710059 0.000000
129372 -46.213032 -5.380522 29.180419 0.000000
129373 -46.418590 -5.126776 28.889117 0.000000
129374 -46.632408 -4.849382 28.570420 0.000000
129375 -47.389487 -4.456484 28.927470 0.000000
131037 -29.893157 -16.805492 42.921835 0.000000
131038 -29.644468 -17.161102 42.455204 0.000000
131039 -29.792213 -16.588125 42.469815 0.000000
131040 -29.734400 -16.340745 42.071671 0.000000
131041 -29.649974 -16.236154 41.447975 0.000000
131042 -30.207919 -15.255727 41.948393 0.000000
131043 -29.926194 -15.599513 41.520115 0.000000
131044 -29.608679 -16.036976 40.849847 0.000000
131045 -29.696776 -15.846893 40.457183 0.000000
131046 -29.761930 -15.705923 39.916585 0.000000
131047 -29.849109 -15.587690 39.362289 0.000000
131048 -31.802832 -13.343987 42.295399 0.000000
131049 -31.434846 -13.645027 41.679007 0.000000
131050 -31.089801 -13.927877 41.186808 0.000000
131051 -31.742266 -13.402194 40.743006 0.000000
131052 -31.237547 -13.833290 40.609683 0.000000
131053 -30.755769 -14.278029 40.552153 0.000000
131054 -30.481385 -14.669108 40.013381 0.000000
131055 -30.207919 -15.049274 39.377813 0.000000
131056 -29.992266 -15.442172 38.852739 0.000000
131057 -30.132670 -15.322120 38.396153 0.000000
131058 -30.302439 -15.209343 37.947786 0.000000
131059 -30.516257 -15.123852 37.402622 0.000000
131060 -31.209099 -14.258021 38.005315 0.000000
131061 -30.958574 -14.610901 37.491200 0.000000
131062 -30.743839 -15.053821 36.941470 0.000000
131063 -30.999870 -14.998343 36.431920 0.000000
131064 -31.300866 -14.925584 36.034690 0.000000
131065 -31.584426 -14.895571 35.607325 0.000000
131066 -31.909282 -14.840092 35.164437 0.000000
131067 -32.088228 -14.405357 35.715080 0.000000
131068 -32.708574 -13.888769 35.880364 0.000000
131069 -33.354615 -13.473134 36.084914 0.000000
131070 -33.343603 -13.188464 36.977084 0.000000
131071 -33.708837 -13.132986 36.624599 0.000000
131072 -34.091506 -13.101154 36.307728 0.000000
131073 -34.819219 -12.833765 36.569809 0.000000
131074 -35.661642 -12.609121 36.824584 0.000000
131075 -36.449004 -12.455418 37.030961 0.000000
131076 -34.992659 -12.086167 39.263667 0.000000
131077 -35.415706 -12.061611 38.878308 0.000000
131078 -35.778186 -12.087986 38.571482 0.000000
131079 -37.094128 -11.776032 39.377813 0.000000
131080 -36.618774 -11.971571 38.838129 0.000000
131081 -36.148926 -12.132550 38.280180 0.000000
131082 -36.540772 -12.218042 37.941393 0.000000
131083 -36.922523 -12.299896 37.580690 0.000000
131084 -37.263897 -12.323543 37.272951 0.000000
131085 -38.092555 -12.093443 37.575211 0.000000
131086 -38.934060 -11.868799 37.834552 0.000000
131218 -19.049030 -23.010919 51.115729 0.000000
131219 -18.793918 -22.956350 51.542181 0.000000
131220 -18.458967 -22.970902 51.970459 0.000000
131221 -17.931306 -23.865836 50.893829 0.000000
131222 -17.966178 -23.454748 51.603363 0.000000
131223 -18.179077 -22.927246 52.374994 0.000000
131224 -17.894599 -22.931794 52.821535 0.000000
131225 -17.636733 -22.889957 53.229723 0.000000
131227 -16.822759 -23.391994 53.276295 0.000000
131228 -16.377688 -23.879479 52.906460 0.000000
131229 -15.958312 -24.423352 52.602374 0.000000
131230 -16.250131 -24.916293 51.557705 0.000000
131231 -15.919770 -24.978138 51.939411 0.000000
131232 -15.582984 -25.004513 52.317464 0.000000
133100 -48.990824 -3.756179 20.520807 0.000000
133101 -48.669639 -4.253669 19.793921 0.000000
137869 -30.699791 -19.870462 43.012239 0.000000
137870 -30.351076 -19.593069 42.721850 0.000000
137871 -30.110646 -18.964613 42.930967 0.000000
137872 -30.028055 -18.308874 43.153781 0.000000
137873 -30.006031 -17.665867 43.261535 0.000000
137874 -32.727845 -21.622133 46.270437 0.000000
137875 -32.812271 -21.273800 46.124330 0.000000
137876 -32.778317 -20.895453 45.895124 0.000000
137877 -33.128868 -19.987786 47.199134 0.000000
137878 -32.915050 -20.297921 46.565392 0.000000
137879 -32.718669 -20.562581 45.835767 0.000000
137880 -32.612219 -20.145127 45.857684 0.000000
137881 -32.344259 -19.810436 45.732579 0.000000
137882 -32.159807 -19.379339 45.688747 0.000000
137885 -32.869167 -17.876867 47.948848 0.000000
137887 -32.581018 -17.483969 47.654807 0.000000
137888 -32.581936 -18.202464 47.254837 0.000000
137889 -32.335082 -18.484404 46.658536 0.000000
137890 -32.073545 -18.737242 46.023881 0.000000
137891 -31.867069 -19.064657 45.437624 0.000000
137892 -31.540378 -18.735423 45.323478 0.000000
137893 -31.247641 -18.406189 45.122580 0.000000
137894 -31.009964 -18.119700 44.922595 0.000000
137895 -31.210934 -17.112899 45.601995 0.000000
137896 -30.971422 -17.426672 45.114361 0.000000
137897 -30.707132 -17.792285 44.563719 0.000000
137898 -30.466702 -17.518530 44.158270 0.000000
137899 -30.276744 -17.233860 43.850531 0.000000
137900 -30.115234 -16.979204 43.459693 0.000000
137901 -30.219849 -16.384400 43.587537 0.000000
137902 -30.396042 -15.780501 43.602148 0.000000
137903 -30.638307 -15.185697 43.762866 0.000000
137904 -30.999870 -15.052912 44.750919 0.000000
137905 -30.960410 -14.859191 44.315336 0.000000
137906 -30.932879 -14.714583 43.795741 0.000000
137907 -31.228370 -14.174348 43.877013 0.000000
137908 -31.580756 -13.674130 43.961938 0.000000
137909 -31.983614 -13.265771 43.982941 0.000000
137910 -32.389225 -13.757803 47.191828 0.000000
137911 -32.328658 -13.546802 46.664928 0.000000
137912 -32.290116 -13.385823 46.150812 0.000000
137913 -33.150892 -12.619126 46.873131 0.000000
137914 -32.681044 -12.963821 46.237563 0.000000
137915 -32.266257 -13.243034 45.646741 0.000000
137916 -32.298375 -13.112977 45.135364 0.000000
137917 -32.371789 -13.025666 44.497970 0.000000
137918 -32.456215 -12.911980 44.049603 0.000000
137956 -26.321579 -21.360201 50.447287 0.000000
137957 -26.128868 -21.545736 49.601690 0.000000
137958 -26.049030 -21.738547 48.848323 0.000000
137959 -26.957525 -21.600305 49.210852 0.000000
137960 -26.499607 -21.781293 48.711347 0.000000
137961 -25.945333 -21.895888 48.123264 0.000000
137962 -25.960934 -22.180558 47.565316 0.000000
137963 -25.871920 -22.453404 46.820167 0.000000
137964 -25.693891 -22.875405 46.021141 0.000000
137965 -28.503802 -22.033221 48.134222 0.000000
137966 -28.040378 -22.083243 47.881273 0.000000
137967 -27.536576 -22.289696 47.315106 0.000000
137968 -27.765994 -22.688051 46.336186 0.000000
137969 -27.442974 -22.557995 46.598266 0.000000
137970 -26.976797 -22.578913 46.811949 0.000000
137971 -26.544573 -22.795371 46.291440 0.000000
137972 -26.117856 -23.074583 45.848552 0.000000
138070 -21.189041 -21.371115 54.068928 0.000000
138071 -20.817384 -21.709444 53.161235 0.000000
138072 -20.628343 -21.904074 52.334814 0.000000
138073 -20.329182 -22.165096 51.481911 0.000000
138074 -23.318957 -21.064618 53.458016 0.000000
138075 -22.684846 -21.201041 52.909200 0.000000
138076 -22.158102 -21.394761 52.400563 0.000000
138077 -22.081018 -21.633956 51.067331 0.000000
138078 -21.958967 -21.598486 51.561357 0.000000
138079 -21.632276 -21.640323 51.933932 0.000000
138080 -21.178029 -21.899526 51.501088 0.000000
138081 -20.619167 -22.284239 51.007062 0.000000
138082 -20.120871 -22.661676 50.626269 0.000000
138083 -20.004327 -23.055484 49.866510 0.000000
138084 -19.827216 -23.616637 49.163367 0.000000
138086 -20.409020 -23.683030 48.344252 0.000000
139854 -42.091768 -7.683342 24.917731 0.000000
139855 -42.375329 -7.585118 24.580770 0.000000
139856 -42.634112 -7.481436 24.253855 0.000000
139857 -43.214998 -6.661079 25.099452 0.000000
139858 -42.999345 -6.999408 24.440142 0.000000
139859 -42.875460 -7.379574 23.882194 0.000000
139860 -43.102125 -7.306815 23.539754 0.000000
139861 -43.326954 -7.254065 23.180877 0.000000
139862 -43.567384 -7.204043 22.811956 0.000000
139863 -45.723913 -4.969434 26.603447 0.000000
139864 -45.209099 -5.248647 25.754197 0.000000
139865 -44.768617 -5.547868 24.967955 0.000000
139866 -45.583509 -5.016728 24.952431 0.000000
139867 -44.956739 -5.433273 24.546983 0.000000
139868 -44.386865 -5.867098 24.227373 0.000000
139869 -44.077610 -6.229983 23.555278 0.000000
139870 -43.869298 -6.686545 22.935234 0.000000
139871 -43.836262 -7.167663 22.447600 0.000000
139872 -44.121658 -7.131284 22.047631 0.000000
139873 -44.404301 -7.102180 21.644008 0.000000
139874 -44.695203 -7.091267 21.298829 0.000000
139875 -45.077872 -6.042629 21.955400 0.000000
139876 -44.984269 -6.559217 21.410236 0.000000
139877 -45.021894 -7.103090 20.970087 0.000000
139882 -46.525040 -6.013525 20.186586 0.000000
139883 -46.852649 -5.494208 20.427663 0.000000
139884 -46.782906 -5.034008 21.394712 0.000000
139885 -47.026089 -5.013090 21.056839 0.000000
139886 -47.263766 -4.998538 20.727184 0.000000
139887 -47.776745 -4.522877 21.110716 0.000000
139888 -48.307159 -4.049034 21.495161 0.000000
139889 -48.867856 -3.561549 21.930745 0.000000
140237 -10.066859 -27.337346 58.843906 0.000000
140238 -9.854877 -27.351898 59.420118 0.000000
140239 -9.598847 -27.943064 58.597350 0.000000
140240 -9.182224 -28.571520 58.382754 0.000000
140241 -8.778448 -29.211798 58.207425 0.000000
140242 -8.904169 -29.833887 57.086963 0.000000
140243 -8.647221 -29.865719 57.586468 0.000000
140244 -8.397614 -29.913012 58.109716 0.000000
144717 -29.409544 -17.661319 41.757540 0.000000
144718 -29.282906 -18.007834 41.370355 0.000000
144726 -29.315942 -16.980114 38.471033 0.000000
144797 -36.053488 -12.787381 30.859743 0.000000
144798 -32.225879 -14.774609 34.797341 0.000000
144799 -32.505769 -14.709126 34.484123 0.000000
144800 -32.835213 -14.633638 34.161774 0.000000
144801 -33.718931 -13.768717 34.895051 0.000000
144802 -33.420688 -14.141606 34.364498 0.000000
144803 -33.180258 -14.579979 33.823900 0.000000
144804 -33.537232 -14.483573 33.545382 0.000000
144805 -33.876770 -14.357155 33.276910 0.000000
144806 -34.191532 -14.211637 33.000218 0.000000
144807 -36.703199 -12.573651 35.846576 0.000000
144808 -36.292083 -12.765553 35.340679 0.000000
144809 -35.860777 -12.965640 34.786383 0.000000
144810 -36.974830 -12.513625 34.829302 0.000000
144811 -36.219586 -12.831946 34.565396 0.000000
144812 -35.506555 -13.190283 34.301489 0.000000
144813 -35.125722 -13.436754 33.833032 0.000000
144814 -34.785266 -13.729609 33.307044 0.000000
144815 -34.509964 -14.033377 32.747270 0.000000
144816 -34.839408 -13.850571 32.560069 0.000000
144817 -35.155087 -13.616832 32.349127 0.000000
144818 -35.451495 -13.375819 32.114441 0.000000
144819 -36.414133 -12.640044 32.947254 0.000000
144820 -36.028711 -12.842859 32.449576 0.000000
144821 -35.725879 -13.110248 31.893454 0.000000
144822 -35.996592 -12.809208 31.679771 0.000000
144823 -36.259964 -12.514535 31.445086 0.000000
144824 -36.509571 -12.217133 31.206748 0.000000
144825 -37.135423 -11.663255 31.548275 0.000000
144826 -37.749345 -11.237616 31.912630 0.000000
144827 -38.452282 -10.803791 32.213977 0.000000
144828 -38.571579 -11.015701 33.014829 0.000000
144829 -38.860646 -10.763773 32.794755 0.000000
144830 -39.165313 -10.482742 32.556417 0.000000
144831 -39.927898 -10.125314 32.843153 0.000000
144832 -40.722602 -9.754243 33.132628 0.000000
144833 -41.485187 -9.386811 33.496071 0.000000
144834 -40.516126 -10.371785 35.130649 0.000000
145177 -10.780808 -26.213221 60.157048 0.000000
145256 -11.405742 -25.733922 59.919623 0.000000
145257 -10.972601 -26.259605 59.550701 0.000000
145258 -10.509177 -26.797111 59.178127 0.000000
145259 -10.213687 -27.411015 58.241212 0.000000
145260 -10.062271 -27.943974 57.470495 0.000000
145261 -9.876901 -28.557877 56.742697 0.000000
145262 -10.433928 -28.078578 56.400257 0.000000
145263 -10.071447 -28.613356 56.243191 0.000000
145264 -9.753015 -29.189971 56.137264 0.000000
145268 -11.446120 -28.202268 54.495380 0.000000
145269 -11.148794 -28.753417 54.465245 0.000000
151769 -9.628212 -27.358265 60.067557 0.000000
151770 -9.389617 -27.363722 60.736912 0.000000
151771 -9.162952 -27.376454 61.387091 0.000000
151772 -8.557289 -28.565153 60.223709 0.000000
151773 -8.715129 -27.973987 61.099441 0.000000
151774 -8.931699 -27.404648 62.019006 0.000000
151775 -8.667410 -27.445575 62.570562 0.000000
151776 -8.370084 -27.491959 63.139468 0.000000
151777 -8.083770 -27.556533 63.608839 0.000000
151778 -7.000000 -31.383652 59.722378 0.000000
151779 -7.160593 -30.608770 60.355206 0.000000
151780 -7.289067 -29.930293 61.107660 0.000000
151781 -6.634767 -30.616955 61.538677 0.000000
151782 -7.033036 -29.951211 61.637300 0.000000
151783 -7.380834 -29.288195 61.856461 0.000000
151784 -7.513896 -28.663378 62.607089 0.000000
151785 -7.633194 -28.129509 63.323929 0.000000
151786 -7.709360 -27.632020 64.024332 0.000000
151787 -7.315679 -27.704779 64.355814 0.000000
151788 -6.985317 -27.692046 64.603283 0.000000
151789 -6.560435 -27.679313 64.773133 0.000000
151790 -6.080493 -28.858917 63.974108 0.000000
151791 -6.108023 -28.256837 64.437086 0.000000
151792 -6.129130 -27.636568 64.876322 0.000000
151793 -5.681306 -27.600188 64.899151 0.000000
151804 -4.525039 -32.737878 62.343182 0.000000
151812 -4.245150 -32.692403 62.455502 0.000000
151813 -4.537887 -32.003922 62.623526 0.000000
151814 -4.452543 -31.329083 62.895651 0.000000
151815 -4.461720 -30.649696 63.139468 0.000000
151816 -4.402071 -29.982133 63.398809 0.000000
