#!ascii label  , from subject fsaverage vox2ras=TkReg 
1014
17 -19.278448 -31.610114 62.628092 0.000000
367 -41.823808 -19.984148 53.927387 0.000000
368 -45.094390 -16.257981 48.301333 0.000000
468 -50.961066 -17.154735 42.460683 0.000000
863 -39.097405 -23.169170 55.082550 0.000000
1024 -48.556766 -16.313460 45.682355 0.000000
1027 -50.407709 -14.476297 36.473012 0.000000
1028 -53.111170 -11.908817 34.685934 0.000000
1813 -44.296933 -21.992294 52.684559 0.000000
1814 -45.880835 -19.439365 50.699323 0.000000
1815 -43.188386 -17.415758 51.228050 0.000000
1823 -20.937599 -28.838909 65.142968 0.000000
1825 -24.367856 -28.179531 63.428031 0.000000
1826 -28.141322 -27.979444 62.074709 0.000000
1827 -31.814762 -28.134966 60.800834 0.000000
1830 -35.836000 -27.814827 59.475821 0.000000
1831 -39.129524 -26.305989 57.285121 0.000000
1832 -41.933011 -24.050462 55.074331 0.000000
2052 -48.141060 -19.317494 47.410076 0.000000
2949 -54.413347 -10.944761 33.047703 0.000000
3985 -43.398533 -20.393417 54.121892 0.000000
3986 -44.180389 -19.056472 53.060786 0.000000
3987 -42.574463 -18.588086 52.779529 0.000000
4007 -21.029366 -28.415997 62.834469 0.000000
4008 -22.696775 -28.536959 64.166787 0.000000
4022 -36.161773 -26.524265 58.214730 0.000000
4023 -37.536445 -27.245488 58.391886 0.000000
4024 -37.781464 -25.632059 57.497890 0.000000
4025 -40.584951 -21.599396 54.624137 0.000000
4026 -40.695072 -22.979996 56.057818 0.000000
4027 -42.221160 -21.661241 55.201262 0.000000
4028 -43.201233 -22.963626 53.931953 0.000000
4503 -45.866152 -17.055601 50.254608 0.000000
4504 -46.900368 -19.033734 49.055613 0.000000
4505 -47.395911 -16.959196 48.645598 0.000000
4506 -50.006687 -16.873704 44.080650 0.000000
4507 -50.181045 -18.112424 45.391966 0.000000
4508 -50.808732 -18.866389 43.603061 0.000000
4510 -51.086787 -19.262015 41.766672 0.000000
4514 -52.413740 -14.650919 37.398056 0.000000
4515 -51.550211 -15.318482 38.492036 0.000000
6159 -37.722733 -24.720754 55.325453 0.000000
6451 -48.555848 -17.121994 42.056148 0.000000
6455 -51.744757 -13.138443 35.733343 0.000000
6456 -53.325906 -13.792363 36.071217 0.000000
6459 -54.934584 -12.627311 32.236806 0.000000
8071 -44.194154 -23.819453 50.603440 0.000000
8073 -45.044836 -20.614422 51.836222 0.000000
8074 -45.008129 -17.855949 51.744905 0.000000
8099 -20.374148 -30.348656 64.825184 0.000000
8103 -25.484662 -29.345493 62.756849 0.000000
8105 -26.207788 -27.926694 62.684708 0.000000
8106 -27.388831 -29.386420 62.237254 0.000000
8107 -29.184715 -29.375506 61.744141 0.000000
8108 -31.013635 -29.419161 61.071133 0.000000
8109 -32.894862 -29.498286 60.350640 0.000000
8117 -33.854746 -28.143152 60.162527 0.000000
8119 -36.702282 -28.941681 58.210164 0.000000
8122 -39.185502 -24.266920 56.855017 0.000000
8123 -40.509702 -25.152760 56.183835 0.000000
8124 -41.017174 -26.565192 54.171204 0.000000
8125 -42.222077 -25.619326 53.027912 0.000000
8126 -43.315024 -24.639809 51.859965 0.000000
8727 -48.998166 -17.326628 47.084074 0.000000
8737 -50.424228 -16.156119 39.286496 0.000000
8738 -51.544705 -17.145640 40.931119 0.000000
10317 -19.147221 -30.970745 64.471787 0.000000
11665 -42.592817 -20.008704 54.240605 0.000000
11666 -43.058076 -19.331136 53.743839 0.000000
11667 -42.264290 -19.292938 53.398660 0.000000
11702 -36.275564 -26.314174 57.089702 0.000000
11703 -37.008784 -26.181389 57.854940 0.000000
11704 -37.080363 -25.757568 56.848625 0.000000
11705 -41.216309 -20.765397 54.268000 0.000000
11706 -41.398008 -21.450240 55.174780 0.000000
11707 -42.056896 -20.719922 54.715454 0.000000
11708 -42.811223 -21.015506 54.662490 0.000000
12184 -46.597536 -16.945553 49.472019 0.000000
12185 -46.369954 -16.337107 48.663862 0.000000
12186 -50.477452 -17.058330 43.257882 0.000000
12187 -50.702282 -17.609478 44.025860 0.000000
12188 -51.052833 -17.888691 43.112688 0.000000
12189 -50.984007 -19.124683 42.689889 0.000000
12190 -51.352911 -18.036937 42.248827 0.000000
12194 -52.684453 -15.396698 36.921380 0.000000
12195 -52.451364 -15.690462 37.692097 0.000000
12196 -52.377951 -16.495357 36.894898 0.000000
14595 -51.132670 -12.781014 34.258570 0.000000
14596 -52.365103 -12.496345 35.293194 0.000000
14597 -52.744102 -13.260314 36.278507 0.000000
14598 -53.291952 -12.755549 35.593628 0.000000
14599 -53.754458 -13.494961 35.274017 0.000000
14600 -53.858155 -12.412672 34.767207 0.000000
14602 -54.932749 -11.606867 32.861416 0.000000
17710 -44.302439 -22.904509 51.663633 0.000000
17711 -44.693367 -22.271506 51.245400 0.000000
17712 -44.702544 -21.291080 52.312898 0.000000
17713 -43.799555 -18.035118 52.435263 0.000000
17714 -44.552964 -18.490771 52.418826 0.000000
17715 -44.203331 -17.434857 51.691941 0.000000
17716 -44.594259 -16.989209 50.959577 0.000000
17717 -43.549948 -16.981023 50.461898 0.000000
17778 -21.245019 -30.124923 64.454436 0.000000
17779 -21.635947 -29.357316 64.904630 0.000000
17780 -23.530939 -28.328687 63.750380 0.000000
17788 -27.435632 -27.471950 61.604426 0.000000
17790 -27.151154 -27.945793 62.348661 0.000000
17791 -26.840981 -28.624270 62.701146 0.000000
17792 -27.773336 -28.637003 62.411670 0.000000
17793 -28.318433 -29.387329 62.008961 0.000000
17794 -28.713032 -28.597895 62.118542 0.000000
17797 -31.474306 -28.687024 61.099441 0.000000
17798 -31.928553 -29.449174 60.715909 0.000000
17799 -32.409413 -28.787068 60.789876 0.000000
17818 -35.156005 -27.395554 59.339759 0.000000
17819 -34.182355 -27.657486 59.566225 0.000000
17820 -34.891715 -28.042199 59.846569 0.000000
17821 -34.456739 -28.669744 60.025551 0.000000
17822 -35.479943 -28.571520 59.544309 0.000000
17823 -35.793787 -29.149953 58.870388 0.000000
17824 -36.335213 -28.436916 59.010103 0.000000
17825 -38.345832 -26.815301 57.885988 0.000000
17826 -38.065024 -27.783904 57.810195 0.000000
17827 -38.839539 -27.338256 57.162756 0.000000
17829 -39.525040 -26.873508 56.445916 0.000000
17831 -38.450446 -24.284200 56.374688 0.000000
17832 -39.137783 -23.577529 56.140916 0.000000
17833 -41.434715 -23.401998 55.841396 0.000000
17834 -40.666624 -24.040458 56.337248 0.000000
17835 -41.252098 -24.681646 55.604884 0.000000
17836 -40.840064 -25.868526 55.204915 0.000000
17837 -41.525565 -25.365580 54.669796 0.000000
17839 -42.182618 -24.833530 54.110934 0.000000
17840 -43.787625 -22.459770 53.300037 0.000000
17841 -43.336131 -23.742146 53.011475 0.000000
17842 -43.873887 -23.315597 52.295548 0.000000
17843 -43.789461 -24.255097 51.213439 0.000000
17907 -20.119953 -28.532412 64.545754 0.000000
17909 -20.069481 -28.825266 65.472623 0.000000
17910 -19.887782 -29.482825 65.716440 0.000000
19263 -45.440352 -20.982764 50.267392 0.000000
19265 -45.847798 -20.583499 49.524983 0.000000
19266 -47.553750 -19.083756 48.183533 0.000000
19271 -47.752885 -16.148843 46.347144 0.000000
19272 -48.159414 -16.388947 47.216484 0.000000
19273 -49.015601 -16.574483 46.512428 0.000000
19274 -50.131490 -19.552142 44.811188 0.000000
19275 -49.830494 -19.112860 45.693313 0.000000
19297 -51.841113 -16.129744 38.945883 0.000000
19298 -50.946383 -15.720475 38.893832 0.000000
19299 -51.484138 -16.310732 39.567753 0.000000
19300 -51.153777 -16.479896 40.223411 0.000000
19301 -51.730992 -17.087433 40.173186 0.000000
19302 -51.539199 -18.057855 40.490970 0.000000
23736 -52.535790 -11.335840 33.310697 0.000000
23737 -53.733352 -11.405871 33.897867 0.000000
23738 -53.253410 -10.750131 32.704351 0.000000
23739 -53.982041 -10.197163 31.892541 0.000000
25603 -44.001443 -21.028238 53.615082 0.000000
25604 -44.397877 -20.399783 53.133840 0.000000
25605 -43.784872 -19.720397 53.628779 0.000000
25606 -43.399450 -18.636289 53.135666 0.000000
25607 -42.858024 -17.956902 51.998767 0.000000
25643 -21.011012 -28.452377 64.323853 0.000000
25644 -21.806634 -28.726132 64.608762 0.000000
25647 -23.608024 -27.933970 62.886520 0.000000
25670 -36.056241 -27.101789 59.028367 0.000000
25671 -36.694940 -27.564718 58.924265 0.000000
25672 -36.891322 -26.723443 58.569954 0.000000
25673 -37.693367 -26.359648 58.133458 0.000000
25674 -38.464212 -25.829418 57.687830 0.000000
25675 -39.889356 -22.382464 54.857909 0.000000
25676 -39.888438 -22.848121 55.856006 0.000000
25677 -40.625329 -22.125989 55.493477 0.000000
25678 -41.464998 -22.316981 55.666067 0.000000
25679 -42.147746 -22.790823 55.313582 0.000000
25680 -42.599240 -23.492947 54.524601 0.000000
25681 -42.813058 -22.186015 54.762939 0.000000
25682 -43.422392 -21.635775 54.168464 0.000000
25722 -20.097929 -28.565153 63.063675 0.000000
26535 -45.996461 -18.120610 50.703889 0.000000
26536 -46.356189 -19.202899 49.865597 0.000000
26537 -46.576430 -17.935075 49.869249 0.000000
26538 -47.300473 -17.945079 49.008128 0.000000
26539 -48.004327 -18.025114 48.189925 0.000000
26540 -49.323021 -16.577211 44.954556 0.000000
26541 -49.666231 -16.934639 45.756321 0.000000
26542 -50.261800 -17.267511 44.882416 0.000000
26543 -50.603174 -18.422559 44.499796 0.000000
26554 -51.588753 -14.347150 37.218161 0.000000
26555 -51.044574 -14.794618 37.683879 0.000000
26556 -52.010882 -15.023808 37.957831 0.000000
26557 -52.205428 -15.905101 38.339537 0.000000
29674 -41.152990 -20.397055 53.090921 0.000000
29735 -40.609728 -21.285623 53.413271 0.000000
30400 -45.950578 -16.126106 47.623759 0.000000
30406 -48.021763 -16.544470 44.651383 0.000000
30407 -48.760489 -16.672707 43.936369 0.000000
30408 -49.391847 -16.804583 43.158346 0.000000
30409 -49.959886 -16.827320 42.345623 0.000000
30417 -51.077610 -13.806915 36.091306 0.000000
30418 -52.183404 -13.805096 36.799928 0.000000
30419 -52.832198 -14.248016 36.753356 0.000000
30420 -53.031333 -15.005618 36.105917 0.000000
30425 -54.405088 -11.987033 33.838511 0.000000
30426 -54.585869 -12.869235 33.279649 0.000000
34527 -44.599765 -23.211006 50.179728 0.000000
34528 -45.047589 -21.585754 50.806164 0.000000
34529 -45.434846 -20.045993 51.247226 0.000000
34530 -44.747510 -19.764052 52.594155 0.000000
34531 -45.142109 -19.180162 52.028902 0.000000
34532 -45.566991 -18.586267 51.377810 0.000000
34533 -45.415575 -17.365736 51.039936 0.000000
34534 -45.023729 -16.660884 50.160551 0.000000
34536 -41.821973 -18.930053 51.940324 0.000000
34537 -42.025696 -18.311602 51.228050 0.000000
34541 -42.428554 -17.399387 49.655567 0.000000
34607 -19.861170 -31.081703 63.819782 0.000000
34609 -20.760488 -30.934366 63.542177 0.000000
34617 -25.812271 -29.992138 61.457405 0.000000
34619 -23.678684 -27.729335 61.598947 0.000000
34620 -24.529366 -27.696594 62.536775 0.000000
34623 -25.279104 -28.023099 63.123944 0.000000
34625 -26.414264 -29.381872 62.379709 0.000000
34629 -29.514159 -30.112190 60.929591 0.000000
34632 -30.429995 -30.152207 60.664771 0.000000
34656 -32.055192 -27.785723 60.003635 0.000000
34658 -33.113268 -27.777538 59.796345 0.000000
34659 -32.800341 -28.200449 60.487616 0.000000
34660 -33.411511 -28.778883 60.412736 0.000000
34661 -33.883194 -29.420980 59.916883 0.000000
34666 -37.202413 -28.162251 58.390973 0.000000
34672 -37.782381 -25.034527 56.555496 0.000000
34673 -38.467882 -24.885371 57.193804 0.000000
34674 -39.167148 -25.210967 57.216633 0.000000
34675 -39.925145 -23.633917 56.561889 0.000000
34676 -39.930651 -24.603430 56.813924 0.000000
34677 -39.802177 -25.717551 56.675122 0.000000
34678 -40.143551 -26.338730 55.753731 0.000000
34679 -40.348192 -27.070867 54.728239 0.000000
34683 -42.234007 -26.364196 51.940324 0.000000
34684 -42.750656 -24.312394 53.515546 0.000000
34685 -42.779104 -25.097281 52.406042 0.000000
34686 -42.710279 -25.917638 51.372331 0.000000
34687 -43.203986 -25.512007 50.797032 0.000000
34770 -19.604222 -30.268622 65.350258 0.000000
36429 -47.303226 -16.281628 47.903189 0.000000
36430 -48.241086 -17.061968 47.817351 0.000000
36431 -48.724699 -18.384361 47.396379 0.000000
36432 -49.643289 -17.653134 46.289614 0.000000
36433 -49.321186 -18.720871 46.558087 0.000000
36434 -48.699005 -19.764052 46.560826 0.000000
36454 -49.081674 -17.004670 41.207811 0.000000
36455 -50.396697 -16.743647 41.572166 0.000000
36459 -50.364579 -15.323939 38.014447 0.000000
36460 -49.653383 -15.944209 38.310315 0.000000
36462 -49.921343 -16.519004 39.808831 0.000000
36463 -50.806897 -16.614500 40.909203 0.000000
36464 -51.330887 -17.165649 41.626957 0.000000
36465 -51.469456 -18.095144 41.407795 0.000000
41039 -18.850813 -31.685602 62.798855 0.000000
42385 -42.192712 -19.948678 54.128285 0.000000
42386 -42.402859 -19.571241 53.914602 0.000000
42387 -42.033037 -19.613987 53.697267 0.000000
42421 -35.963556 -26.573378 56.634029 0.000000
42423 -36.680258 -26.071341 56.978295 0.000000
42424 -36.740824 -25.974026 56.344554 0.000000
42425 -41.526482 -20.381593 54.090845 0.000000
42426 -41.636603 -20.694457 54.553823 0.000000
42427 -41.920163 -20.297011 54.380320 0.000000
42428 -42.331280 -20.361585 54.524601 0.000000
42903 -45.307290 -16.289813 48.897634 0.000000
42904 -45.919377 -16.358934 49.045568 0.000000
42905 -45.767043 -16.222511 48.531452 0.000000
42906 -50.715129 -17.090162 42.862479 0.000000
42907 -50.861957 -17.436676 43.191221 0.000000
42908 -51.084951 -17.516711 42.798557 0.000000
42909 -51.206084 -17.982368 42.686236 0.000000
42910 -51.258391 -17.551271 42.385803 0.000000
42914 -52.627557 -15.795053 36.520497 0.000000
42915 -52.526614 -15.996959 36.941470 0.000000
45314 -52.540379 -11.899722 34.338016 0.000000
45316 -52.715654 -12.202581 35.011937 0.000000
45317 -52.878082 -12.553643 35.530619 0.000000
45318 -53.202020 -12.313538 35.205529 0.000000
45319 -53.582854 -12.579108 35.190005 0.000000
45320 -53.523205 -12.095262 34.835695 0.000000
48430 -44.318040 -22.486145 52.156746 0.000000
48431 -44.519927 -22.162368 51.973198 0.000000
48432 -44.498821 -21.650327 52.499185 0.000000
48433 -43.538019 -17.619483 51.915668 0.000000
48434 -43.999608 -17.714069 52.072734 0.000000
48435 -43.692188 -17.360279 51.494696 0.000000
48436 -43.882146 -17.135636 51.118469 0.000000
48437 -43.385685 -17.168377 50.850909 0.000000
48497 -20.858679 -29.138130 65.340213 0.000000
48499 -21.289067 -29.070828 65.114660 0.000000
48500 -23.931962 -28.243195 63.564093 0.000000
48501 -23.841112 -28.538778 63.760425 0.000000
48508 -27.774253 -27.668400 61.917644 0.000000
48509 -27.326429 -27.625654 61.989784 0.000000
48510 -27.639356 -27.936698 62.213512 0.000000
48511 -27.495281 -28.237738 62.432673 0.000000
48512 -27.934846 -28.298674 62.354140 0.000000
48513 -28.282643 -28.595166 62.261910 0.000000
48514 -28.467095 -28.245014 62.142284 0.000000
48515 -31.350420 -28.069483 60.902196 0.000000
48516 -31.209099 -28.385075 61.163364 0.000000
48517 -31.671605 -28.357790 60.983469 0.000000
48518 -31.931306 -28.738865 60.961552 0.000000
48519 -32.089146 -28.430549 60.841014 0.000000
48538 -35.513897 -27.579270 59.472169 0.000000
48539 -35.033037 -27.715693 59.630147 0.000000
48540 -35.375328 -27.919418 59.682198 0.000000
48541 -35.195465 -28.299583 59.750686 0.000000
48542 -35.668983 -28.179531 59.564399 0.000000
48543 -35.891060 -28.502399 59.331540 0.000000
48544 -36.101207 -28.124962 59.295926 0.000000
48545 -38.748690 -26.581563 57.630300 0.000000
48546 -38.602780 -27.083600 57.561812 0.000000
48547 -39.019403 -26.865323 57.228504 0.000000
48548 -39.171736 -27.105427 56.823056 0.000000
48549 -39.351600 -26.580654 56.943595 0.000000
48551 -38.740431 -23.675754 55.775647 0.000000
48552 -39.077216 -23.301045 55.665153 0.000000
48553 -41.713687 -23.712133 55.487998 0.000000
48554 -41.371396 -23.983160 55.758297 0.000000
48555 -41.607237 -24.305118 55.355588 0.000000
48556 -41.399844 -25.045440 55.140993 0.000000
48557 -41.765995 -24.690741 54.875259 0.000000
48558 -41.849503 -25.088186 54.351099 0.000000
48559 -42.082591 -24.428808 54.610440 0.000000
48560 -44.057421 -22.176010 53.024259 0.000000
48561 -43.861039 -22.904509 52.804185 0.000000
48562 -44.106975 -22.735345 52.474530 0.000000
48563 -44.110646 -23.180993 51.953108 0.000000
48627 -20.567777 -28.605171 65.016950 0.000000
48628 -20.103435 -28.637003 65.095483 0.000000
48629 -20.522811 -28.868012 65.310992 0.000000
48630 -20.452150 -29.179057 65.478102 0.000000
49983 -45.683535 -20.196968 50.514862 0.000000
49984 -45.653252 -20.774492 49.919474 0.000000
49985 -45.889094 -19.994152 50.184294 0.000000
49986 -47.850158 -19.181071 47.804567 0.000000
49987 -47.518879 -19.650366 47.698639 0.000000
49988 -47.785921 -19.803160 47.303235 0.000000
49990 -48.032775 -20.021437 46.879523 0.000000
49991 -48.138307 -16.196136 46.064061 0.000000
49992 -48.426456 -16.254343 46.473162 0.000000
49993 -48.765995 -16.368029 46.143507 0.000000
50016 -49.979157 -14.819174 36.642863 0.000000
50017 -51.893420 -16.581759 39.166871 0.000000
50018 -51.647484 -16.230697 39.239924 0.000000
50020 -51.652072 -16.666341 39.895582 0.000000
58030 -43.722471 -20.678995 53.899992 0.000000
58031 -43.896828 -20.352490 53.670785 0.000000
58032 -43.578396 -20.045083 53.889033 0.000000
58033 -42.830494 -18.899130 53.352088 0.000000
58034 -43.192974 -18.965523 53.470801 0.000000
58035 -42.992922 -18.570806 53.008735 0.000000
58036 -43.147091 -18.224291 52.675428 0.000000
58037 -42.736891 -18.257942 52.408781 0.000000
58097 -21.032119 -28.413269 63.603360 0.000000
58104 -23.202413 -27.924875 62.429020 0.000000
58138 -35.818564 -26.637951 57.802890 0.000000
58140 -35.757080 -26.760732 58.372709 0.000000
58141 -35.721291 -27.000836 58.837514 0.000000
58142 -36.104877 -26.823487 58.605568 0.000000
58143 -36.459099 -26.949905 58.779984 0.000000
58144 -36.534348 -26.618852 58.426586 0.000000
58145 -37.379524 -25.885806 57.686004 0.000000
58146 -37.391453 -26.206855 58.106063 0.000000
58147 -37.747510 -25.984940 57.906991 0.000000
58148 -38.101731 -26.121363 57.911557 0.000000
58149 -38.145779 -25.698452 57.687830 0.000000
58150 -40.260095 -21.968647 54.731891 0.000000
58151 -40.248165 -22.192381 55.252400 0.000000
58152 -40.610646 -21.837681 55.068852 0.000000
58153 -41.828396 -21.519361 55.241442 0.000000
58154 -41.428291 -21.817673 55.456950 0.000000
58155 -41.835738 -21.995932 55.424989 0.000000
58156 -41.839408 -22.516158 55.567444 0.000000
58157 -42.205559 -22.219666 55.283447 0.000000
58158 -42.511144 -22.489783 55.038717 0.000000
58159 -42.535921 -21.886794 55.036891 0.000000
58160 -43.070924 -20.709009 54.406802 0.000000
58161 -43.136996 -21.301994 54.459766 0.000000
58162 -43.436157 -20.993678 54.203165 0.000000
58163 -43.707788 -21.364748 53.860725 0.000000
58229 -20.568695 -28.474205 63.053630 0.000000
58230 -20.592554 -28.457834 63.781428 0.000000
59583 -45.963425 -17.548543 50.554128 0.000000
59584 -46.278187 -18.056946 50.300267 0.000000
59585 -46.257080 -17.444861 50.133156 0.000000
59586 -46.964605 -16.956467 49.048307 0.000000
59587 -47.006818 -17.425762 49.302169 0.000000
59588 -47.353698 -17.417577 48.885763 0.000000
59589 -47.643682 -17.976911 48.612724 0.000000
59590 -47.762979 -17.454866 48.463877 0.000000
59591 -49.684584 -16.746376 44.514407 0.000000
59592 -49.857106 -16.862790 44.949990 0.000000
59593 -50.173703 -17.002851 44.531757 0.000000
59594 -50.826168 -18.188821 43.835007 0.000000
59595 -50.687599 -18.036028 44.300725 0.000000
59596 -50.692188 -18.706319 44.074258 0.000000
59597 -50.514159 -19.223817 44.187492 0.000000
59600 -50.676587 -19.534861 43.360158 0.000000
59614 -52.064107 -14.443556 37.386185 0.000000
59615 -51.831936 -14.664561 37.652831 0.000000
59616 -52.209099 -14.861920 37.705795 0.000000
59620 -52.201758 -16.436241 38.429941 0.000000
65363 -40.861170 -20.838156 53.284513 0.000000
66799 -48.458575 -16.598129 44.326294 0.000000
66801 -48.262193 -17.124722 42.444246 0.000000
66803 -49.026613 -16.905536 42.606790 0.000000
66804 -49.670819 -16.821863 42.751072 0.000000
66805 -49.312009 -16.924635 42.217779 0.000000
66817 -51.501574 -12.904705 35.098688 0.000000
66819 -51.120740 -13.294874 35.209182 0.000000
66820 -50.772025 -13.645027 35.360769 0.000000
66821 -51.414395 -13.465858 35.920543 0.000000
66822 -51.693368 -13.737794 36.525976 0.000000
66823 -51.997117 -13.423112 36.336037 0.000000
66824 -53.085476 -13.474043 36.253851 0.000000
66825 -52.834034 -13.680497 36.592638 0.000000
66826 -53.073546 -14.016097 36.421875 0.000000
66827 -53.004721 -14.590893 36.498581 0.000000
66828 -53.207526 -14.404448 36.131486 0.000000
66829 -53.201102 -14.846458 35.727864 0.000000
66830 -53.411249 -14.212546 35.748867 0.000000
66831 -53.991218 -13.342168 34.806473 0.000000
66836 -54.049949 -11.172133 33.480547 0.000000
66837 -54.124280 -11.677807 33.917957 0.000000
66838 -54.424359 -11.430427 33.469589 0.000000
66839 -55.030940 -12.084348 32.591117 0.000000
66840 -54.803357 -12.250784 33.076012 0.000000
76165 -44.101469 -24.265101 50.064668 0.000000
76166 -44.310698 -23.959513 49.828156 0.000000
76167 -44.411642 -23.515684 50.399802 0.000000
76168 -44.892502 -21.390214 51.592405 0.000000
76169 -44.866807 -21.932268 51.033544 0.000000
76170 -45.076954 -21.099178 51.339457 0.000000
76171 -45.287101 -20.789043 51.068244 0.000000
76172 -45.273336 -20.340666 51.526657 0.000000
76173 -44.311616 -19.707664 53.163975 0.000000
76174 -44.601600 -20.053269 52.923810 0.000000
76175 -44.492397 -19.397529 52.862628 0.000000
76176 -44.806241 -18.160627 52.065428 0.000000
76177 -44.871396 -18.801815 52.272719 0.000000
76178 -45.104484 -18.477129 51.925713 0.000000
76179 -45.351338 -18.840014 51.711118 0.000000
76180 -45.348585 -18.171541 51.618887 0.000000
76181 -45.495413 -17.901424 51.284666 0.000000
76182 -45.154039 -17.574918 51.407031 0.000000
76183 -44.285921 -16.764565 50.339533 0.000000
76184 -44.811747 -16.783665 50.520341 0.000000
76367 -20.141977 -30.728822 64.410604 0.000000
76368 -20.308076 -30.973474 63.727551 0.000000
76369 -20.581542 -30.626050 64.247146 0.000000
76370 -21.643288 -30.079448 64.231622 0.000000
76375 -22.265470 -28.617904 64.382296 0.000000
76377 -22.603173 -28.821628 64.340290 0.000000
76386 -24.841374 -29.757490 62.484724 0.000000
76387 -25.238726 -29.731115 62.276520 0.000000
76388 -25.343341 -30.061259 61.556941 0.000000
76389 -25.666361 -29.706559 62.145937 0.000000
76395 -24.119167 -27.631111 61.386178 0.000000
76396 -24.115496 -27.680223 62.109410 0.000000
76405 -25.732434 -28.009457 62.878301 0.000000
76406 -25.603042 -28.314135 63.130337 0.000000
76407 -26.084820 -28.274118 62.968705 0.000000
76408 -27.128212 -29.020806 62.508466 0.000000
76409 -26.651023 -29.001707 62.639050 0.000000
76410 -26.916230 -29.378234 62.332224 0.000000
76411 -26.623493 -29.732025 61.954171 0.000000
76412 -27.112612 -29.721111 61.841850 0.000000
76413 -27.278711 -30.045797 61.347824 0.000000
76415 -28.714867 -29.366411 61.849156 0.000000
76416 -28.489120 -29.752943 61.700309 0.000000
76417 -28.969062 -29.826611 61.497585 0.000000
76418 -29.112219 -30.095819 61.052870 0.000000
76419 -29.361825 -29.742029 61.376133 0.000000
76423 -30.795229 -29.109936 61.304905 0.000000
76424 -30.362088 -29.026263 61.459231 0.000000
76425 -30.537363 -29.424618 61.254681 0.000000
76426 -30.289592 -29.789322 61.074786 0.000000
76427 -30.713556 -29.782956 60.905849 0.000000
76429 -31.195334 -29.806602 60.746957 0.000000
76430 -32.398401 -29.458269 60.578933 0.000000
76431 -32.131359 -29.754762 60.441957 0.000000
76432 -32.574594 -29.787503 60.269368 0.000000
76433 -32.732434 -30.105823 59.834698 0.000000
76434 -33.050866 -29.800236 60.064817 0.000000
76491 -34.018092 -27.866668 59.879443 0.000000
76492 -33.649188 -27.732973 59.704114 0.000000
76493 -33.492266 -27.929422 60.061165 0.000000
76494 -32.956346 -27.975806 60.157048 0.000000
76495 -33.343603 -28.161341 60.315940 0.000000
76496 -33.118774 -28.497851 60.471179 0.000000
76497 -33.640929 -28.456015 60.315027 0.000000
76498 -34.704510 -29.006254 59.785387 0.000000
76499 -34.166755 -29.059914 60.003635 0.000000
76500 -34.381490 -29.378234 59.687677 0.000000
76501 -34.052046 -29.752033 59.573531 0.000000
76505 -36.245281 -29.093565 58.535254 0.000000
76506 -35.927767 -29.429166 58.415628 0.000000
76507 -36.385685 -29.348221 58.027530 0.000000
76510 -37.109728 -27.403739 58.646661 0.000000
76511 -36.942712 -27.876672 58.753502 0.000000
76512 -37.393289 -27.692046 58.451242 0.000000
76526 -37.397877 -25.242799 55.999374 0.000000
76527 -37.758522 -24.836258 55.983851 0.000000
76528 -38.844128 -24.250549 56.708909 0.000000
76529 -38.477977 -24.574326 56.785616 0.000000
76530 -38.831280 -24.567050 57.022127 0.000000
76531 -38.831280 -25.039074 57.275989 0.000000
76532 -39.227714 -24.679827 57.138100 0.000000
76533 -40.273860 -22.834479 56.012159 0.000000
76534 -39.898533 -23.187359 56.239539 0.000000
76535 -40.294049 -23.297407 56.317158 0.000000
76536 -40.623493 -24.587969 56.307114 0.000000
76537 -40.330756 -24.315123 56.587457 0.000000
76538 -40.234400 -24.858996 56.560062 0.000000
76539 -39.889356 -25.140027 56.799313 0.000000
76540 -40.149057 -25.382860 56.480616 0.000000
76541 -39.996723 -26.010406 56.230407 0.000000
76542 -40.334427 -25.755749 55.983851 0.000000
76543 -40.936419 -26.235049 54.696278 0.000000
76544 -40.635423 -26.442412 54.928223 0.000000
76545 -40.662953 -26.856228 54.436937 0.000000
76550 -41.967882 -25.872164 53.276295 0.000000
76554 -42.225748 -25.985849 52.473616 0.000000
76555 -42.923179 -23.228286 54.213210 0.000000
76556 -42.701102 -23.893121 54.056144 0.000000
76557 -43.027793 -23.621184 53.737447 0.000000
76558 -43.359073 -24.199618 52.448048 0.000000
76559 -43.070006 -24.444270 52.687299 0.000000
76560 -43.041558 -24.853539 52.143048 0.000000
76561 -42.761668 -25.536563 51.874575 0.000000
76562 -43.001181 -25.260989 51.607929 0.000000
76563 -42.951626 -25.670258 51.086508 0.000000
76564 -43.267306 -25.080001 51.312061 0.000000
76565 -44.029891 -24.019540 50.929442 0.000000
76566 -43.697694 -24.721663 50.663709 0.000000
76567 -43.919770 -24.477011 50.389757 0.000000
76767 -20.198873 -29.945754 65.377653 0.000000
76768 -19.772156 -29.839344 65.629689 0.000000
76769 -19.982302 -30.318643 65.112833 0.000000
76770 -19.737284 -30.669705 64.720169 0.000000
80831 -46.612219 -19.121045 49.459235 0.000000
80832 -46.390143 -19.736767 49.356960 0.000000
80833 -46.631490 -19.701297 48.914984 0.000000
80846 -46.402990 -16.091545 47.267622 0.000000
80847 -46.680127 -16.142477 47.810959 0.000000
80849 -48.637521 -16.773660 47.205526 0.000000
80850 -48.240169 -16.656337 47.562576 0.000000
80851 -48.654039 -17.202028 47.455735 0.000000
80852 -48.570531 -17.675871 47.655720 0.000000
80853 -48.897222 -17.825936 47.271274 0.000000
80854 -49.996592 -17.434857 45.623911 0.000000
80855 -49.684584 -17.211123 46.056755 0.000000
80856 -49.937862 -17.831393 45.846726 0.000000
80858 -49.586393 -18.935510 46.126156 0.000000
80859 -49.321186 -19.528495 46.139854 0.000000
80860 -49.072497 -19.299304 46.594614 0.000000
80861 -48.956870 -20.045083 46.092369 0.000000
80912 -49.746068 -16.790941 41.413274 0.000000
80913 -50.015864 -16.714544 41.058050 0.000000
80922 -51.321711 -15.037450 38.153249 0.000000
80923 -50.718800 -15.051093 37.847337 0.000000
80924 -50.990431 -15.266641 38.322186 0.000000
80925 -50.666493 -15.907829 39.070987 0.000000
80926 -50.357237 -15.765040 38.655494 0.000000
80927 -50.027793 -16.023334 38.808907 0.000000
80928 -49.330363 -16.245249 38.460075 0.000000
80929 -49.719456 -16.329831 39.004326 0.000000
80930 -49.472602 -16.571754 39.217095 0.000000
80931 -50.139749 -16.338926 39.533966 0.000000
80932 -51.405219 -16.743647 40.661734 0.000000
80933 -50.980337 -16.539922 40.595072 0.000000
80934 -51.270321 -16.800035 40.963994 0.000000
80935 -51.090457 -16.832777 41.286343 0.000000
80936 -51.415313 -17.177472 41.289996 0.000000
80937 -51.485974 -17.594927 41.574906 0.000000
80938 -51.559387 -17.604021 41.164891 0.000000
94723 -43.025958 -20.174230 54.272566 0.000000
94724 -43.204904 -19.805888 53.999527 0.000000
94725 -42.804799 -19.647638 54.004093 0.000000
94726 -42.676325 -19.237459 53.646130 0.000000
94727 -42.436813 -18.920049 53.122882 0.000000
94790 -36.226010 -26.426041 57.698788 0.000000
94791 -36.588490 -26.336911 58.082320 0.000000
94792 -36.638962 -26.208674 57.510675 0.000000
94793 -37.039985 -25.920366 57.397441 0.000000
94794 -37.416230 -25.639335 57.202936 0.000000
94795 -40.895124 -21.209226 54.407715 0.000000
94796 -40.952937 -21.462973 54.978448 0.000000
94797 -41.280546 -21.086445 54.747415 0.000000
94798 -41.730205 -21.074622 54.997625 0.000000
94799 -42.100945 -21.170118 55.037804 0.000000
94800 -42.458837 -21.333826 54.967490 0.000000
94801 -42.450578 -20.823604 54.758373 0.000000
94802 -42.706608 -20.501646 54.513643 0.000000
95655 -45.738596 -16.681802 49.881120 0.000000
95656 -46.242397 -16.998303 49.866510 0.000000
95657 -46.101994 -16.599039 49.507633 0.000000
95658 -46.462639 -16.589035 49.109490 0.000000
95659 -46.912298 -16.532646 48.704955 0.000000
95660 -50.267306 -16.972838 43.672462 0.000000
95661 -50.429734 -17.153826 44.098001 0.000000
95662 -50.634374 -17.309348 43.629543 0.000000
95663 -50.883981 -17.775005 43.556490 0.000000
95664 -50.982172 -18.395275 43.383900 0.000000
95665 -50.910594 -19.025549 43.158346 0.000000
95666 -51.107893 -18.452572 42.900832 0.000000
95667 -51.196907 -18.550797 42.502689 0.000000
95668 -51.282251 -18.609914 42.085369 0.000000
95674 -52.607369 -14.986519 37.216335 0.000000
95675 -52.437599 -15.153865 37.570646 0.000000
95676 -52.542214 -15.568591 37.320436 0.000000
95677 -52.491742 -16.116102 37.356963 0.000000
99997 -51.816336 -12.550005 34.880440 0.000000
99998 -52.074201 -12.792838 35.568972 0.000000
99999 -52.298113 -13.106611 36.093133 0.000000
100000 -52.580756 -12.842859 35.811876 0.000000
100001 -53.019403 -13.012933 35.922370 0.000000
100002 -53.359859 -13.260314 35.872145 0.000000
100003 -53.550735 -13.646846 35.676726 0.000000
100004 -53.583771 -13.108430 35.492265 0.000000
100005 -53.843472 -12.941084 35.062161 0.000000
100006 -54.105927 -12.788290 34.619273 0.000000
100007 -54.711590 -10.733760 32.618512 0.000000
100008 -54.719849 -11.214879 33.030353 0.000000
100009 -54.998821 -11.064813 32.541806 0.000000
100010 -55.206215 -11.454983 32.394785 0.000000
100012 -55.073153 -12.543638 31.729996 0.000000
105604 -44.260226 -23.359252 51.142211 0.000000
105605 -44.453855 -23.047298 50.960490 0.000000
105606 -44.499739 -22.655310 51.453603 0.000000
105607 -44.715392 -21.794026 51.766821 0.000000
105608 -44.879655 -20.933652 52.066342 0.000000
105609 -43.961065 -18.491680 52.826101 0.000000
105610 -44.356582 -18.751794 52.769484 0.000000
105611 -44.193236 -18.224291 52.485488 0.000000
105612 -44.416231 -17.895057 52.139395 0.000000
105613 -44.628213 -17.608569 51.768648 0.000000
105614 -44.799817 -17.335723 51.428034 0.000000
105615 -44.360253 -17.192934 51.327585 0.000000
105616 -44.110646 -16.911902 50.765984 0.000000
105617 -43.736236 -16.822773 50.081105 0.000000
105725 -20.583377 -29.931202 65.135663 0.000000
105726 -20.830231 -30.270441 64.654421 0.000000
105727 -20.997247 -29.891185 64.936591 0.000000
105728 -21.461589 -29.725658 64.737520 0.000000
105729 -21.849764 -29.646533 64.508313 0.000000
105738 -25.294704 -28.992612 63.165037 0.000000
105749 -26.526220 -28.243195 62.751370 0.000000
105750 -26.987809 -28.268661 62.585173 0.000000
105751 -27.315417 -28.634274 62.540427 0.000000
105752 -27.577872 -28.993521 62.390667 0.000000
105753 -27.852255 -29.412795 62.159634 0.000000
105754 -28.084426 -28.987155 62.290218 0.000000
105755 -28.519403 -28.982608 62.151416 0.000000
105756 -28.961721 -28.954414 61.962389 0.000000
105761 -31.265077 -29.078104 61.177974 0.000000
105762 -31.471553 -29.431894 60.872975 0.000000
105763 -31.760619 -29.088108 60.997166 0.000000
105764 -32.202020 -29.133582 60.809053 0.000000
105765 -32.658102 -29.129035 60.640116 0.000000
105798 -34.770583 -27.354627 59.084984 0.000000
105799 -34.294311 -27.477407 59.165343 0.000000
105800 -34.663215 -27.568356 59.487692 0.000000
105801 -34.522811 -27.820284 59.748860 0.000000
105802 -34.383325 -28.084035 60.028290 0.000000
105803 -34.172261 -28.384165 60.146090 0.000000
105806 -35.214736 -28.968965 59.485866 0.000000
105809 -36.093865 -28.804348 58.987274 0.000000
105810 -36.549948 -28.712490 58.662185 0.000000
105811 -37.970504 -27.040854 58.167245 0.000000
105812 -37.820006 -27.535615 58.157201 0.000000
105813 -38.251312 -27.324614 57.853114 0.000000
105814 -38.471553 -27.621106 57.458624 0.000000
105818 -39.328658 -27.411924 56.276979 0.000000
105819 -39.648008 -27.208199 55.904405 0.000000
105820 -38.109073 -24.290567 55.347370 0.000000
105821 -38.063189 -24.486106 55.851441 0.000000
105822 -38.451364 -24.064104 55.861485 0.000000
105823 -38.786314 -23.938595 56.267847 0.000000
105824 -39.161642 -23.914949 56.580152 0.000000
105825 -41.085082 -23.168260 56.010333 0.000000
105826 -40.706084 -23.482942 56.276979 0.000000
105827 -41.080494 -23.725775 56.072428 0.000000
105828 -40.985974 -24.283291 56.084300 0.000000
105829 -40.856582 -24.917203 55.921755 0.000000
105830 -40.709754 -25.493817 55.715378 0.000000
105831 -41.061223 -25.271903 55.448732 0.000000
105832 -41.182355 -25.627512 54.938268 0.000000
105833 -41.261275 -25.943104 54.440589 0.000000
105835 -41.608155 -25.716641 54.132850 0.000000
105836 -41.914657 -25.487451 53.816893 0.000000
105837 -42.218407 -25.231885 53.571250 0.000000
105838 -43.504983 -22.678956 53.621474 0.000000
105839 -43.287494 -23.341063 53.489977 0.000000
105840 -43.591244 -23.112781 53.144798 0.000000
105841 -43.616938 -23.515684 52.648946 0.000000
105842 -43.604091 -23.950419 52.113827 0.000000
105843 -43.552701 -24.422442 51.547660 0.000000
105844 -43.848192 -23.774888 51.756776 0.000000
105845 -44.078527 -23.585714 51.449037 0.000000
105961 -19.654694 -28.548783 64.664466 0.000000
105962 -19.617069 -28.663378 65.203238 0.000000
105963 -19.579445 -28.845275 65.603207 0.000000
105966 -20.351206 -29.527390 65.521935 0.000000
108404 -47.202282 -19.063747 48.625509 0.000000
108405 -46.926063 -19.642181 48.483967 0.000000
108406 -47.191270 -19.661280 48.088563 0.000000
108413 -47.361039 -16.109735 46.643925 0.000000
108414 -47.560174 -16.138839 47.156215 0.000000
108415 -48.044705 -16.193408 46.823820 0.000000
108416 -48.607237 -16.450793 46.900526 0.000000
108417 -49.057814 -16.860062 46.865826 0.000000
108418 -50.230599 -18.820914 45.118927 0.000000
108419 -50.056241 -18.544431 45.596516 0.000000
108459 -51.726404 -15.741393 38.742245 0.000000
108460 -51.239120 -15.538578 38.688368 0.000000
108461 -51.452938 -15.860536 38.994281 0.000000
108462 -51.240038 -16.002416 39.218008 0.000000
108463 -51.052833 -16.119739 39.488307 0.000000
108464 -50.786708 -16.252524 39.761346 0.000000
108465 -51.327217 -16.378034 39.870926 0.000000
108466 -51.572235 -16.696354 40.287333 0.000000
108467 -51.656661 -17.108351 40.553979 0.000000
108468 -51.635554 -17.553090 40.785012 0.000000
116820 -52.904694 -11.571397 34.046714 0.000000
116821 -53.451627 -11.654161 34.306055 0.000000
116822 -53.227715 -11.269448 33.709753 0.000000
116823 -53.570924 -11.014792 33.339919 0.000000
116824 -53.903121 -10.773778 32.944515 0.000000
116826 -53.640667 -10.464552 32.277899 0.000000
116827 -54.263766 -10.510936 32.544545 0.000000
116828 -54.550080 -10.322672 32.123573 0.000000
121177 -44.205166 -21.493895 53.183151 0.000000
121178 -44.413478 -21.167390 52.999604 0.000000
121179 -44.179471 -20.723560 53.374917 0.000000
121180 -44.116152 -19.994152 53.446145 0.000000
121181 -43.962901 -19.392072 53.353915 0.000000
121182 -43.426063 -19.496663 53.728315 0.000000
121183 -43.584820 -19.132868 53.468974 0.000000
121184 -43.797720 -18.788173 53.167627 0.000000
121185 -43.551784 -18.314330 52.795966 0.000000
121186 -43.337049 -17.945079 52.262674 0.000000
121187 -43.055323 -17.644039 51.674591 0.000000
121271 -20.988988 -28.606080 64.806008 0.000000
121272 -21.380834 -28.801620 64.939331 0.000000
121273 -21.432224 -28.551511 64.533882 0.000000
121274 -21.868118 -28.456924 64.236188 0.000000
121278 -22.736235 -28.305950 63.789647 0.000000
121279 -23.155611 -28.209544 63.580530 0.000000
121280 -23.574987 -28.113138 63.380546 0.000000
121281 -24.008128 -28.001272 63.240830 0.000000
121302 -31.462376 -27.870306 60.541493 0.000000
121332 -35.251443 -27.200014 58.954400 0.000000
121333 -35.637783 -27.256402 59.230178 0.000000
121334 -35.973650 -27.491959 59.279489 0.000000
121335 -36.286576 -27.741158 59.241136 0.000000
121336 -36.397615 -27.327342 59.020148 0.000000
121337 -36.794967 -27.152721 58.796421 0.000000
121338 -37.232696 -26.950815 58.565388 0.000000
121339 -36.961983 -26.442412 58.279566 0.000000
121340 -37.302439 -26.609757 58.350793 0.000000
121341 -37.635554 -26.799840 58.326137 0.000000
121342 -38.058601 -26.587930 58.071362 0.000000
121343 -38.419246 -26.321450 57.827545 0.000000
121344 -38.834033 -26.073160 57.528938 0.000000
121345 -39.457132 -22.773543 54.965664 0.000000
121346 -39.479157 -22.971811 55.519959 0.000000
121347 -39.863661 -22.568909 55.416771 0.000000
121348 -40.241742 -22.516158 55.641411 0.000000
121349 -40.664788 -22.546171 55.795737 0.000000
121350 -41.004327 -21.784022 55.319974 0.000000
121351 -41.042869 -22.186015 55.626800 0.000000
121352 -41.097012 -22.640758 55.872444 0.000000
121353 -41.492528 -22.833569 55.792998 0.000000
121354 -41.830232 -23.080949 55.578402 0.000000
121355 -42.115627 -23.392903 55.225918 0.000000
121356 -42.282644 -23.793077 54.779376 0.000000
121357 -42.404694 -23.123695 54.955619 0.000000
121358 -42.759833 -22.857216 54.642401 0.000000
121359 -43.049817 -22.555266 54.388539 0.000000
121360 -42.799293 -21.551193 54.807685 0.000000
121361 -43.112219 -21.849505 54.521862 0.000000
121362 -43.337966 -22.255136 54.095410 0.000000
121363 -43.645386 -21.989566 53.779453 0.000000
121364 -43.916099 -21.754009 53.466235 0.000000
121457 -20.121789 -28.513313 63.820695 0.000000
121458 -20.592554 -28.496942 64.440739 0.000000
123351 -45.954248 -18.759979 50.762332 0.000000
123352 -46.082722 -19.296576 50.315790 0.000000
123353 -46.227715 -18.642655 50.339533 0.000000
123354 -46.493839 -18.528969 49.939564 0.000000
123355 -46.797589 -18.467124 49.521331 0.000000
123356 -46.643420 -17.418486 49.720402 0.000000
123357 -46.949005 -17.920523 49.432753 0.000000
123358 -47.131621 -18.509870 49.069310 0.000000
123359 -47.476666 -18.508961 48.642859 0.000000
123360 -47.811616 -18.532607 48.256587 0.000000
123361 -48.127295 -18.653569 47.833788 0.000000
123362 -48.961459 -16.443517 45.340828 0.000000
123363 -49.172523 -16.532646 45.756321 0.000000
123364 -49.549686 -16.690897 45.365484 0.000000
123365 -49.969980 -17.081976 45.329870 0.000000
123366 -50.251705 -17.654043 45.183762 0.000000
123367 -50.527924 -17.419396 44.485186 0.000000
123368 -50.513242 -17.824117 44.736308 0.000000
123369 -50.397615 -18.302507 44.965514 0.000000
123370 -50.420557 -19.027368 44.650470 0.000000
123394 -51.039068 -14.335327 36.904943 0.000000
123395 -50.694941 -14.624544 37.100362 0.000000
123396 -51.327217 -14.586345 37.462891 0.000000
123397 -51.621789 -14.849187 37.913998 0.000000
123398 -51.780546 -15.150227 38.244567 0.000000
123399 -52.291690 -15.308477 37.867426 0.000000
123400 -52.111826 -15.419435 38.201648 0.000000
123401 -51.945727 -15.602242 38.475599 0.000000
123402 -52.059519 -16.012420 38.637231 0.000000
123403 -52.050342 -16.534465 38.793383 0.000000
131008 -41.464081 -20.130575 53.546594 0.000000
131009 -41.658627 -19.794065 53.314648 0.000000
131010 -41.312665 -20.038717 52.852583 0.000000
131169 -39.148795 -23.070036 54.452461 0.000000
131171 -39.939828 -22.227851 54.288090 0.000000
131172 -40.270190 -21.844957 54.186728 0.000000
131175 -40.593210 -21.432050 54.028749 0.000000
131176 -40.898795 -20.990949 53.874423 0.000000
131177 -41.164920 -20.569857 53.716444 0.000000
132975 -44.790641 -16.370758 47.600929 0.000000
132976 -45.508260 -16.199774 47.950674 0.000000
132978 -45.712901 -16.189770 47.029284 0.000000
132979 -46.173572 -16.181585 46.746200 0.000000
132984 -47.458312 -16.183404 45.867728 0.000000
132985 -47.827216 -16.247977 45.541726 0.000000
132994 -48.263111 -16.364391 45.196547 0.000000
132995 -48.679734 -16.461706 44.834018 0.000000
132996 -49.086262 -16.611772 44.435874 0.000000
132997 -49.441401 -16.703630 44.034992 0.000000
132999 -49.136734 -16.720001 43.559229 0.000000
133000 -49.777269 -16.781846 43.656025 0.000000
133001 -49.998428 -16.858243 43.242358 0.000000
133002 -50.253541 -16.883708 42.863392 0.000000
133003 -50.527924 -16.900079 42.431461 0.000000
133022 -50.404956 -14.016097 35.568972 0.000000
133023 -50.727977 -14.134330 36.287639 0.000000
133024 -51.349241 -14.061571 36.688521 0.000000
133025 -51.878737 -14.101589 36.980736 0.000000
133026 -52.313714 -14.214365 37.129583 0.000000
133027 -52.471553 -13.510423 36.573461 0.000000
133028 -52.554144 -13.956980 36.868416 0.000000
133029 -52.631228 -14.455379 37.083925 0.000000
133030 -52.800997 -14.809169 36.848326 0.000000
133031 -52.862481 -15.223895 36.485797 0.000000
133032 -52.745937 -15.628617 36.042908 0.000000
133037 -53.621396 -14.083399 35.343418 0.000000
133043 -53.833378 -11.904269 34.369977 0.000000
133044 -54.133457 -12.215314 34.317013 0.000000
133045 -54.331674 -12.599117 34.172732 0.000000
133046 -54.682224 -11.783308 33.322568 0.000000
133047 -54.567515 -12.414491 33.620262 0.000000
144612 -44.653908 -22.736254 50.725805 0.000000
144613 -44.818171 -22.452494 50.487467 0.000000
144614 -44.982434 -22.053230 50.279264 0.000000
144615 -45.246723 -21.275619 50.555955 0.000000
144616 -45.469718 -20.521654 50.774203 0.000000
144617 -45.645911 -19.696750 50.977840 0.000000
144618 -44.591506 -20.834518 52.754874 0.000000
144619 -44.782382 -20.486184 52.514709 0.000000
144620 -44.934715 -20.151493 52.266326 0.000000
144621 -44.697038 -19.091032 52.596895 0.000000
144622 -44.949398 -19.456646 52.319290 0.000000
144623 -45.142109 -19.874100 51.957674 0.000000
144624 -45.324726 -19.601254 51.659980 0.000000
144625 -45.553226 -19.239278 51.385115 0.000000
144626 -45.750525 -19.028277 51.059113 0.000000
144627 -45.764290 -18.284317 51.087421 0.000000
144628 -45.733090 -17.724983 50.923963 0.000000
144629 -45.622051 -17.200209 50.635401 0.000000
144630 -45.023729 -17.139274 51.043589 0.000000
144631 -45.249477 -16.939187 50.624443 0.000000
144632 -45.469718 -16.775479 50.258261 0.000000
144635 -44.791558 -16.374396 48.689431 0.000000
144636 -41.850420 -19.443913 53.040696 0.000000
144638 -42.180782 -18.720871 52.386865 0.000000
144640 -41.994495 -18.554435 51.663633 0.000000
144641 -42.358810 -18.363443 52.075473 0.000000
144642 -42.392764 -18.063312 51.639890 0.000000
144643 -42.579969 -17.797742 51.288319 0.000000
144644 -42.703855 -17.557638 50.890176 0.000000
144653 -42.833247 -17.312986 50.506643 0.000000
144654 -42.993839 -17.148369 50.079279 0.000000
144662 -44.512586 -16.408047 48.020075 0.000000
144851 -19.575774 -31.365462 63.229872 0.000000
144853 -20.024515 -31.307255 63.109334 0.000000
144854 -20.470504 -31.242682 62.912088 0.000000
144862 -21.726796 -29.031720 64.831576 0.000000
144863 -22.030546 -29.248178 64.635244 0.000000
144886 -23.653907 -27.772991 62.287479 0.000000
144887 -24.077871 -27.811189 62.734020 0.000000
144888 -24.457788 -27.923056 63.062762 0.000000
144897 -24.805585 -28.060388 63.277357 0.000000
144900 -25.719586 -28.994431 62.981489 0.000000
144901 -26.363792 -28.595166 62.834469 0.000000
144903 -25.962769 -29.340945 62.574215 0.000000
144904 -26.147221 -29.719292 62.019006 0.000000
144910 -28.063320 -29.736572 61.771536 0.000000
144917 -29.177373 -28.617904 61.955997 0.000000
144918 -29.425145 -28.972603 61.819934 0.000000
144921 -29.601338 -29.359135 61.578857 0.000000
144922 -29.779366 -29.764766 61.194411 0.000000
144928 -31.656922 -29.766585 60.557930 0.000000
144929 -31.787232 -30.120375 60.159787 0.000000
144995 -31.563320 -27.696594 60.101344 0.000000
144996 -31.927636 -27.922146 60.435565 0.000000
145001 -33.238989 -27.660214 59.375372 0.000000
145003 -32.608548 -27.802094 59.931494 0.000000
145004 -32.454379 -27.961254 60.326898 0.000000
145005 -32.293787 -28.154065 60.651987 0.000000
145006 -32.617725 -28.476933 60.679382 0.000000
145007 -32.926980 -28.815262 60.589891 0.000000
145008 -33.178422 -29.148134 60.421868 0.000000
145009 -33.948349 -28.731589 60.216404 0.000000
145010 -33.687730 -29.087199 60.215491 0.000000
145011 -33.382145 -29.420071 60.169832 0.000000
145012 -33.586786 -29.778408 59.809129 0.000000
145024 -36.557290 -28.014914 59.018322 0.000000
145025 -36.775696 -28.269570 58.709670 0.000000
145026 -36.969324 -28.549692 58.325224 0.000000
145027 -37.628213 -27.985810 58.109716 0.000000
145028 -37.418066 -28.415997 57.980045 0.000000
145029 -37.117069 -28.839818 57.862246 0.000000
145042 -37.094128 -25.593861 56.256889 0.000000
145043 -37.426325 -25.414692 56.680601 0.000000
145044 -37.789723 -25.295549 57.109792 0.000000
145045 -38.113661 -24.650723 56.476964 0.000000
145046 -38.129261 -24.921750 56.918939 0.000000
145047 -38.141191 -25.282816 57.349043 0.000000
145048 -38.498165 -25.380131 57.409312 0.000000
145049 -38.880835 -25.538382 57.436708 0.000000
145050 -39.206608 -25.763025 57.328040 0.000000
145051 -39.504851 -23.185540 56.055078 0.000000
145052 -39.537888 -23.559339 56.406649 0.000000
145053 -39.576430 -23.994983 56.698864 0.000000
145054 -40.322497 -23.825819 56.499793 0.000000
145055 -39.984794 -24.135044 56.698864 0.000000
145056 -39.547064 -24.362416 56.920765 0.000000
145057 -39.583771 -24.916293 56.990166 0.000000
145058 -39.527793 -25.428334 57.012996 0.000000
145059 -39.458050 -26.016772 57.019388 0.000000
145060 -39.713163 -26.314174 56.590197 0.000000
145061 -39.848061 -26.633404 56.058731 0.000000
145062 -39.945334 -26.955362 55.559225 0.000000
145063 -40.508784 -26.109540 55.469735 0.000000
145064 -40.260095 -26.729809 55.242355 0.000000
145078 -42.396435 -24.186885 54.291742 0.000000
145079 -42.472602 -24.563413 53.790411 0.000000
145080 -42.512979 -24.983595 53.226984 0.000000
145081 -43.078265 -24.030453 53.219678 0.000000
145082 -42.778186 -24.712568 52.965816 0.000000
145083 -42.522156 -25.380131 52.688212 0.000000
145089 -43.070924 -25.904905 50.246389 0.000000
145090 -43.496723 -24.883552 50.998843 0.000000
145091 -43.394862 -25.301916 50.471943 0.000000
145337 -19.392240 -30.627869 64.961247 0.000000
145338 -19.485842 -31.002577 64.175919 0.000000
150237 -46.098323 -19.834082 49.787064 0.000000
150255 -46.196514 -16.157028 48.170749 0.000000
150256 -46.837049 -16.275262 48.309551 0.000000
150257 -47.353698 -16.563569 48.318683 0.000000
150258 -47.777662 -16.325283 47.554358 0.000000
150259 -47.821710 -16.597220 47.895884 0.000000
150260 -47.813451 -16.989209 48.226452 0.000000
150261 -48.170426 -17.545814 48.045644 0.000000
150262 -48.379655 -18.151532 47.791782 0.000000
150263 -48.464998 -18.840014 47.427427 0.000000
150264 -49.278973 -16.699992 46.173641 0.000000
150265 -49.382670 -17.054692 46.456725 0.000000
150266 -49.367070 -17.443042 46.708760 0.000000
150268 -49.515732 -18.179726 46.460377 0.000000
150269 -49.231254 -18.003286 46.875871 0.000000
150270 -49.033037 -18.508961 46.998236 0.000000
150271 -48.764159 -19.061928 47.037502 0.000000
150272 -48.434715 -19.521219 46.976320 0.000000
150332 -48.810043 -17.075610 41.654352 0.000000
150333 -49.547851 -16.844600 41.845205 0.000000
150334 -50.201233 -16.800945 41.963004 0.000000
150335 -50.715129 -16.911902 42.023273 0.000000
150345 -50.374673 -14.913760 37.289388 0.000000
150346 -50.036052 -15.208434 37.438236 0.000000
150347 -49.652466 -15.507655 37.580690 0.000000
150348 -50.644469 -15.515840 38.466467 0.000000
150349 -50.011275 -15.604970 38.166947 0.000000
150350 -49.275302 -15.852350 37.728624 0.000000
150355 -49.257867 -16.793669 39.491047 0.000000
150356 -49.778187 -16.653608 40.164055 0.000000
150357 -50.592161 -16.418961 40.021600 0.000000
150358 -50.426981 -16.483534 40.396000 0.000000
150359 -50.252623 -16.626323 40.728395 0.000000
150360 -50.616939 -16.685440 41.234293 0.000000
150361 -50.907841 -16.879161 41.632436 0.000000
150362 -51.130835 -17.164739 42.032405 0.000000
150363 -51.402466 -17.560366 41.968483 0.000000
150364 -51.458444 -18.097873 41.852510 0.000000
150365 -51.305192 -18.647203 41.592256 0.000000
150366 -51.514422 -18.086049 40.954862 0.000000
150367 -51.310698 -18.657207 41.132017 0.000000
150368 -51.083116 -19.256559 41.210550 0.000000
