#!ascii label  , from subject fsaverage vox2ras=TkReg 
1504
45 -35.499214 -24.907198 44.826712 0.000000
47 -20.190614 -26.795292 47.702292 0.000000
168 -27.239251 -26.996289 45.246771 0.000000
225 -41.419115 -8.215392 25.080276 0.000000
226 -46.332329 -7.817946 19.877020 0.000000
378 -14.268878 -26.875327 52.109261 0.000000
704 -38.749607 -9.796989 28.227067 0.000000
852 -36.355402 -22.397925 42.772988 0.000000
860 -31.490824 -26.697068 45.097011 0.000000
869 -17.163215 -26.684335 49.772453 0.000000
870 -17.022811 -30.053073 52.830667 0.000000
1447 -31.910200 -24.693469 42.407719 0.000000
1448 -32.343341 -22.349722 41.196852 0.000000
1452 -23.579576 -26.265062 46.033013 0.000000
1454 -28.408364 -24.261463 43.947327 0.000000
1551 -35.447825 -18.006924 30.755641 0.000000
1553 -38.076954 -15.217529 28.339387 0.000000
1554 -40.831805 -13.013843 26.156906 0.000000
1577 -10.111825 -31.448226 55.673372 0.000000
1578 -7.285396 -32.074862 58.706017 0.000000
1818 -30.541034 -20.394326 39.508397 0.000000
1819 -30.938386 -19.493935 36.256591 0.000000
1820 -33.049948 -19.267472 33.052269 0.000000
1841 -13.463162 -31.037138 53.968479 0.000000
2777 -20.197955 -28.461472 49.545073 0.000000
2779 -21.908495 -27.817555 48.697649 0.000000
2780 -33.619822 -25.964022 45.002954 0.000000
2787 -19.457394 -24.606158 48.425524 0.000000
2789 -18.630572 -26.687973 48.608158 0.000000
2790 -18.558994 -28.621541 49.999833 0.000000
3370 -31.366938 -23.331058 43.575666 0.000000
3383 -30.183142 -24.758043 43.012239 0.000000
3543 -35.281726 -15.263913 30.127379 0.000000
3544 -36.765601 -16.729095 29.567604 0.000000
3545 -36.574725 -13.780540 28.870854 0.000000
3547 -39.050604 -11.298551 26.413507 0.000000
3548 -40.503278 -10.529126 25.139632 0.000000
3549 -42.430389 -12.287163 25.304003 0.000000
3550 -42.036708 -10.071654 23.885846 0.000000
3551 -43.506818 -9.958878 22.853962 0.000000
3993 -30.371264 -20.025984 42.191297 0.000000
3994 -31.393551 -21.236511 40.564937 0.000000
3995 -29.411380 -19.098308 40.860805 0.000000
3997 -29.629786 -17.784100 37.068401 0.000000
3998 -30.547457 -17.483969 35.220140 0.000000
3999 -31.801915 -19.318404 34.621099 0.000000
4000 -31.738595 -17.312076 33.636699 0.000000
4001 -32.974699 -17.021950 32.298902 0.000000
4015 -25.349765 -26.534270 45.558163 0.000000
4045 -11.988464 -29.312751 53.504588 0.000000
4046 -13.571448 -29.139949 52.430697 0.000000
4645 -7.097273 -34.776946 60.482137 0.000000
4647 -5.335344 -34.987038 61.787973 0.000000
5872 -37.480467 -11.011154 29.470808 0.000000
6140 -35.957132 -21.117368 41.815070 0.000000
6154 -29.333378 -27.044492 45.147236 0.000000
6171 -15.670163 -26.749818 50.886523 0.000000
6172 -15.272811 -28.962599 51.462735 0.000000
6173 -16.900761 -28.824357 50.711194 0.000000
6466 -47.837311 -8.038952 18.951977 0.000000
7213 -33.461983 -25.270084 43.045113 0.000000
7214 -34.195203 -24.205984 42.076237 0.000000
7215 -32.604877 -23.725775 41.672615 0.000000
7223 -20.760488 -24.846263 47.090466 0.000000
7224 -21.875459 -26.355101 46.748940 0.000000
7225 -22.483876 -24.426080 46.106980 0.000000
7226 -24.212769 -24.673460 45.247685 0.000000
7227 -25.868249 -25.116380 44.613030 0.000000
7229 -26.910724 -23.742146 44.919856 0.000000
7230 -27.551259 -25.636607 44.030426 0.000000
7231 -29.516912 -25.927642 43.689813 0.000000
7232 -31.497248 -25.847608 43.302628 0.000000
7455 -36.616021 -20.117842 32.576507 0.000000
7460 -37.729156 -12.367198 27.642637 0.000000
7461 -39.325905 -13.956071 27.180572 0.000000
7468 -44.987940 -9.893395 21.918873 0.000000
7519 -8.587572 -31.831119 57.108879 0.000000
7520 -8.722470 -34.087556 59.263052 0.000000
8082 -34.343865 -22.904509 41.148454 0.000000
8083 -33.653776 -21.626680 40.277288 0.000000
8084 -32.993053 -20.667172 39.455433 0.000000
8085 -29.150761 -18.320697 39.107514 0.000000
8086 -30.368511 -19.750410 38.008055 0.000000
8087 -32.899450 -20.266089 38.255525 0.000000
8088 -33.493184 -20.330662 36.822757 0.000000
8089 -34.374149 -20.640797 35.297760 0.000000
8090 -35.365234 -20.603508 33.778241 0.000000
8091 -34.303488 -18.871846 31.838663 0.000000
8092 -34.165837 -16.292542 31.146479 0.000000
8110 -23.533692 -27.397373 48.120524 0.000000
8147 -10.581673 -29.321846 54.863388 0.000000
8148 -11.753540 -31.278152 54.702670 0.000000
8150 -15.270976 -30.573300 53.355741 0.000000
8900 -3.859727 -34.981581 62.375143 0.000000
10457 -20.125459 -27.762077 48.454745 0.000000
10458 -21.070661 -28.142242 49.059265 0.000000
10459 -21.000000 -27.492869 47.978983 0.000000
10460 -34.586131 -25.485632 44.924422 0.000000
10467 -19.643682 -25.739379 47.778998 0.000000
10468 -18.915968 -25.676624 48.394476 0.000000
10469 -19.383980 -26.769827 48.166183 0.000000
10470 -19.303225 -27.815736 48.830972 0.000000
11223 -35.640536 -13.786906 30.266181 0.000000
11224 -35.955297 -14.548147 29.523772 0.000000
11225 -36.261799 -13.074779 29.621481 0.000000
11226 -40.710672 -8.482781 25.933178 0.000000
11227 -40.074725 -9.635100 25.703972 0.000000
11228 -40.779497 -9.340427 24.986219 0.000000
11229 -41.243839 -10.269013 24.516848 0.000000
11230 -41.531988 -9.133973 24.265726 0.000000
11231 -42.169770 -8.984818 23.675817 0.000000
11674 -29.828920 -19.553051 41.654352 0.000000
11677 -30.319875 -16.508090 35.893148 0.000000
11679 -31.107237 -17.350275 34.395546 0.000000
11680 -31.444940 -16.322555 34.278660 0.000000
11681 -32.081805 -16.223421 33.547209 0.000000
11695 -26.308732 -26.775284 45.418448 0.000000
11696 -26.183928 -27.254583 46.364494 0.000000
11697 -27.186026 -27.428295 46.213821 0.000000
11725 -13.085999 -28.104044 52.719260 0.000000
11726 -13.850420 -28.011276 52.103782 0.000000
12213 -46.347930 -8.876589 20.373786 0.000000
12326 -6.251180 -34.970667 61.171582 0.000000
14068 -37.307945 -22.649853 44.284288 0.000000
14072 -36.256293 -21.709444 42.286267 0.000000
14095 -30.329969 -26.888060 45.061397 0.000000
14097 -31.669770 -27.028121 46.325228 0.000000
14120 -17.585344 -25.512007 49.705791 0.000000
14122 -16.915443 -25.528378 50.334967 0.000000
14123 -16.249214 -25.542020 50.997017 0.000000
14124 -16.450184 -26.680697 50.289308 0.000000
14125 -16.173047 -27.867577 50.549563 0.000000
14126 -16.965915 -27.790271 50.082018 0.000000
14127 -19.472995 -29.091746 50.856388 0.000000
14128 -18.631490 -29.262729 51.119382 0.000000
15865 -32.622313 -25.149122 42.511821 0.000000
15866 -33.014159 -24.663456 42.113677 0.000000
15867 -32.318564 -24.257825 42.044276 0.000000
15887 -21.312926 -23.837642 47.263969 0.000000
15888 -21.580887 -24.615253 46.585482 0.000000
15889 -22.105795 -23.679392 46.729763 0.000000
15891 -23.888831 -23.783983 45.675049 0.000000
15892 -24.759702 -23.897668 45.347220 0.000000
15893 -25.096487 -24.913565 44.886981 0.000000
15894 -25.550735 -24.140501 44.890634 0.000000
15898 -28.500132 -23.385627 45.098837 0.000000
15900 -27.647615 -24.057738 44.370126 0.000000
15901 -27.124542 -24.695288 44.190231 0.000000
15902 -27.948611 -24.932664 43.871534 0.000000
15903 -28.511144 -25.772120 43.851444 0.000000
15904 -28.818564 -25.208238 43.536400 0.000000
15905 -30.926456 -24.688012 42.734635 0.000000
15906 -30.686943 -25.374675 42.961101 0.000000
15907 -31.695465 -25.310101 42.785772 0.000000
15908 -32.490168 -25.643883 43.154694 0.000000
16383 -35.917672 -19.191076 31.479787 0.000000
16384 -37.336393 -19.635814 31.948244 0.000000
16385 -36.598585 -18.662664 30.895356 0.000000
16386 -37.436419 -15.930566 28.960344 0.000000
16387 -37.942056 -17.314805 29.737454 0.000000
16391 -38.062271 -10.371785 28.854416 0.000000
16392 -37.406136 -11.630514 28.365869 0.000000
16393 -37.999870 -11.060266 27.757697 0.000000
16394 -39.748034 -12.196215 26.082939 0.000000
16395 -39.032250 -12.645501 26.624450 0.000000
16396 -40.063713 -13.455853 26.649106 0.000000
16397 -40.613399 -14.679113 27.541275 0.000000
16409 -44.236367 -9.907946 22.365415 0.000000
16410 -44.125329 -8.849304 21.883260 0.000000
16411 -44.797982 -8.831114 21.303395 0.000000
16517 -9.543786 -30.389583 55.802129 0.000000
16518 -8.896828 -30.476894 56.678775 0.000000
16519 -9.315286 -31.643765 56.388386 0.000000
16521 -9.496985 -33.702843 58.761721 0.000000
16523 -8.903251 -34.611420 60.975250 0.000000
17733 -33.417017 -23.511137 41.285430 0.000000
17734 -34.374149 -23.622094 41.606867 0.000000
17735 -33.240824 -22.849940 40.850760 0.000000
17736 -30.886078 -20.811781 40.114743 0.000000
17737 -32.563582 -21.579387 40.193276 0.000000
17738 -31.983614 -21.089174 39.796959 0.000000
17739 -33.424358 -21.092812 39.976854 0.000000
17740 -31.685370 -20.704461 39.275538 0.000000
17743 -29.238857 -17.117446 39.000673 0.000000
17744 -30.055585 -18.664483 36.578027 0.000000
17745 -29.775695 -18.889126 37.473849 0.000000
17746 -30.558469 -19.560327 37.116799 0.000000
17747 -31.538543 -20.178778 37.916738 0.000000
17748 -31.711983 -20.076915 37.149673 0.000000
17749 -33.161904 -20.267908 37.571559 0.000000
17750 -32.090064 -20.086920 36.361605 0.000000
17751 -32.430520 -19.357512 33.789199 0.000000
17752 -32.937075 -20.136942 34.737985 0.000000
17753 -33.500525 -20.178778 33.946265 0.000000
17754 -34.913740 -20.689000 34.508779 0.000000
17755 -33.997903 -20.108747 33.249514 0.000000
17756 -34.699922 -19.922303 32.631297 0.000000
17757 -33.648270 -19.113769 32.424007 0.000000
17758 -33.311485 -15.835980 32.264202 0.000000
17759 -33.550079 -16.714544 31.708993 0.000000
17760 -33.901548 -15.434896 31.731822 0.000000
17800 -22.702282 -26.365105 46.439374 0.000000
17801 -22.681175 -27.017207 47.294104 0.000000
17802 -23.551128 -26.948996 47.052113 0.000000
17892 -12.599633 -30.304092 53.464408 0.000000
17893 -11.784741 -30.398678 53.937432 0.000000
17894 -12.593209 -31.160828 54.319138 0.000000
17897 -16.124410 -29.734753 51.968632 0.000000
17898 -15.206739 -29.911193 52.270892 0.000000
17899 -16.138175 -30.333195 53.132927 0.000000
23429 -20.341112 -28.893478 50.785161 0.000000
23431 -21.235842 -28.558787 50.463724 0.000000
23432 -22.047064 -28.185897 50.096629 0.000000
23433 -22.881228 -27.864849 49.848246 0.000000
23434 -32.492004 -26.442412 45.018478 0.000000
23435 -32.747117 -26.649775 46.312443 0.000000
23449 -18.825118 -24.561594 49.173412 0.000000
23450 -18.242397 -25.596589 49.048307 0.000000
23451 -17.901941 -26.729809 49.207199 0.000000
23452 -17.725748 -27.788452 49.630911 0.000000
23453 -18.509439 -27.804823 49.196241 0.000000
23454 -19.360121 -28.576977 49.728621 0.000000
24496 -31.388045 -23.986798 42.681671 0.000000
24497 -31.854222 -23.620275 42.373018 0.000000
24518 -29.204904 -23.618456 44.455964 0.000000
24519 -29.295753 -24.497929 43.508091 0.000000
24521 -30.655743 -24.060466 43.153781 0.000000
24807 -35.267043 -16.659974 30.294489 0.000000
24808 -36.128737 -17.403934 30.141989 0.000000
24809 -35.928685 -16.035157 29.693622 0.000000
24810 -36.571972 -15.257546 29.105539 0.000000
24811 -37.205166 -14.489030 28.438010 0.000000
24813 -38.692712 -10.524578 27.140392 0.000000
24814 -39.408496 -10.038912 26.444555 0.000000
24815 -39.762717 -10.912929 25.812640 0.000000
24816 -40.507867 -11.785127 25.534122 0.000000
24817 -41.587966 -12.611850 25.716757 0.000000
24818 -41.263110 -11.448617 25.015440 0.000000
24819 -42.117463 -11.223973 24.464798 0.000000
24820 -42.980992 -11.075727 23.955247 0.000000
24822 -42.750656 -10.000714 23.375383 0.000000
24823 -42.824988 -8.896597 23.069470 0.000000
24887 -10.984531 -32.197643 56.131784 0.000000
24888 -10.140273 -32.466851 56.705257 0.000000
24889 -11.139617 -32.908861 57.632126 0.000000
25617 -31.230205 -21.193765 41.649786 0.000000
25618 -31.918459 -21.777655 40.874503 0.000000
25619 -30.671343 -20.699914 41.240685 0.000000
25620 -30.103304 -20.310653 40.709218 0.000000
25621 -29.761930 -19.842268 40.119309 0.000000
25623 -29.486629 -16.853695 37.917651 0.000000
25624 -29.839015 -16.643604 36.879374 0.000000
25625 -30.012455 -17.580375 36.161621 0.000000
25626 -30.529104 -18.514418 35.639286 0.000000
25627 -31.355926 -19.394800 35.406427 0.000000
25628 -31.076954 -18.448025 34.759901 0.000000
25629 -31.641322 -18.356167 33.960876 0.000000
25630 -32.259833 -18.308874 33.214814 0.000000
25631 -32.841637 -18.166994 32.580159 0.000000
25632 -32.330494 -17.202028 32.968257 0.000000
25657 -24.474306 -26.340549 45.791935 0.000000
25658 -24.392633 -26.918983 46.762637 0.000000
25659 -25.273598 -27.033578 46.554434 0.000000
25713 -12.773991 -29.249997 52.931116 0.000000
25714 -13.459492 -30.219509 53.067178 0.000000
26791 -7.055060 -33.500937 59.262139 0.000000
26792 -6.697168 -32.121246 59.736988 0.000000
26793 -6.331017 -33.568239 60.133305 0.000000
26794 -5.692318 -33.425449 61.029127 0.000000
26795 -4.974699 -33.440001 61.811716 0.000000
29684 -35.700184 -20.599870 41.345700 0.000000
29716 -28.285396 -27.089057 45.225768 0.000000
29717 -28.278973 -27.505601 46.216560 0.000000
29756 -15.522418 -25.640245 51.698333 0.000000
29757 -14.963556 -26.831672 51.450864 0.000000
29758 -14.615758 -27.926694 51.537615 0.000000
29759 -15.404956 -27.932151 51.011628 0.000000
29760 -16.071185 -28.883474 51.074637 0.000000
29761 -16.972339 -29.561951 51.696507 0.000000
29762 -17.727583 -28.755236 50.397063 0.000000
29763 -17.823021 -29.400062 51.388768 0.000000
29764 -17.886340 -29.842072 52.602374 0.000000
30442 -47.060043 -7.924356 19.455135 0.000000
32191 -34.493446 -25.155488 43.841399 0.000000
32192 -34.941270 -24.682555 43.422253 0.000000
32193 -33.964867 -24.795332 42.609530 0.000000
32194 -33.250001 -24.093208 41.676268 0.000000
32195 -32.594783 -23.073674 41.437017 0.000000
32196 -32.157971 -23.090044 42.241522 0.000000
32197 -32.132276 -22.444309 42.089935 0.000000
32198 -31.794573 -21.796754 41.822375 0.000000
32199 -31.020058 -20.532568 42.617748 0.000000
32219 -20.346618 -25.848517 47.253011 0.000000
32220 -21.024778 -26.590658 47.172652 0.000000
32221 -21.222995 -25.617507 46.685018 0.000000
32222 -22.079182 -25.530197 46.285961 0.000000
32223 -22.963818 -25.477446 45.885992 0.000000
32224 -23.019796 -23.660292 46.214734 0.000000
32225 -23.351075 -24.537947 45.617519 0.000000
32226 -23.824594 -25.509279 45.490588 0.000000
32227 -24.719324 -25.725736 45.181936 0.000000
32228 -25.586524 -25.881259 44.966427 0.000000
32229 -26.413346 -26.200488 44.710739 0.000000
32235 -26.147221 -23.532964 45.305214 0.000000
32236 -26.322497 -24.505205 44.552760 0.000000
32237 -26.704248 -25.414692 44.293420 0.000000
32238 -27.345701 -26.446959 44.551847 0.000000
32239 -28.313844 -26.530632 44.363734 0.000000
32240 -29.350813 -26.533360 44.301638 0.000000
32241 -30.415313 -26.491524 44.226758 0.000000
32242 -29.650892 -25.309191 43.190307 0.000000
32243 -30.460279 -25.929461 43.479783 0.000000
32244 -31.547720 -26.341459 44.187492 0.000000
32245 -32.538805 -26.054970 44.081564 0.000000
32246 -33.623493 -25.663891 44.061474 0.000000
32274 -20.090588 -24.657090 47.738818 0.000000
32852 -37.277662 -17.991463 30.272573 0.000000
32858 -36.839015 -12.311719 29.008743 0.000000
32859 -37.141847 -13.025666 28.259941 0.000000
32860 -37.776875 -13.796001 27.823445 0.000000
32861 -38.335738 -11.814230 27.017114 0.000000
32862 -38.362350 -13.137533 27.218012 0.000000
32863 -38.652334 -14.538142 27.750391 0.000000
32864 -39.866414 -15.264822 28.041693 0.000000
32883 -45.761537 -9.886119 21.536254 0.000000
32884 -45.552308 -8.829295 20.832198 0.000000
32885 -45.589015 -7.734274 20.407573 0.000000
33020 -8.308600 -30.586942 57.604731 0.000000
33021 -7.902071 -31.966633 57.875943 0.000000
33022 -9.318957 -32.775166 57.339911 0.000000
33023 -8.560042 -33.060745 57.935300 0.000000
33024 -7.795622 -33.348143 58.576347 0.000000
33025 -7.925931 -34.474997 59.870312 0.000000
34554 -35.307421 -24.117764 42.886221 0.000000
34555 -35.347798 -23.493856 42.310009 0.000000
34556 -35.350551 -22.789914 41.826028 0.000000
34557 -32.891191 -22.191472 40.510147 0.000000
34558 -34.071317 -22.252407 40.710132 0.000000
34559 -35.176194 -22.081424 41.346613 0.000000
34560 -34.923834 -21.472068 40.905551 0.000000
34561 -34.561354 -20.904548 40.519279 0.000000
34562 -34.392502 -20.453443 40.109264 0.000000
34564 -29.160855 -18.697224 39.982333 0.000000
34565 -29.605008 -19.468469 39.269146 0.000000
34566 -29.341637 -18.045122 38.082935 0.000000
34567 -29.563713 -19.118317 38.400719 0.000000
34568 -30.381359 -20.058726 38.820778 0.000000
34569 -31.482565 -20.347033 38.624446 0.000000
34570 -32.904038 -20.413425 38.927619 0.000000
34575 -32.438779 -20.089648 35.550709 0.000000
34576 -33.905218 -20.478908 36.064824 0.000000
34581 -36.014946 -20.425249 33.174634 0.000000
34582 -35.266126 -19.597616 32.033169 0.000000
34583 -34.884374 -18.488952 31.260625 0.000000
34584 -33.491348 -17.939622 31.938199 0.000000
34585 -34.120871 -17.634944 31.342811 0.000000
34586 -34.697169 -17.184748 30.835087 0.000000
34587 -34.728370 -15.832342 30.630536 0.000000
34588 -35.083509 -14.427185 30.759294 0.000000
34636 -21.865365 -27.252764 47.628325 0.000000
34637 -22.727059 -27.604736 48.455659 0.000000
34639 -24.414657 -27.317338 47.943369 0.000000
34747 -10.237546 -30.391402 55.069765 0.000000
34748 -11.238726 -29.348221 54.165725 0.000000
34749 -10.980860 -30.440515 54.482595 0.000000
34750 -10.942318 -31.404570 55.165648 0.000000
34751 -11.836130 -32.018474 55.743686 0.000000
34754 -14.399187 -29.101750 51.940324 0.000000
34755 -14.326691 -30.018513 52.606940 0.000000
34756 -14.367987 -30.813404 53.647043 0.000000
36944 -5.134373 -36.055684 63.192432 0.000000
36945 -4.505768 -34.964301 62.268302 0.000000
36946 -4.280021 -33.440001 62.275607 0.000000
41172 -35.700184 -24.653452 44.589287 0.000000
41177 -20.149319 -27.290053 48.036513 0.000000
41178 -20.573283 -27.601098 48.205449 0.000000
41179 -20.589801 -27.191829 47.767127 0.000000
41180 -34.988989 -25.226428 44.829452 0.000000
41187 -19.900630 -26.290527 47.668504 0.000000
41188 -19.488595 -26.265971 47.941543 0.000000
41189 -19.796933 -26.938991 47.955240 0.000000
41190 -19.742790 -27.340075 48.226452 0.000000
41943 -35.925931 -13.130257 30.412288 0.000000
41944 -35.960803 -13.398556 29.939265 0.000000
41945 -36.231516 -12.761915 30.116421 0.000000
41946 -41.046540 -8.339992 25.528643 0.000000
41947 -40.710672 -8.895688 25.402625 0.000000
41948 -41.054799 -8.792006 25.026398 0.000000
41949 -41.118118 -9.239474 24.646519 0.000000
41950 -41.412691 -8.667407 24.639213 0.000000
41951 -41.727452 -8.581915 24.304079 0.000000
42399 -31.156791 -16.378943 34.635710 0.000000
42415 -26.707001 -26.860776 45.291517 0.000000
42416 -26.628081 -27.126346 45.666831 0.000000
42417 -27.235580 -27.277320 45.769106 0.000000
42444 -13.881621 -26.948086 52.448048 0.000000
42445 -13.644861 -27.515606 52.391431 0.000000
42446 -14.041296 -27.449213 52.064515 0.000000
42933 -46.302964 -8.375462 20.081571 0.000000
42934 -46.762717 -8.931158 20.159190 0.000000
42935 -46.683797 -8.417298 19.874281 0.000000
44790 -36.854615 -22.157821 43.278885 0.000000
44791 -36.713294 -21.864056 42.941011 0.000000
44792 -36.294836 -22.086881 42.493557 0.000000
44815 -31.012717 -26.809844 45.181936 0.000000
44816 -31.055847 -27.018117 45.738971 0.000000
44817 -31.535790 -26.889879 45.686007 0.000000
44840 -17.350420 -26.079527 49.713097 0.000000
44841 -17.190745 -25.605684 50.008965 0.000000
44842 -16.943891 -26.237777 49.973351 0.000000
44843 -16.675013 -26.106811 50.255521 0.000000
44844 -16.823676 -26.727081 50.002572 0.000000
44845 -16.714473 -27.261859 50.104848 0.000000
44846 -17.023729 -27.266407 49.888426 0.000000
46585 -32.257080 -24.960858 42.414111 0.000000
46586 -32.401154 -24.720754 42.183078 0.000000
46587 -32.016650 -24.483378 42.165728 0.000000
46608 -21.702937 -23.763064 46.927008 0.000000
46610 -24.990037 -23.096411 45.993746 0.000000
46611 -24.623886 -23.473848 45.598343 0.000000
46612 -25.068957 -23.575710 45.456801 0.000000
46613 -25.176325 -23.982251 45.157280 0.000000
46614 -25.446120 -23.674844 45.286038 0.000000
46618 -28.384505 -23.820362 44.457791 0.000000
46619 -28.030284 -23.637555 44.760051 0.000000
46620 -28.122051 -24.088661 44.266024 0.000000
46621 -27.742135 -24.424261 44.098914 0.000000
46622 -28.179864 -24.679827 43.884318 0.000000
46623 -28.352387 -25.054535 43.724513 0.000000
46624 -28.585475 -24.774413 43.647807 0.000000
46625 -31.454117 -24.703473 42.511821 0.000000
46626 -31.305454 -25.040893 42.715458 0.000000
46627 -31.759702 -24.979048 42.510907 0.000000
46628 -32.202020 -25.228247 42.657015 0.000000
47103 -35.656136 -18.618099 31.071599 0.000000
47104 -36.274647 -18.938238 31.193964 0.000000
47105 -36.078265 -18.367990 30.768425 0.000000
47106 -37.774122 -15.572229 28.651692 0.000000
47107 -37.971422 -16.275262 29.008743 0.000000
47110 -38.609204 -15.556767 28.419746 0.000000
47111 -38.401810 -10.086206 28.540285 0.000000
47112 -37.983352 -10.695562 28.233459 0.000000
47113 -38.324725 -10.395431 27.920241 0.000000
47114 -40.250918 -12.629130 26.061936 0.000000
47115 -39.869167 -12.841040 26.320363 0.000000
47116 -40.441794 -13.235758 26.390678 0.000000
47117 -40.692319 -13.848752 26.826261 0.000000
47131 -44.124411 -8.279965 21.732586 0.000000
47237 -9.766780 -30.972564 55.671546 0.000000
47238 -9.396041 -31.021676 56.045946 0.000000
47239 -9.704379 -31.547360 56.029509 0.000000
48453 -32.837048 -22.931794 41.102796 0.000000
48454 -33.339015 -23.124605 41.071748 0.000000
48455 -32.759964 -22.628025 40.966733 0.000000
48456 -30.635554 -20.589866 39.828920 0.000000
48457 -31.404563 -20.990949 39.891016 0.000000
48458 -31.210016 -20.769035 39.611585 0.000000
48459 -31.784479 -20.873626 39.542184 0.000000
48460 -31.091637 -20.592594 39.375074 0.000000
48464 -30.474044 -19.073752 36.329644 0.000000
48465 -30.252885 -19.147420 36.830976 0.000000
48466 -30.752098 -19.523038 36.683042 0.000000
48467 -31.083378 -19.850453 37.080272 0.000000
48468 -31.290771 -19.845906 36.651081 0.000000
48469 -31.887258 -20.093286 36.733267 0.000000
48470 -31.470635 -19.814983 36.252938 0.000000
48471 -32.767305 -19.335684 33.411146 0.000000
48472 -32.903121 -19.784970 33.826639 0.000000
48473 -33.195858 -19.796794 33.454065 0.000000
48474 -33.736367 -20.158769 33.611131 0.000000
48475 -33.507866 -19.727673 33.115278 0.000000
48476 -33.807945 -19.654004 32.821237 0.000000
48477 -33.331673 -19.180162 32.728093 0.000000
48520 -23.155611 -26.304170 46.248521 0.000000
48521 -23.106975 -26.664326 46.664015 0.000000
48522 -23.529104 -26.597934 46.440287 0.000000
48612 -13.007079 -30.730641 53.707312 0.000000
48613 -12.564762 -30.751559 53.857986 0.000000
48614 -13.037363 -31.108987 54.144722 0.000000
48615 -13.068563 -31.447316 54.680754 0.000000
48616 -13.503540 -31.356367 54.518209 0.000000
48617 -16.565811 -29.935750 52.351251 0.000000
48618 -16.136340 -30.094000 52.550323 0.000000
48619 -16.596094 -30.184949 52.973122 0.000000
50410 -7.531332 -31.368191 58.602829 0.000000
50412 -7.253278 -31.403661 59.133382 0.000000
54391 -36.822497 -23.252842 44.024034 0.000000
54407 -20.275040 -28.706124 50.114893 0.000000
54408 -20.747641 -28.742503 50.561434 0.000000
54409 -20.688910 -28.553330 49.903037 0.000000
54410 -21.476272 -27.985810 48.931421 0.000000
54411 -21.534085 -28.184988 49.503067 0.000000
54412 -21.974568 -28.029466 49.374310 0.000000
54413 -22.462769 -27.989448 49.934084 0.000000
54414 -22.411380 -27.873944 49.349654 0.000000
54415 -33.175669 -26.165928 45.137191 0.000000
54416 -33.097667 -26.336911 45.597430 0.000000
54437 -19.478501 -24.064104 48.934161 0.000000
54439 -19.146303 -24.565231 48.778922 0.000000
54440 -18.714998 -26.223225 48.462051 0.000000
54441 -18.574594 -25.656615 48.715000 0.000000
54442 -18.383718 -26.222316 48.788053 0.000000
54443 -18.075381 -26.118634 49.056526 0.000000
54444 -18.263503 -26.779831 48.920463 0.000000
54445 -18.182748 -27.283687 49.109490 0.000000
54446 -18.555323 -27.265497 48.876631 0.000000
54447 -19.725354 -28.186807 49.092140 0.000000
54448 -19.310567 -28.239557 49.263816 0.000000
54449 -19.787756 -28.535140 49.649175 0.000000
54450 -19.862087 -28.810715 50.235431 0.000000
56185 -31.317384 -23.671206 43.019544 0.000000
56186 -31.565155 -23.436559 43.064290 0.000000
56223 -29.539854 -23.786711 44.024034 0.000000
56225 -31.104484 -23.340153 44.010336 0.000000
56227 -31.035659 -23.680301 43.426819 0.000000
56228 -31.041165 -24.033182 42.945577 0.000000
56703 -35.231254 -15.980588 30.192214 0.000000
56704 -35.600158 -16.365301 29.991316 0.000000
56705 -35.580887 -15.628617 29.868038 0.000000
56706 -36.277400 -14.129783 29.199596 0.000000
56707 -36.237940 -14.841001 29.254386 0.000000
56708 -36.570137 -14.466293 28.929297 0.000000
56709 -36.892240 -14.862829 28.780450 0.000000
56710 -36.836262 -14.107046 28.629776 0.000000
56712 -39.367201 -9.654200 26.916665 0.000000
56713 -39.725093 -9.420462 26.509390 0.000000
56714 -40.264684 -10.098029 25.353314 0.000000
56715 -39.898533 -10.267194 25.714930 0.000000
56716 -40.135292 -10.704657 25.454676 0.000000
56717 -40.099503 -11.344935 25.618134 0.000000
56718 -40.495937 -11.157581 25.297611 0.000000
56719 -40.896042 -11.600501 25.266563 0.000000
56720 -40.876771 -10.982959 24.987132 0.000000
56721 -41.625591 -10.143503 24.195412 0.000000
56722 -41.660462 -10.768321 24.420052 0.000000
56723 -42.060567 -10.660092 24.129663 0.000000
56725 -42.467096 -10.590061 23.868496 0.000000
56726 -42.853436 -10.562777 23.629245 0.000000
56727 -42.399188 -10.039822 23.636550 0.000000
56728 -42.334033 -8.442764 23.664859 0.000000
56729 -42.472602 -8.938434 23.367164 0.000000
58053 -30.808076 -20.593504 42.011402 0.000000
58054 -31.000787 -20.999135 41.437017 0.000000
58055 -30.485056 -20.367951 41.731058 0.000000
58056 -29.549948 -19.313856 41.312825 0.000000
58057 -29.921605 -19.934126 41.183155 0.000000
58058 -29.688517 -19.695841 40.879982 0.000000
58059 -29.949135 -20.089648 40.440746 0.000000
58060 -29.527924 -19.493025 40.490057 0.000000
58064 -30.374017 -16.974657 35.574451 0.000000
58065 -30.128081 -17.051963 36.029211 0.000000
58066 -30.285921 -17.526715 35.679466 0.000000
58067 -30.242790 -18.045122 35.883103 0.000000
58068 -30.464867 -17.969635 35.453912 0.000000
58069 -30.779628 -18.458939 35.197311 0.000000
58070 -30.777793 -17.955083 34.956233 0.000000
58071 -31.417410 -17.317533 34.020232 0.000000
58072 -31.349502 -17.885962 34.137118 0.000000
58073 -31.664264 -17.846854 33.749933 0.000000
58074 -31.962507 -18.333430 33.573691 0.000000
58075 -31.968931 -17.805928 33.403841 0.000000
58076 -32.258915 -17.766820 33.068706 0.000000
58077 -32.029497 -17.251141 33.294260 0.000000
58079 -32.396566 -16.135201 33.198377 0.000000
58120 -24.910200 -26.386933 45.590124 0.000000
58121 -24.856057 -26.670693 46.047623 0.000000
58122 -25.264421 -26.789836 46.010183 0.000000
58123 -26.682224 -27.510149 46.874044 0.000000
58124 -26.190352 -27.395554 46.927921 0.000000
58212 -13.275040 -28.676111 52.504664 0.000000
58213 -12.896959 -28.691572 52.791400 0.000000
58214 -13.130965 -29.258182 52.694604 0.000000
58215 -13.033692 -29.798417 52.963990 0.000000
58216 -13.500787 -29.703830 52.721999 0.000000
60010 -7.041295 -34.212155 59.796345 0.000000
60011 -6.674227 -33.540045 59.683111 0.000000
60012 -6.636602 -34.280367 60.149742 0.000000
60013 -5.779497 -34.995223 61.479321 0.000000
60014 -5.878605 -34.245806 60.947855 0.000000
60015 -5.499607 -34.222160 61.337779 0.000000
60016 -5.345438 -33.450915 61.451926 0.000000
60017 -5.123361 -34.223979 61.681132 0.000000
65248 -36.517830 -21.228325 42.504515 0.000000
65250 -36.409545 -20.937290 42.257045 0.000000
65251 -36.317777 -20.675358 42.014142 0.000000
65252 -35.836000 -20.858164 41.589517 0.000000
65320 -28.733220 -27.039035 45.063224 0.000000
65321 -28.762586 -27.307333 45.579166 0.000000
65322 -29.241610 -27.246398 45.632130 0.000000
65405 -15.938123 -26.151376 50.900221 0.000000
65406 -15.852780 -25.611141 51.371418 0.000000
65407 -15.582984 -26.197760 51.228050 0.000000
65408 -15.236104 -26.220497 51.516612 0.000000
65409 -15.335213 -26.816211 51.156822 0.000000
65410 -15.148925 -27.374635 51.167780 0.000000
65411 -15.514159 -27.375545 50.919397 0.000000
65412 -16.535527 -28.309588 50.528560 0.000000
65413 -16.107892 -28.385075 50.772377 0.000000
65414 -16.515339 -28.830723 50.895655 0.000000
65415 -16.528186 -29.289105 51.313888 0.000000
65416 -16.931044 -29.201794 51.160475 0.000000
65417 -18.133194 -28.221367 49.740492 0.000000
65418 -17.720242 -28.267751 49.949608 0.000000
65419 -18.163477 -28.632455 50.152333 0.000000
65420 -18.677373 -29.455541 51.756776 0.000000
65421 -18.223126 -29.343674 51.242660 0.000000
65422 -18.262586 -29.563770 51.832570 0.000000
65423 -17.866151 -29.639257 51.963153 0.000000
70630 -33.963032 -25.234614 43.421340 0.000000
70631 -34.131883 -25.028160 43.132778 0.000000
70632 -33.714343 -25.069087 42.792164 0.000000
70633 -32.844390 -24.254187 41.851597 0.000000
70634 -33.227059 -24.426080 41.925564 0.000000
70635 -32.911380 -23.956785 41.637001 0.000000
70636 -32.997641 -23.638465 41.437017 0.000000
70637 -32.640667 -23.395632 41.582211 0.000000
70638 -31.992790 -23.017285 42.828691 0.000000
70639 -32.072628 -23.348338 42.397674 0.000000
70640 -32.110252 -22.745349 42.601311 0.000000
70641 -31.869822 -21.419318 42.898092 0.000000
70643 -31.892764 -21.792207 42.392195 0.000000
70644 -32.001049 -22.054139 42.021447 0.000000
70645 -31.665182 -21.463882 42.260698 0.000000
70646 -31.387127 -21.149200 42.223258 0.000000
70697 -20.533823 -25.356485 47.134298 0.000000
70698 -20.807289 -25.691176 46.981799 0.000000
70699 -20.955952 -25.095462 46.837517 0.000000
70700 -22.007604 -24.647995 46.320662 0.000000
70701 -21.817646 -25.080001 46.348970 0.000000
70702 -22.254458 -25.013608 46.156291 0.000000
70703 -22.507735 -25.415601 46.040318 0.000000
70704 -22.675669 -25.047259 45.932564 0.000000
70708 -24.090719 -24.184157 45.427579 0.000000
70709 -23.628212 -24.184157 45.610214 0.000000
70710 -23.788805 -24.749857 45.402011 0.000000
70711 -23.565811 -25.112742 45.528942 0.000000
70712 -24.022811 -25.029979 45.337175 0.000000
70713 -24.259570 -25.586585 45.312520 0.000000
70714 -24.456870 -25.189139 45.149975 0.000000
70715 -25.447955 -25.035436 44.708913 0.000000
70716 -25.335082 -25.488360 44.866892 0.000000
70717 -25.769141 -25.478356 44.755485 0.000000
70718 -26.006818 -26.043147 44.808449 0.000000
70719 -26.151810 -25.652977 44.602072 0.000000
70731 -27.261275 -23.374714 45.202939 0.000000
70732 -27.342030 -22.954531 45.926172 0.000000
70733 -26.931831 -23.171898 45.536247 0.000000
70734 -26.540902 -23.172808 45.704271 0.000000
70735 -26.590457 -23.590262 45.196547 0.000000
70736 -26.219717 -23.934957 44.907071 0.000000
70737 -26.614316 -24.045005 44.736308 0.000000
70738 -27.335606 -25.281907 44.052342 0.000000
70739 -26.901547 -25.003604 44.224932 0.000000
70740 -27.104353 -25.505641 44.133614 0.000000
70741 -27.019009 -25.914910 44.354602 0.000000
70742 -27.420032 -26.010406 44.208495 0.000000
70743 -27.814631 -26.429679 44.412132 0.000000
70744 -27.881621 -26.137734 44.173794 0.000000
70745 -29.009439 -25.939466 43.722687 0.000000
70746 -28.935108 -26.250510 44.048689 0.000000
70747 -29.382932 -26.217769 43.900755 0.000000
70748 -29.820661 -26.484248 44.161010 0.000000
70749 -29.895910 -26.205036 43.845965 0.000000
70750 -29.670163 -24.542494 43.299888 0.000000
70751 -29.463687 -24.919022 43.298975 0.000000
70752 -29.870216 -24.956311 43.103556 0.000000
70753 -31.101731 -25.654796 43.128212 0.000000
70754 -30.620871 -25.740288 43.187568 0.000000
70755 -31.069613 -25.966750 43.443256 0.000000
70756 -30.992528 -26.164109 43.771085 0.000000
70757 -31.505507 -26.094988 43.733645 0.000000
70758 -32.025827 -26.185027 44.118090 0.000000
70759 -32.023991 -26.001311 43.685247 0.000000
70760 -33.040771 -25.489270 43.137343 0.000000
70761 -33.050866 -25.682081 43.590277 0.000000
70762 -33.437206 -25.483813 43.434124 0.000000
70763 -33.964867 -25.418330 43.896190 0.000000
70827 -20.721946 -24.177790 47.467606 0.000000
70828 -20.404431 -24.157782 47.824657 0.000000
70829 -20.420032 -24.757133 47.400032 0.000000
70830 -20.226403 -25.234614 47.412816 0.000000
72183 -37.044573 -20.414335 33.261386 0.000000
72186 -37.709885 -19.361149 31.656942 0.000000
72187 -38.087048 -19.764962 32.310773 0.000000
72191 -36.423310 -17.071972 29.857080 0.000000
72192 -36.671999 -17.717707 30.164819 0.000000
72193 -36.970242 -17.399387 29.883562 0.000000
72206 -37.169377 -11.393138 29.805942 0.000000
72207 -36.811485 -12.020684 29.509161 0.000000
72208 -37.110646 -11.635971 29.195943 0.000000
72209 -37.522680 -12.007041 27.929373 0.000000
72210 -37.237284 -12.287163 28.261768 0.000000
72211 -37.438255 -12.676423 27.942157 0.000000
72212 -37.419901 -13.384004 27.999687 0.000000
72213 -37.707132 -13.046584 27.701993 0.000000
72214 -38.818433 -10.926571 26.724899 0.000000
72215 -38.470635 -11.149396 27.041770 0.000000
72216 -38.694547 -11.554117 26.701156 0.000000
72217 -39.167148 -13.293055 26.856396 0.000000
72218 -38.684453 -12.868325 26.923057 0.000000
72219 -38.801915 -13.539526 27.139479 0.000000
72220 -38.495412 -13.843295 27.450871 0.000000
72221 -39.015732 -14.228917 27.459089 0.000000
72222 -39.280939 -14.921036 27.858146 0.000000
72223 -39.616807 -14.606354 27.569583 0.000000
72225 -40.923572 -15.201158 28.088265 0.000000
72236 -41.993577 -12.445414 25.507640 0.000000
72260 -43.969324 -10.462733 22.953497 0.000000
72261 -44.624542 -9.919770 22.128903 0.000000
72263 -45.172392 -10.376332 22.321582 0.000000
72267 -45.369692 -9.884300 21.728933 0.000000
72268 -44.767699 -8.230853 21.128066 0.000000
72269 -45.177898 -8.826567 21.068710 0.000000
72270 -45.127426 -8.220849 20.848635 0.000000
72271 -45.513766 -8.274509 20.580163 0.000000
72590 -8.719717 -31.163556 56.823969 0.000000
72591 -8.593078 -30.536011 57.110705 0.000000
72592 -8.388438 -31.222673 57.234897 0.000000
72593 -8.081017 -31.287247 57.667740 0.000000
72594 -8.240692 -31.919340 57.493324 0.000000
72595 -10.220110 -32.899766 57.406573 0.000000
72596 -9.737415 -32.622373 57.041304 0.000000
72597 -9.826429 -33.092577 57.712486 0.000000
72598 -9.116151 -33.909296 59.033846 0.000000
72599 -9.030808 -33.457281 58.270434 0.000000
72600 -8.641715 -33.614623 58.531601 0.000000
72601 -8.173702 -33.207173 58.243039 0.000000
72602 -8.236104 -33.800158 58.842080 0.000000
72603 -7.845176 -33.940219 59.146166 0.000000
72604 -8.325118 -34.281276 59.553441 0.000000
72606 -8.493052 -34.850615 61.324995 0.000000
76233 -34.582460 -24.490654 42.663407 0.000000
76234 -35.013766 -24.418804 42.978452 0.000000
76235 -34.755900 -24.188704 42.438767 0.000000
76236 -34.409020 -23.311050 41.383140 0.000000
76237 -34.877950 -23.579348 41.922824 0.000000
76238 -34.888962 -23.259209 41.697271 0.000000
76239 -35.378081 -23.142795 42.072585 0.000000
76240 -34.877950 -22.909056 41.450714 0.000000
76241 -31.707394 -21.507538 40.689129 0.000000
76242 -32.432355 -22.045044 40.595985 0.000000
76243 -32.175407 -21.704896 40.480925 0.000000
76244 -33.128868 -21.648508 40.182318 0.000000
76245 -33.249083 -21.923173 40.343036 0.000000
76246 -33.894206 -21.917716 40.522931 0.000000
76247 -34.655874 -22.190562 40.987736 0.000000
76248 -34.512717 -21.872242 40.788664 0.000000
76249 -35.048637 -21.766741 41.119233 0.000000
76250 -34.342030 -21.583025 40.540282 0.000000
76251 -33.147221 -20.863621 39.736690 0.000000
76252 -33.974044 -21.046428 40.160402 0.000000
76253 -33.851993 -20.786315 40.005163 0.000000
76254 -34.459492 -20.689000 40.339384 0.000000
76255 -33.697824 -20.578042 39.725732 0.000000
76259 -29.113136 -17.885962 39.494699 0.000000
76260 -29.094783 -18.100601 39.915672 0.000000
76261 -29.155349 -18.521693 39.492873 0.000000
76262 -29.359990 -19.068295 39.655418 0.000000
76263 -29.271894 -18.891854 39.177829 0.000000
76264 -29.528842 -17.359370 37.429104 0.000000
76265 -29.371920 -17.423943 38.028145 0.000000
76266 -29.483876 -17.896876 37.608086 0.000000
76267 -29.996854 -19.342050 37.738669 0.000000
76268 -29.634374 -18.960975 37.978833 0.000000
76269 -29.939959 -19.475745 38.146857 0.000000
76270 -29.897746 -19.596707 38.604356 0.000000
76271 -30.329051 -19.859548 38.431767 0.000000
76272 -30.896173 -20.259722 38.671931 0.000000
76273 -30.876902 -20.112385 38.318534 0.000000
76274 -32.224044 -20.262451 38.050974 0.000000
76275 -32.142371 -20.346123 38.395240 0.000000
76276 -32.885685 -20.317929 38.594312 0.000000
76277 -33.548244 -20.342485 39.176002 0.000000
76278 -33.516125 -20.252446 38.855479 0.000000
76281 -33.261930 -20.287916 37.186200 0.000000
76286 -31.545884 -19.332046 35.009197 0.000000
76287 -31.817515 -19.732220 35.408254 0.000000
76288 -32.124017 -19.763143 34.996413 0.000000
76289 -33.661118 -20.434344 34.966278 0.000000
76290 -33.400499 -20.405240 35.359856 0.000000
76291 -34.122706 -20.561672 35.674900 0.000000
76296 -35.089933 -20.647163 34.116115 0.000000
76297 -35.616676 -20.746297 34.928838 0.000000
76298 -35.887389 -20.739022 34.563569 0.000000
76300 -36.216833 -20.709009 34.172732 0.000000
76301 -36.412298 -20.640797 33.878690 0.000000
76302 -35.681831 -20.544391 33.475068 0.000000
76303 -34.438386 -19.400257 32.189321 0.000000
76304 -34.966047 -19.763143 32.330863 0.000000
76305 -34.762324 -19.262015 31.907151 0.000000
76306 -35.027531 -19.071023 31.605804 0.000000
76307 -34.616414 -18.696315 31.545535 0.000000
76308 -32.879261 -17.602203 32.422180 0.000000
76309 -33.177505 -18.067860 32.234067 0.000000
76310 -33.176587 -17.499431 32.112615 0.000000
76311 -33.851076 -16.527189 31.435954 0.000000
76312 -33.814369 -17.169287 31.500790 0.000000
76313 -34.104353 -16.981023 31.233230 0.000000
76314 -34.429209 -17.436676 31.080730 0.000000
76315 -34.386996 -16.756380 30.962931 0.000000
76316 -34.665968 -16.511728 30.706330 0.000000
76317 -34.435633 -16.086998 30.901749 0.000000
76319 -34.770583 -14.729135 31.004937 0.000000
76435 -21.447824 -26.572468 47.019239 0.000000
76436 -21.390929 -26.948996 47.323325 0.000000
76437 -21.865365 -26.829853 47.178131 0.000000
76438 -23.068433 -27.249126 47.643848 0.000000
76439 -22.701364 -27.360993 47.852052 0.000000
76440 -23.140929 -27.445575 48.267545 0.000000
76441 -23.228107 -27.632930 48.990778 0.000000
76442 -23.621789 -27.540162 48.767964 0.000000
76443 -24.857892 -27.186372 47.226529 0.000000
76444 -24.405480 -27.182734 47.411903 0.000000
76445 -24.872575 -27.360084 47.874881 0.000000
76459 -28.335868 -27.704779 46.800991 0.000000
76710 -10.043000 -29.848439 55.315408 0.000000
76711 -10.369691 -29.871176 54.940095 0.000000
76712 -11.797588 -28.782521 53.752058 0.000000
76713 -11.460803 -28.763421 54.112761 0.000000
76714 -11.593865 -29.341855 53.829677 0.000000
76715 -11.759964 -30.851602 54.291742 0.000000
76716 -11.372706 -30.424144 54.228734 0.000000
76717 -11.344258 -30.916176 54.545604 0.000000
76718 -10.924882 -30.948008 54.802206 0.000000
76719 -11.343341 -31.375467 54.962924 0.000000
76720 -11.366282 -31.745628 55.396681 0.000000
76721 -11.793000 -31.668321 55.192130 0.000000
76727 -14.891977 -28.509675 51.449950 0.000000
76728 -14.478107 -28.553330 51.696507 0.000000
76729 -14.833246 -29.028991 51.703812 0.000000
76730 -15.218668 -30.282264 52.789574 0.000000
76731 -14.807551 -29.991228 52.438916 0.000000
76732 -14.817646 -30.359570 52.911939 0.000000
76733 -14.346880 -30.467799 53.117403 0.000000
76734 -14.815810 -30.701537 53.455277 0.000000
81116 -47.441794 -7.990749 19.222276 0.000000
82131 -4.012061 -35.707351 62.652747 0.000000
82132 -4.359859 -35.644597 62.688361 0.000000
82133 -4.162559 -34.979762 62.342269 0.000000
82134 -4.349764 -34.205789 62.155982 0.000000
82135 -4.042344 -34.170319 62.261910 0.000000
92549 -20.149319 -28.154975 49.001736 0.000000
92550 -20.637520 -28.312316 49.283906 0.000000
92551 -20.586130 -27.974897 48.708607 0.000000
92552 -21.027531 -27.837564 48.484880 0.000000
92553 -21.433141 -27.682042 48.334207 0.000000
92554 -34.131883 -25.751202 45.000215 0.000000
92567 -19.549161 -25.100919 48.041078 0.000000
92568 -19.169245 -25.138208 48.376213 0.000000
92569 -19.317908 -25.642064 48.079432 0.000000
92570 -19.114185 -26.291437 48.214581 0.000000
92571 -19.011406 -26.833491 48.396302 0.000000
92572 -18.964604 -27.298239 48.620030 0.000000
92573 -19.318826 -27.322795 48.446527 0.000000
92574 -19.715260 -27.720240 48.580763 0.000000
93616 -31.465129 -23.069126 44.143659 0.000000
93927 -35.423965 -14.539052 30.174864 0.000000
93928 -35.627688 -14.932860 29.826945 0.000000
93929 -35.743315 -14.142516 29.875343 0.000000
93930 -36.070006 -13.764169 29.539296 0.000000
93931 -36.358155 -13.414017 29.227904 0.000000
93933 -40.058207 -9.195818 26.121292 0.000000
93934 -40.356451 -9.042115 25.734107 0.000000
93935 -40.428029 -9.475940 25.332311 0.000000
93936 -40.594128 -9.931593 25.032791 0.000000
93937 -40.884112 -10.392703 24.821848 0.000000
93938 -40.960279 -9.811541 24.686698 0.000000
93939 -41.340195 -9.706040 24.344259 0.000000
93940 -41.737547 -9.605997 24.020083 0.000000
93941 -42.071579 -9.541423 23.749784 0.000000
93942 -41.855926 -9.051210 23.972598 0.000000
93943 -42.035790 -8.514613 23.977164 0.000000
94738 -30.065680 -19.750410 41.988573 0.000000
94739 -29.772942 -19.124683 42.112764 0.000000
94740 -29.566466 -18.861841 41.762106 0.000000
94741 -29.354484 -18.680854 41.287257 0.000000
94746 -30.671343 -16.925545 35.088643 0.000000
94747 -30.816335 -17.439404 34.785470 0.000000
94748 -30.935632 -16.875523 34.703285 0.000000
94749 -31.275171 -16.863699 34.247612 0.000000
94750 -31.570661 -16.820044 33.906998 0.000000
94751 -31.881752 -16.768203 33.549948 0.000000
94752 -31.746854 -16.284357 33.923436 0.000000
94777 -25.843472 -26.699796 45.570948 0.000000
94778 -25.737022 -26.987194 45.965438 0.000000
94779 -26.240824 -27.099970 45.971830 0.000000
94780 -26.692318 -27.314609 46.259479 0.000000
94781 -27.141977 -27.585636 46.733416 0.000000
94833 -13.456739 -28.078578 52.406042 0.000000
94834 -13.686157 -28.603352 52.235279 0.000000
95709 -46.488333 -9.417733 20.740881 0.000000
95711 -46.912298 -9.456841 20.546375 0.000000
95911 -7.144075 -35.218957 61.346911 0.000000
95912 -6.665050 -34.900637 60.820924 0.000000
95913 -6.680650 -35.381755 61.658303 0.000000
95914 -6.180519 -35.479979 61.987045 0.000000
95915 -5.699659 -35.552738 62.236341 0.000000
99055 -36.647221 -21.522090 42.733721 0.000000
99056 -36.067253 -21.414770 42.028752 0.000000
99097 -29.820661 -27.007203 45.077834 0.000000
99098 -29.840850 -27.196376 45.586471 0.000000
99099 -30.452019 -27.101789 45.669570 0.000000
99100 -31.057683 -27.159997 46.286875 0.000000
99101 -31.691794 -27.174548 46.867652 0.000000
99142 -17.882669 -24.912655 49.777932 0.000000
99144 -17.449528 -25.074544 50.120372 0.000000
99145 -17.236629 -24.917203 50.464638 0.000000
99146 -16.843865 -24.999966 50.818948 0.000000
99148 -16.523598 -25.553843 50.687452 0.000000
99149 -16.248296 -26.194122 50.586089 0.000000
99150 -16.083115 -26.730719 50.564173 0.000000
99151 -15.928946 -27.275501 50.623530 0.000000
99152 -16.287756 -27.280049 50.382452 0.000000
99153 -16.574070 -27.830288 50.269219 0.000000
99154 -16.920032 -28.349605 50.376060 0.000000
99155 -19.016912 -28.997159 50.503904 0.000000
99156 -18.590194 -28.975332 50.517602 0.000000
99157 -19.060042 -29.221803 51.054547 0.000000
99158 -19.106844 -29.380963 51.640803 0.000000
102283 -32.993053 -25.249165 42.692629 0.000000
102284 -33.252754 -25.036346 42.497210 0.000000
102285 -32.833378 -24.915384 42.299965 0.000000
102286 -32.625984 -24.505205 42.034231 0.000000
102287 -32.483745 -23.995893 41.867121 0.000000
102323 -21.031201 -24.292386 47.138864 0.000000
102324 -21.185370 -24.634352 46.817428 0.000000
102325 -21.415706 -24.211441 46.839344 0.000000
102326 -21.813975 -24.148687 46.615617 0.000000
102327 -22.231516 -24.171424 46.355362 0.000000
102329 -23.813582 -23.324692 46.154465 0.000000
102330 -24.234793 -23.313778 45.929824 0.000000
102331 -24.387127 -23.772159 45.489675 0.000000
102332 -24.427504 -24.315123 45.221203 0.000000
102333 -24.686288 -24.776232 45.041308 0.000000
102334 -24.876246 -24.424261 45.026697 0.000000
102335 -25.295622 -24.523395 44.840410 0.000000
102336 -25.690221 -24.572507 44.717131 0.000000
102344 -28.076167 -23.211006 45.364571 0.000000
102345 -27.665050 -23.423826 45.067790 0.000000
102346 -27.304405 -23.793077 44.738134 0.000000
102347 -26.991479 -24.229631 44.434961 0.000000
102348 -27.386996 -24.356959 44.310770 0.000000
102349 -27.518223 -24.752586 44.035905 0.000000
102350 -27.718275 -25.280088 43.943675 0.000000
102351 -28.011013 -25.812138 43.913540 0.000000
102352 -28.176194 -25.514735 43.770172 0.000000
102353 -28.621264 -25.458347 43.599409 0.000000
102354 -29.120478 -25.599318 43.562882 0.000000
102355 -30.582329 -24.708021 42.941925 0.000000
102356 -30.352911 -25.085458 42.878003 0.000000
102357 -30.881490 -25.098191 42.832344 0.000000
102358 -31.313713 -25.484722 42.853347 0.000000
102359 -31.667935 -25.616598 43.061550 0.000000
102360 -32.090981 -25.763025 43.321804 0.000000
102361 -32.110252 -25.518373 42.937359 0.000000
102362 -32.643420 -25.404688 42.888961 0.000000
103215 -36.145255 -19.695841 31.972900 0.000000
103216 -36.936288 -19.897747 32.255983 0.000000
103217 -36.580231 -19.451189 31.663334 0.000000
103218 -36.972995 -19.183800 31.377511 0.000000
103219 -37.314369 -18.894583 31.098994 0.000000
103220 -37.102387 -16.338926 29.269910 0.000000
103221 -37.324463 -17.039230 29.585867 0.000000
103222 -37.668590 -16.658155 29.301871 0.000000
103229 -37.765863 -10.667368 29.159416 0.000000
103230 -37.397877 -11.304008 28.863548 0.000000
103231 -37.690614 -10.988416 28.552156 0.000000
103232 -37.708968 -11.324926 28.040780 0.000000
103233 -37.822759 -11.708730 27.639897 0.000000
103234 -39.373624 -11.715096 26.192519 0.000000
103235 -39.012062 -11.968843 26.472863 0.000000
103236 -39.389225 -12.396302 26.329495 0.000000
103237 -39.516781 -13.073869 26.592489 0.000000
103238 -39.709492 -13.697777 26.909360 0.000000
103239 -39.973782 -14.345331 27.313895 0.000000
103240 -40.332591 -14.104317 27.075557 0.000000
103241 -40.986891 -14.405357 27.333072 0.000000
103260 -43.467358 -9.420462 22.629321 0.000000
103261 -43.859204 -9.927046 22.610145 0.000000
103262 -43.815156 -9.379535 22.362675 0.000000
103263 -44.164788 -9.369530 22.093289 0.000000
103264 -44.517174 -9.377716 21.818424 0.000000
103265 -44.893420 -9.410457 21.591044 0.000000
103266 -44.462114 -8.871132 21.590131 0.000000
103267 -44.445596 -8.263595 21.412063 0.000000
103459 -9.210671 -30.428691 56.245018 0.000000
103460 -9.046408 -31.081703 56.434044 0.000000
103461 -8.941794 -31.710158 56.729912 0.000000
103467 -8.824332 -34.421337 60.106823 0.000000
105645 -33.849240 -23.908582 41.623304 0.000000
105646 -34.350289 -23.938595 41.860729 0.000000
105647 -33.876770 -23.613909 41.388619 0.000000
105648 -33.908889 -23.256480 41.187721 0.000000
105649 -33.790509 -22.910875 40.957601 0.000000
105650 -31.114578 -21.016415 40.323860 0.000000
105651 -31.923965 -21.433869 40.310162 0.000000
105652 -31.657840 -21.224687 40.135746 0.000000
105653 -32.248821 -21.307451 40.028905 0.000000
105654 -32.882014 -21.315636 40.009729 0.000000
105655 -33.473913 -21.382938 40.130267 0.000000
105656 -32.682880 -21.111911 39.811570 0.000000
105657 -32.471815 -20.915462 39.556795 0.000000
105658 -32.307552 -20.706280 39.319370 0.000000
105663 -29.161773 -17.739535 39.031721 0.000000
105664 -29.839932 -18.251576 36.724135 0.000000
105665 -29.639880 -18.358895 37.255601 0.000000
105666 -29.914264 -18.755431 36.986215 0.000000
105667 -30.137258 -19.232002 37.249209 0.000000
105668 -30.433666 -19.640362 37.543250 0.000000
105669 -30.933797 -19.996881 37.907606 0.000000
105670 -31.009964 -19.939583 37.510376 0.000000
105671 -31.610121 -20.131485 37.544164 0.000000
105672 -32.285528 -20.226981 37.650091 0.000000
105673 -33.021500 -20.227890 37.909432 0.000000
105674 -32.408496 -20.220614 37.334134 0.000000
105675 -32.570924 -20.223343 36.925946 0.000000
105676 -32.740693 -20.267908 36.546066 0.000000
105677 -32.105664 -19.333865 34.188256 0.000000
105678 -32.347012 -19.760414 34.617446 0.000000
105679 -32.630572 -19.785880 34.223869 0.000000
105680 -33.228894 -20.183325 34.341668 0.000000
105681 -33.887783 -20.496189 34.555351 0.000000
105682 -34.632932 -20.657168 34.913314 0.000000
105683 -34.189697 -20.506193 34.192821 0.000000
105684 -34.430127 -20.474361 33.816594 0.000000
105685 -34.665051 -20.404331 33.486026 0.000000
105686 -34.984400 -20.317929 33.138107 0.000000
105687 -34.353042 -20.055088 32.934470 0.000000
105688 -34.115365 -19.526676 32.465100 0.000000
105689 -33.974961 -18.995536 32.129052 0.000000
105690 -33.082984 -16.409866 32.269681 0.000000
105691 -33.277531 -16.871885 31.987510 0.000000
105692 -33.374804 -16.280719 31.993903 0.000000
105693 -33.676718 -16.081541 31.690729 0.000000
105694 -33.983220 -15.880544 31.402167 0.000000
105695 -34.283299 -15.661358 31.134608 0.000000
105766 -22.299424 -26.327816 46.591874 0.000000
105767 -22.258128 -26.747999 46.971754 0.000000
105768 -22.667410 -26.647956 46.779988 0.000000
105769 -23.073021 -26.996289 47.125167 0.000000
105770 -23.511668 -27.204561 47.599103 0.000000
105932 -12.262848 -29.821154 53.407792 0.000000
105933 -11.867331 -29.871176 53.687222 0.000000
105934 -12.196775 -30.311367 53.686309 0.000000
105935 -12.186681 -30.771568 54.026009 0.000000
105936 -12.181175 -31.218126 54.501772 0.000000
105937 -12.200446 -31.604657 55.003104 0.000000
105938 -12.632669 -31.539174 54.843298 0.000000
105941 -15.657315 -29.355497 51.584187 0.000000
105942 -15.232433 -29.470092 51.838962 0.000000
105943 -15.651809 -29.833887 52.124785 0.000000
105944 -15.671081 -30.214962 52.700083 0.000000
105945 -15.688516 -30.491446 53.278121 0.000000
116083 -36.865627 -22.891776 43.789348 0.000000
116084 -36.374673 -22.779909 43.012239 0.000000
116105 -20.414526 -29.029901 51.554052 0.000000
116107 -20.825643 -28.867103 51.247226 0.000000
116108 -21.282643 -28.657011 51.152256 0.000000
116109 -21.676324 -28.485118 50.987885 0.000000
116110 -21.141322 -28.392351 49.717663 0.000000
116111 -21.608417 -28.360519 50.230865 0.000000
116116 -32.098323 -26.539727 45.180110 0.000000
116117 -32.124017 -26.682516 45.686920 0.000000
116151 -18.464473 -24.517029 49.538681 0.000000
116152 -18.834295 -25.077272 48.711347 0.000000
116153 -18.524122 -25.058173 49.078442 0.000000
116154 -18.144206 -25.091824 49.396226 0.000000
116155 -17.906529 -25.592951 49.356046 0.000000
116156 -17.698217 -26.130458 49.373397 0.000000
116157 -17.514683 -26.691611 49.492109 0.000000
116158 -17.412822 -27.242760 49.662872 0.000000
116159 -17.756948 -27.322795 49.400792 0.000000
116160 -18.145124 -27.782085 49.407184 0.000000
116161 -18.528710 -28.225005 49.554205 0.000000
116162 -18.948086 -27.697503 48.925029 0.000000
116163 -18.947169 -28.188626 49.389834 0.000000
116164 -18.977452 -28.635184 49.917647 0.000000
116165 -19.411511 -28.856189 50.245476 0.000000
116166 -19.934584 -29.013530 50.854562 0.000000
118594 -31.558732 -24.305118 42.478033 0.000000
118595 -31.825774 -24.165967 42.293572 0.000000
118596 -31.688123 -23.807629 42.588527 0.000000
118597 -31.823021 -23.338334 42.686236 0.000000
118645 -28.727714 -23.563887 44.547281 0.000000
118646 -28.801128 -23.897668 44.172881 0.000000
118647 -28.887389 -24.336041 43.782956 0.000000
118648 -29.192056 -24.111398 43.823136 0.000000
118649 -29.578396 -24.109579 43.659678 0.000000
118650 -30.041820 -24.225084 43.421340 0.000000
118652 -30.281333 -23.938595 43.436864 0.000000
118653 -30.351993 -24.278743 43.126385 0.000000
118654 -30.751180 -24.370601 42.881655 0.000000
118655 -31.230205 -24.396976 42.658841 0.000000
119319 -35.347798 -17.379378 30.498127 0.000000
119320 -35.827741 -17.714069 30.429639 0.000000
119321 -35.672654 -17.054692 30.185822 0.000000
119322 -35.984662 -16.745466 29.892693 0.000000
119323 -36.320530 -16.384400 29.597739 0.000000
119324 -35.922261 -15.261184 29.566691 0.000000
119325 -36.261799 -15.629526 29.400493 0.000000
119326 -36.663740 -16.002416 29.295479 0.000000
119327 -36.974830 -15.625888 29.003264 0.000000
119328 -37.284086 -15.244813 28.695524 0.000000
119329 -37.582329 -14.851006 28.367696 0.000000
119331 -38.656005 -10.138046 27.649942 0.000000
119332 -39.001967 -9.871567 27.306590 0.000000
119333 -39.023074 -10.264465 26.826261 0.000000
119334 -39.204773 -10.648268 26.382459 0.000000
119335 -39.742528 -9.826093 26.073807 0.000000
119336 -39.541558 -10.447272 26.071981 0.000000
119337 -39.411249 -11.094826 26.114900 0.000000
119338 -39.756293 -11.532289 25.904870 0.000000
119339 -40.085738 -11.982485 25.811727 0.000000
119340 -40.611563 -12.419948 25.806248 0.000000
119341 -41.208050 -12.803752 25.923134 0.000000
119342 -41.002492 -12.209857 25.565170 0.000000
119343 -41.423703 -12.053425 25.341443 0.000000
119344 -41.814631 -11.896993 25.114976 0.000000
119345 -41.253016 -10.841989 24.705875 0.000000
119346 -41.700840 -11.335840 24.748794 0.000000
119347 -42.225748 -11.767846 24.873899 0.000000
119353 -43.243446 -10.541859 23.380862 0.000000
119354 -43.100289 -9.960697 23.098692 0.000000
119355 -42.405612 -9.495949 23.486790 0.000000
119356 -42.760751 -9.472302 23.198228 0.000000
119357 -43.121396 -9.450475 22.908752 0.000000
119358 -43.147091 -8.874770 22.780908 0.000000
119507 -10.517436 -31.893874 55.861485 0.000000
119508 -10.109990 -31.999374 56.146395 0.000000
119509 -10.572496 -32.352255 56.437697 0.000000
119510 -10.633980 -32.724235 57.096094 0.000000
121209 -31.790903 -21.788569 41.368529 0.000000
121210 -32.152465 -22.095066 40.993215 0.000000
121211 -31.544049 -21.503900 41.221508 0.000000
121212 -31.260488 -21.242877 41.088185 0.000000
121213 -31.038412 -21.022781 40.888200 0.000000
121214 -30.177636 -20.167864 41.513723 0.000000
121215 -30.439172 -20.541663 41.012392 0.000000
121216 -30.679602 -20.760849 40.674518 0.000000
121217 -30.488726 -20.618060 40.337557 0.000000
121218 -30.232696 -20.362494 40.082782 0.000000
121219 -30.114316 -20.162407 39.759519 0.000000
121223 -29.659151 -16.764565 37.351484 0.000000
121224 -29.695858 -17.179291 36.969778 0.000000
121225 -30.059256 -16.569026 36.438312 0.000000
121226 -29.909675 -17.133817 36.474839 0.000000
121227 -29.808732 -17.689513 36.653821 0.000000
121228 -29.984925 -18.118791 36.346082 0.000000
121229 -30.271238 -18.563530 36.093133 0.000000
121230 -30.669508 -19.031006 35.928762 0.000000
121231 -31.109990 -19.412990 35.802744 0.000000
121232 -30.902596 -18.963704 35.462131 0.000000
121233 -31.132014 -18.921867 35.054856 0.000000
121234 -31.428422 -18.910044 34.623839 0.000000
121235 -31.065942 -17.923251 34.538000 0.000000
121236 -31.372444 -18.395275 34.317926 0.000000
121237 -31.720242 -18.910954 34.233001 0.000000
121238 -32.025827 -18.870027 33.833945 0.000000
121239 -32.317646 -18.810001 33.451326 0.000000
121240 -32.642502 -18.778169 33.081491 0.000000
121241 -32.936157 -18.727237 32.754575 0.000000
121242 -32.549817 -18.249757 32.899769 0.000000
121243 -32.546146 -17.694061 32.762794 0.000000
121244 -32.670950 -17.122903 32.615773 0.000000
121245 -32.194678 -16.720001 33.219380 0.000000
121246 -32.498427 -16.640875 32.897943 0.000000
121247 -32.801259 -16.530827 32.550025 0.000000
121248 -33.015994 -15.963308 32.554590 0.000000
121249 -33.270189 -15.341219 32.676042 0.000000
121303 -24.035659 -26.289618 45.894210 0.000000
121304 -23.982434 -26.618852 46.264958 0.000000
121305 -24.419245 -26.627037 46.227518 0.000000
121306 -24.825774 -26.980828 46.608311 0.000000
121307 -25.269009 -27.228208 47.158041 0.000000
121308 -25.706739 -27.124527 46.337099 0.000000
121309 -25.748952 -27.301876 47.090466 0.000000
121432 -12.137127 -28.781611 53.387702 0.000000
121433 -12.703330 -28.210454 53.032478 0.000000
121434 -12.530808 -28.733408 53.078137 0.000000
121435 -12.367462 -29.275462 53.205067 0.000000
121436 -12.672129 -29.807512 53.157582 0.000000
121437 -12.994232 -30.283173 53.312822 0.000000
121438 -13.455821 -30.634235 53.467148 0.000000
121439 -17.480729 -30.045797 53.406879 0.000000
123949 -7.134898 -32.787899 58.923352 0.000000
123950 -6.993576 -32.124884 59.199130 0.000000
123951 -6.797195 -32.833374 59.368067 0.000000
123952 -6.482433 -32.824279 59.859354 0.000000
123953 -6.197037 -32.762434 60.357032 0.000000
123954 -6.257604 -34.290371 60.530535 0.000000
123955 -6.007079 -33.518217 60.588065 0.000000
123956 -5.906135 -32.714231 60.918633 0.000000
123957 -5.611563 -32.703317 61.374306 0.000000
123958 -5.283954 -32.682399 61.787973 0.000000
129331 -37.659413 -10.794696 30.091765 0.000000
129335 -38.244888 -10.137137 29.491811 0.000000
129336 -38.610121 -9.811541 29.179506 0.000000
129337 -38.964343 -9.527781 28.855330 0.000000
131036 -35.584558 -20.394326 41.139323 0.000000
131122 -27.669639 -27.005384 45.140843 0.000000
131123 -27.689828 -27.280049 45.602909 0.000000
131124 -28.189041 -27.334618 45.628477 0.000000
131125 -28.824070 -27.497416 46.252174 0.000000
131133 -32.067122 -26.870780 46.174554 0.000000
131233 -15.221421 -25.624783 52.076387 0.000000
131234 -14.879130 -26.247782 51.885534 0.000000
131235 -14.626770 -26.823487 51.754950 0.000000
131236 -14.389093 -27.454670 51.738513 0.000000
131237 -14.775433 -27.381002 51.459082 0.000000
131238 -14.980991 -27.990358 51.281014 0.000000
131239 -15.315024 -28.426911 51.170520 0.000000
131240 -15.809649 -27.852116 50.755026 0.000000
131241 -15.723388 -28.424183 50.991538 0.000000
131242 -15.668328 -28.948957 51.286493 0.000000
131243 -16.087704 -29.349131 51.502914 0.000000
131244 -16.539198 -29.631072 51.784171 0.000000
131245 -17.007211 -29.865719 52.273632 0.000000
131246 -17.346749 -27.828469 49.892079 0.000000
131247 -17.312795 -28.376890 50.181554 0.000000
131248 -17.332066 -28.815262 50.603440 0.000000
131249 -18.188254 -29.031720 50.692017 0.000000
131250 -17.761537 -29.130854 50.887436 0.000000
131251 -17.348585 -29.194518 51.071897 0.000000
131252 -17.385291 -29.495558 51.521178 0.000000
131253 -17.432093 -29.738391 52.109261 0.000000
131254 -17.460540 -29.922107 52.764918 0.000000
133090 -46.695727 -7.847050 19.657859 0.000000
137845 -34.975224 -25.043621 44.301638 0.000000
137846 -35.129392 -24.824435 44.037731 0.000000
137847 -34.629261 -24.942668 43.572927 0.000000
137848 -34.464998 -24.769866 43.009499 0.000000
137849 -34.116283 -24.514300 42.356581 0.000000
137850 -33.491348 -24.756224 42.317315 0.000000
137851 -33.665706 -24.496111 42.089935 0.000000
137852 -33.678553 -24.193251 41.815983 0.000000
137853 -33.357368 -23.798534 41.459846 0.000000
137854 -32.955428 -23.301045 41.324697 0.000000
137855 -32.475486 -22.703513 41.274472 0.000000
137856 -32.059780 -23.964061 42.161162 0.000000
137857 -32.224961 -23.693943 42.034231 0.000000
137858 -32.322235 -23.384718 41.925564 0.000000
137859 -32.121264 -22.432486 42.565698 0.000000
137860 -32.164395 -22.718974 42.144725 0.000000
137861 -32.360777 -23.078221 41.799546 0.000000
137862 -32.323152 -22.784457 41.642481 0.000000
137863 -32.206608 -22.423391 41.569427 0.000000
137864 -32.002885 -22.062325 41.518289 0.000000
137865 -31.538543 -21.511176 41.745669 0.000000
137866 -31.096225 -20.938199 42.037884 0.000000
137867 -30.723650 -20.216976 42.483512 0.000000
137868 -30.987022 -20.156041 43.180263 0.000000
137927 -20.250263 -26.287799 47.437472 0.000000
137928 -20.597143 -26.666145 47.363505 0.000000
137929 -20.681568 -26.241415 47.157128 0.000000
137930 -21.079838 -26.093169 46.865826 0.000000
137931 -21.534085 -26.091350 46.722458 0.000000
137932 -21.390011 -25.120018 46.607398 0.000000
137933 -21.635947 -25.585675 46.483207 0.000000
137934 -21.944285 -25.996763 46.490512 0.000000
137935 -22.371920 -25.824870 46.254914 0.000000
137936 -22.820661 -25.924004 46.132548 0.000000
137937 -23.243708 -25.911272 45.914300 0.000000
137938 -22.449004 -23.230105 46.911484 0.000000
137939 -22.531595 -23.687577 46.464943 0.000000
137940 -22.733482 -24.034091 46.141680 0.000000
137941 -23.433666 -23.721228 45.960872 0.000000
137942 -23.165706 -24.065923 45.854944 0.000000
137943 -22.878474 -24.592516 45.875034 0.000000
137944 -23.104222 -24.989052 45.691486 0.000000
137945 -23.396959 -25.500184 45.701531 0.000000
137946 -23.689696 -25.948561 45.716142 0.000000
137947 -24.128343 -25.910362 45.559076 0.000000
137948 -24.592685 -26.007677 45.435798 0.000000
137949 -25.024909 -26.071341 45.241292 0.000000
137950 -24.912953 -25.374675 44.973733 0.000000
137951 -25.141453 -25.717551 45.026697 0.000000
137952 -25.473650 -26.307808 45.235813 0.000000
137953 -25.905874 -26.408761 45.149062 0.000000
137954 -26.393157 -26.617033 45.112535 0.000000
137955 -26.800604 -26.566102 44.950904 0.000000
137973 -25.775564 -23.340153 45.508852 0.000000
137974 -25.872837 -23.733961 45.150888 0.000000
137975 -25.905874 -24.298752 44.734482 0.000000
137976 -26.082067 -24.805336 44.542716 0.000000
137977 -26.682224 -24.569779 44.369213 0.000000
137978 -26.490431 -24.924479 44.386563 0.000000
137979 -26.302308 -25.304644 44.400261 0.000000
137980 -26.542738 -25.793038 44.455051 0.000000
137981 -26.907971 -26.322359 44.628554 0.000000
137982 -27.292476 -26.707072 44.813928 0.000000
137983 -27.747641 -26.779831 44.778314 0.000000
137984 -28.209230 -26.748909 44.651383 0.000000
137985 -28.749738 -26.794383 44.651383 0.000000
137986 -28.321186 -26.104992 43.978375 0.000000
137987 -28.819481 -26.466968 44.318988 0.000000
137988 -29.346225 -26.838948 44.716218 0.000000
137989 -29.852780 -26.737085 44.658688 0.000000
137990 -30.410724 -26.663417 44.656862 0.000000
137991 -31.030153 -26.616124 44.734482 0.000000
137992 -29.021369 -24.778961 43.483436 0.000000
137993 -29.270058 -25.332838 43.358331 0.000000
137994 -29.560960 -25.605684 43.387553 0.000000
137995 -30.177636 -25.356485 43.072508 0.000000
137996 -30.023467 -25.619326 43.329110 0.000000
137997 -29.961983 -25.888534 43.546445 0.000000
137998 -30.479550 -26.210493 43.875187 0.000000
137999 -30.903514 -26.378748 44.139093 0.000000
138000 -31.434846 -26.481520 44.554587 0.000000
138001 -31.989120 -26.425131 44.561892 0.000000
138002 -32.618642 -26.201398 44.630380 0.000000
138003 -33.100420 -26.034052 44.529018 0.000000
138004 -32.533299 -25.862159 43.621325 0.000000
138005 -33.099502 -25.898539 44.066953 0.000000
138006 -33.629917 -25.840332 44.525365 0.000000
138007 -34.101600 -25.593861 44.476054 0.000000
138008 -34.501705 -25.331019 44.377431 0.000000
138085 -19.760226 -24.094117 48.557021 0.000000
138087 -20.063058 -24.100484 48.163443 0.000000
138088 -19.793262 -24.587059 48.072126 0.000000
138089 -19.818957 -25.197325 47.689507 0.000000
138090 -20.042869 -25.765754 47.508699 0.000000
139748 -37.749345 -19.996881 32.610294 0.000000
139754 -36.365496 -18.040575 30.459773 0.000000
139755 -36.969324 -18.320697 30.566614 0.000000
139756 -37.624542 -18.599000 30.815910 0.000000
139757 -37.628213 -17.677690 30.003187 0.000000
139772 -36.506818 -12.405396 29.815987 0.000000
139773 -36.571055 -12.677333 29.299131 0.000000
139774 -36.675669 -13.032033 28.885464 0.000000
139775 -37.124411 -11.960658 28.694611 0.000000
139776 -36.951889 -12.641863 28.577725 0.000000
139777 -36.865627 -13.381275 28.564941 0.000000
139778 -37.132670 -13.745070 28.312905 0.000000
139779 -37.468538 -14.155249 28.157666 0.000000
139780 -37.882408 -14.523591 28.068175 0.000000
139781 -38.346750 -10.781053 27.446305 0.000000
139782 -38.126508 -11.429517 27.351335 0.000000
139783 -38.042083 -12.071615 27.327592 0.000000
139784 -38.655087 -12.221680 26.774210 0.000000
139785 -38.329314 -12.470879 27.079210 0.000000
139786 -38.021894 -12.761915 27.377817 0.000000
139787 -38.063189 -13.454944 27.531230 0.000000
139788 -38.178816 -14.166162 27.754044 0.000000
139789 -38.360515 -14.887385 28.052651 0.000000
139791 -39.542476 -15.561315 28.299208 0.000000
139793 -40.211459 -14.951049 27.783265 0.000000
139847 -46.215785 -9.896123 21.349967 0.000000
139848 -45.269665 -9.403181 21.363665 0.000000
139849 -45.659676 -9.394086 21.144503 0.000000
139850 -46.068957 -9.397724 20.933560 0.000000
139851 -45.931307 -8.861127 20.595687 0.000000
139852 -45.900106 -8.329987 20.324475 0.000000
139853 -45.969849 -7.785205 20.138187 0.000000
139879 -45.724830 -7.159478 20.343651 0.000000
140245 -8.057158 -30.633326 58.079581 0.000000
140246 -7.791033 -31.342725 58.121587 0.000000
140247 -7.588228 -32.029388 58.274087 0.000000
140248 -9.684190 -32.121246 56.489748 0.000000
140249 -9.288673 -32.252212 56.822143 0.000000
140250 -8.905087 -32.362260 57.145406 0.000000
140251 -9.409806 -33.292664 57.999222 0.000000
140252 -8.954641 -32.932508 57.638519 0.000000
140253 -8.516912 -32.465032 57.469582 0.000000
140254 -8.169114 -32.595088 57.812935 0.000000
140255 -7.808469 -32.673304 58.175464 0.000000
140256 -7.481778 -32.741515 58.530688 0.000000
140257 -7.434977 -33.433635 58.901436 0.000000
140258 -7.447824 -34.053905 59.439294 0.000000
140259 -7.525826 -34.645071 60.158874 0.000000
140260 -8.421474 -34.648709 60.420954 0.000000
140261 -8.014945 -34.861529 60.692167 0.000000
140262 -7.579969 -35.057978 61.025475 0.000000
144690 -35.428553 -24.556137 43.844139 0.000000
144693 -34.803619 -23.912220 42.157510 0.000000
144694 -35.279891 -23.813996 42.552913 0.000000
144697 -35.861694 -22.971811 42.519126 0.000000
144698 -35.857106 -22.605288 42.286267 0.000000
144699 -32.568171 -22.300610 40.781359 0.000000
144700 -33.093996 -22.472503 40.686389 0.000000
144701 -33.691401 -22.576184 40.713784 0.000000
144702 -32.695727 -21.835862 40.361300 0.000000
144703 -33.458312 -22.262412 40.550327 0.000000
144704 -34.217227 -22.561633 40.939338 0.000000
144705 -34.801784 -22.514339 41.266254 0.000000
144706 -35.314762 -22.424300 41.606867 0.000000
144707 -35.853435 -22.283330 42.040624 0.000000
144708 -35.739644 -21.925902 41.810504 0.000000
144709 -35.547851 -21.622133 41.540205 0.000000
144710 -35.456084 -21.339283 41.314652 0.000000
144711 -34.096094 -21.298356 40.389608 0.000000
144712 -34.708181 -21.165571 40.724742 0.000000
144713 -35.302832 -20.997316 41.131104 0.000000
144714 -35.163346 -20.773582 40.913769 0.000000
144715 -34.964211 -20.534387 40.661734 0.000000
144719 -29.224175 -18.493499 40.862631 0.000000
144720 -29.154432 -17.641310 40.376824 0.000000
144721 -29.147090 -18.262490 40.407872 0.000000
144722 -29.296671 -18.887307 40.483665 0.000000
144723 -29.418721 -19.282024 40.088261 0.000000
144724 -29.652727 -19.633995 39.682813 0.000000
144725 -30.001443 -19.970505 39.416167 0.000000
144727 -29.224175 -17.605840 38.576048 0.000000
144728 -29.232434 -18.171541 38.629012 0.000000
144729 -29.529759 -18.471672 37.685705 0.000000
144730 -29.367331 -18.604457 38.295704 0.000000
144731 -29.288412 -18.716324 38.743159 0.000000
144732 -29.542607 -19.237459 38.870090 0.000000
144733 -29.931700 -19.788608 38.982410 0.000000
144734 -30.427242 -20.234257 39.188787 0.000000
144735 -30.914526 -20.373408 39.013458 0.000000
144736 -31.543131 -20.514378 38.978757 0.000000
144737 -32.273598 -20.582590 39.014371 0.000000
144738 -31.463294 -20.277002 38.317620 0.000000
144739 -32.166230 -20.424339 38.720329 0.000000
144740 -32.937992 -20.558034 39.221661 0.000000
144741 -33.579445 -20.464357 39.469131 0.000000
144742 -34.258522 -20.324296 39.825268 0.000000
144743 -34.872444 -20.154222 40.217019 0.000000
144747 -33.699660 -20.164226 38.216258 0.000000
144753 -31.648663 -19.795884 35.836531 0.000000
144754 -32.284610 -20.085101 35.960723 0.000000
144755 -32.993053 -20.300649 36.163447 0.000000
144756 -32.693892 -20.104200 35.133389 0.000000
144757 -33.171081 -20.335210 35.764391 0.000000
144772 -36.723388 -20.541663 33.580996 0.000000
144773 -36.341637 -20.288826 32.875114 0.000000
144774 -35.341375 -20.206062 32.844066 0.000000
144775 -35.642371 -20.052359 32.570114 0.000000
144776 -35.842423 -19.869552 32.261462 0.000000
144777 -35.603829 -19.412081 31.753738 0.000000
144778 -35.341375 -18.842742 31.340984 0.000000
144779 -35.179864 -18.250666 31.008590 0.000000
144780 -33.251836 -18.669940 32.440444 0.000000
144781 -33.544573 -18.534426 32.136358 0.000000
144782 -33.855664 -18.439840 31.859666 0.000000
144783 -33.494101 -17.336632 31.794831 0.000000
144784 -33.785921 -17.802290 31.657855 0.000000
144785 -34.153907 -18.266128 31.564712 0.000000
144786 -34.464080 -18.071498 31.280715 0.000000
144787 -34.759571 -17.845945 31.007677 0.000000
144788 -35.034872 -17.618573 30.767512 0.000000
144789 -34.987153 -16.914631 30.556570 0.000000
144790 -34.955952 -16.242520 30.442423 0.000000
144791 -35.007342 -15.539487 30.382154 0.000000
144792 -34.563189 -15.412159 30.901749 0.000000
144793 -34.856844 -15.095658 30.667977 0.000000
144794 -35.150499 -14.835544 30.408636 0.000000
144795 -35.355140 -14.096132 30.524608 0.000000
144796 -35.660724 -13.453125 30.684414 0.000000
144934 -21.002753 -27.065410 47.541573 0.000000
144935 -21.400105 -27.325523 47.781738 0.000000
144936 -21.852517 -27.556533 48.084911 0.000000
144937 -22.215915 -27.073595 47.385421 0.000000
144938 -22.270058 -27.393735 47.978983 0.000000
144939 -22.340719 -27.670219 48.634640 0.000000
144940 -22.816990 -27.751163 49.134146 0.000000
144943 -23.951233 -26.924440 46.860347 0.000000
144944 -23.969586 -27.186372 47.464867 0.000000
144945 -24.010881 -27.387368 48.090390 0.000000
144946 -24.922129 -27.480136 48.536931 0.000000
144947 -24.481647 -27.472860 48.641033 0.000000
144948 -24.068695 -27.516515 48.711347 0.000000
144949 -24.156791 -27.627473 49.439145 0.000000
144961 -27.659544 -27.454670 46.144420 0.000000
144962 -27.706346 -27.641115 46.731589 0.000000
145265 -9.743839 -29.815697 55.716291 0.000000
145266 -9.869560 -30.420506 55.443253 0.000000
145267 -10.151285 -30.930728 55.341890 0.000000
145270 -10.912952 -29.301837 54.486248 0.000000
145271 -11.439696 -29.883909 53.986743 0.000000
145272 -11.098322 -29.912103 54.281698 0.000000
145273 -10.722994 -29.870266 54.604047 0.000000
145274 -10.600026 -30.419596 54.790334 0.000000
145275 -10.550472 -30.928909 55.026846 0.000000
145276 -10.508259 -31.439131 55.416771 0.000000
145277 -10.958836 -31.840214 55.618582 0.000000
145278 -11.415837 -32.105784 55.915363 0.000000
145280 -12.248165 -31.940258 55.604884 0.000000
145286 -14.219324 -27.998543 51.817046 0.000000
145287 -14.065155 -28.545145 51.975938 0.000000
145288 -13.992659 -29.093565 52.166791 0.000000
145289 -14.809387 -29.551946 52.029815 0.000000
145290 -14.346880 -29.552856 52.235279 0.000000
145291 -13.937599 -29.601968 52.452614 0.000000
145292 -13.892633 -30.078539 52.815143 0.000000
145293 -13.870609 -30.554200 53.276295 0.000000
145294 -13.907315 -30.938004 53.810501 0.000000
145295 -16.602517 -30.362299 53.631519 0.000000
145296 -16.160200 -30.503269 53.732881 0.000000
145301 -14.834164 -30.948918 54.046099 0.000000
145302 -14.401023 -31.106259 54.194946 0.000000
145303 -13.945858 -31.228130 54.394018 0.000000
150579 -47.110515 -8.483690 19.661512 0.000000
151797 -5.611563 -35.962917 63.071894 0.000000
151798 -5.234400 -35.598213 62.439065 0.000000
151799 -4.709491 -36.133900 63.203390 0.000000
151800 -4.782905 -35.632773 62.617134 0.000000
151801 -4.904956 -35.009775 62.067404 0.000000
151802 -4.745281 -34.190328 61.964216 0.000000
151803 -4.615889 -33.470014 62.105757 0.000000
151807 -3.544048 -35.035241 62.239994 0.000000
151809 -3.477058 -34.193965 62.122194 0.000000
151810 -3.726665 -34.213065 62.220817 0.000000
151811 -3.949659 -33.493661 62.307568 0.000000
