#!ascii label  , from subject fsaverage vox2ras=TkReg 
1912
93 -39.364448 5.761597 16.896426 0.000000
181 -51.299686 3.385109 3.460923 0.000000
263 -44.850289 12.564557 19.732739 0.000000
453 -48.236498 2.784848 12.942390 0.000000
454 -47.483090 3.045870 20.461450 0.000000
522 -44.336393 7.283168 8.343655 0.000000
523 -47.789592 12.832855 7.906245 0.000000
524 -42.889225 17.465780 9.295180 0.000000
996 -39.238727 1.605244 24.255681 0.000000
1147 -42.969980 3.082250 14.529484 0.000000
1148 -45.521107 3.971728 9.864087 0.000000
1149 -42.461590 6.690183 13.172510 0.000000
1150 -47.871265 16.022424 18.580316 0.000000
1151 -48.079576 13.332163 14.234529 0.000000
1152 -49.206477 15.845075 13.943227 0.000000
1153 -44.923703 14.348969 9.585569 0.000000
1154 -48.086918 18.483495 10.732513 0.000000
1479 -48.325512 5.011271 1.241914 0.000000
1624 -36.863792 8.522798 20.185672 0.000000
1625 -41.223651 9.752424 17.653446 0.000000
2014 -53.095570 4.571989 14.849094 0.000000
2015 -47.829052 3.142276 16.924734 0.000000
2016 -42.297326 2.279173 17.993146 0.000000
2018 -41.127295 1.690735 21.190162 0.000000
2209 -48.596225 5.021275 4.708316 0.000000
2210 -47.106844 7.753373 2.721253 0.000000
2211 -44.322628 10.926571 13.877479 0.000000
2212 -46.332329 10.549134 7.965601 0.000000
2213 -45.602780 10.190797 1.697587 0.000000
2214 -43.292083 11.890627 3.104786 0.000000
2215 -40.463818 13.177550 5.373105 0.000000
3067 -41.011668 4.285501 15.633509 0.000000
3068 -42.437730 4.697498 13.622703 0.000000
3069 -40.967620 6.330026 15.134917 0.000000
3070 -48.782513 17.824117 17.017878 0.000000
3071 -49.574463 16.042433 16.560379 0.000000
3072 -49.801128 17.634944 14.944064 0.000000
3073 -48.788936 17.381197 12.565250 0.000000
3426 -50.000263 4.199099 2.005326 0.000000
3667 -35.425800 10.758316 21.170985 0.000000
3668 -37.964998 10.414530 20.734489 0.000000
4417 -47.692319 3.325992 18.869791 0.000000
4418 -45.093472 2.480170 17.510991 0.000000
4419 -44.830101 2.512002 19.264282 0.000000
4424 -40.217882 1.669817 22.674067 0.000000
4427 -35.796540 3.425126 20.488846 0.000000
4428 -34.970635 5.653368 20.417618 0.000000
4429 -33.662035 5.104948 21.470506 0.000000
4884 -49.325774 3.408756 10.395553 0.000000
4885 -44.726404 5.372337 9.075106 0.000000
4886 -46.915968 4.334613 7.366560 0.000000
4887 -45.878082 5.597890 6.459780 0.000000
4888 -47.486760 6.380048 3.762270 0.000000
4889 -45.727583 7.495988 5.658015 0.000000
4890 -43.082853 11.162128 18.671633 0.000000
4891 -43.080100 10.590061 15.959511 0.000000
4892 -44.655743 12.315357 16.854420 0.000000
4893 -48.842161 12.951998 11.079519 0.000000
4894 -47.229812 11.837877 11.145267 0.000000
4895 -47.776745 11.690540 7.756485 0.000000
4896 -46.513111 10.431811 4.437104 0.000000
4897 -46.860908 11.733286 4.382314 0.000000
4898 -44.680520 11.199417 2.100296 0.000000
4899 -45.833116 12.440866 4.865382 0.000000
4900 -43.718800 15.797781 10.036676 0.000000
4901 -42.845177 13.442211 6.878013 0.000000
4902 -41.652203 14.702759 8.130886 0.000000
4903 -39.416755 14.183443 6.843313 0.000000
4904 -40.686813 16.286175 8.518071 0.000000
6673 -45.489907 2.552019 13.703063 0.000000
6674 -46.726928 3.156828 11.255761 0.000000
6675 -44.326299 3.637946 12.296777 0.000000
6676 -43.685764 5.143146 11.423785 0.000000
6677 -43.492135 7.003956 11.041166 0.000000
6678 -46.644338 14.389896 19.885239 0.000000
6679 -46.626902 13.618651 17.266261 0.000000
6680 -48.579707 14.625453 17.244345 0.000000
6681 -49.315680 14.368978 14.318541 0.000000
6682 -48.464998 14.173438 11.411913 0.000000
6683 -46.375460 13.524065 8.641349 0.000000
6684 -47.214212 15.494013 11.946119 0.000000
6685 -46.235056 16.875523 11.192752 0.000000
6686 -45.390798 18.258852 9.789206 0.000000
7293 -46.449791 5.602437 1.206301 0.000000
7630 -38.126508 7.165844 18.537396 0.000000
7631 -39.890273 7.856145 17.016052 0.000000
7632 -39.138700 8.886593 19.135524 0.000000
7633 -40.674883 10.349957 20.072439 0.000000
7634 -42.367987 11.769665 21.036749 0.000000
7636 -40.933666 13.875127 20.729010 0.000000
7637 -43.925276 13.781450 21.055926 0.000000
8616 -50.648139 3.607024 14.000757 0.000000
8618 -50.525171 3.981732 15.959511 0.000000
8619 -48.001574 2.813042 14.896579 0.000000
8620 -45.256818 2.361027 15.609766 0.000000
8621 -42.632277 2.529282 16.241681 0.000000
8625 -46.886603 2.913995 22.090550 0.000000
8626 -42.760751 2.197319 24.000906 0.000000
8627 -43.651810 2.070901 22.348064 0.000000
8628 -44.357500 2.180039 20.803890 0.000000
8629 -41.764159 2.011784 19.633203 0.000000
8631 -38.098061 4.808455 18.082637 0.000000
9188 -51.829183 3.959904 5.139333 0.000000
9189 -48.012586 3.574282 8.760974 0.000000
9190 -49.732303 4.145440 5.986757 0.000000
9191 -50.729812 4.687494 3.446312 0.000000
9192 -49.449660 5.715213 2.148694 0.000000
9193 -47.913478 6.587411 1.256525 0.000000
9194 -46.432355 7.303177 0.600867 0.000000
9195 -41.638438 8.494604 15.288330 0.000000
9196 -43.253540 8.845666 13.473856 0.000000
9197 -44.307945 9.247659 11.063082 0.000000
9198 -45.946907 12.441776 14.027239 0.000000
9199 -45.344914 10.893830 11.262153 0.000000
9200 -45.121002 9.334970 8.128146 0.000000
9201 -46.016650 9.043934 4.924738 0.000000
9202 -46.319482 8.882046 1.745985 0.000000
9203 -44.983352 8.259957 0.692185 0.000000
9207 -44.384112 12.791928 5.720111 0.000000
9208 -41.707264 12.492707 4.147628 0.000000
9209 -39.068040 11.662346 4.167718 0.000000
9210 -37.914526 12.651867 5.446159 0.000000
9211 -37.073021 13.793273 6.623238 0.000000
10747 -40.158234 5.015818 16.224331 0.000000
10748 -40.857499 5.301397 15.356818 0.000000
10749 -40.176587 6.062637 16.046263 0.000000
10751 -49.564369 17.831393 16.117490 0.000000
10753 -49.804799 18.264309 13.960577 0.000000
11106 -50.725224 3.808930 2.692032 0.000000
12097 -47.633588 3.197755 19.704431 0.000000
12098 -46.280022 2.944917 19.053339 0.000000
12099 -46.163478 2.754835 19.944595 0.000000
12107 -35.266126 3.126815 21.187422 0.000000
12108 -34.667804 4.210013 20.986524 0.000000
12562 -49.501050 3.127724 12.507720 0.000000
12564 -48.759571 3.104078 11.741569 0.000000
12565 -44.385947 6.249992 8.719882 0.000000
12566 -45.199005 5.470562 7.846889 0.000000
12567 -44.924621 6.280914 7.448746 0.000000
12568 -45.662429 6.501919 6.081727 0.000000
12569 -45.001705 7.362294 7.047863 0.000000
12570 -44.017961 11.739652 19.219536 0.000000
12571 -43.943630 11.713277 17.857996 0.000000
12572 -44.805323 12.448142 18.376678 0.000000
12573 -48.476010 12.951088 9.460464 0.000000
12574 -48.398008 12.336275 9.452246 0.000000
12575 -48.057552 12.309900 7.789359 0.000000
12576 -47.550080 11.756933 6.072595 0.000000
12577 -47.428029 12.298077 6.187655 0.000000
12578 -46.451627 12.158926 4.529334 0.000000
12579 -46.912298 12.691885 6.319152 0.000000
12580 -43.234269 16.688169 9.805644 0.000000
12581 -42.659807 15.176602 9.058669 0.000000
12582 -42.133063 16.064261 9.199297 0.000000
12583 -41.108942 15.490375 8.471499 0.000000
12584 -41.721029 16.849148 8.970091 0.000000
14962 -44.178554 2.700266 14.131340 0.000000
14963 -44.869560 2.983116 12.992615 0.000000
14964 -43.627033 3.287794 13.430024 0.000000
14965 -42.359728 5.725218 13.350578 0.000000
14966 -43.133325 5.000357 12.511373 0.000000
14967 -43.043394 5.920757 12.264816 0.000000
14968 -43.533430 5.993516 11.162617 0.000000
14969 -43.050735 6.858438 12.133320 0.000000
14970 -47.333509 15.184787 19.420434 0.000000
14971 -47.691401 14.641824 18.665241 0.000000
14972 -48.340195 15.307568 18.267098 0.000000
14973 -49.625853 15.981498 15.233539 0.000000
14974 -49.542345 15.201158 15.615245 0.000000
14975 -49.367987 15.087472 14.222658 0.000000
14976 -49.156005 14.291672 12.799022 0.000000
14977 -48.776089 14.969239 12.926866 0.000000
14978 -47.815287 14.783704 11.728784 0.000000
14979 -48.327348 15.738665 12.905863 0.000000
14980 -48.516388 17.953264 11.670341 0.000000
14981 -47.601469 17.262964 11.769877 0.000000
14982 -47.143551 17.827755 11.006465 0.000000
14983 -45.795491 17.557638 10.545313 0.000000
14984 -46.713163 18.404370 10.211092 0.000000
16041 -47.385816 5.352328 1.112244 0.000000
16762 -37.489644 7.812489 19.407650 0.000000
16763 -38.555979 8.068055 18.731902 0.000000
16764 -37.948480 8.656493 19.662425 0.000000
16765 -38.633981 11.370401 21.036749 0.000000
16766 -39.313058 10.333586 20.473322 0.000000
16767 -40.054537 11.172133 20.944519 0.000000
16768 -41.525565 11.057537 20.611211 0.000000
16769 -40.831805 12.036145 21.315266 0.000000
16774 -40.339015 14.588164 19.729086 0.000000
16776 -42.444154 13.792363 21.020312 0.000000
16777 -43.187468 14.628182 20.497977 0.000000
16778 -44.650237 14.701850 20.560986 0.000000
16779 -43.970242 15.340309 19.787529 0.000000
18998 -51.904432 4.065405 13.485728 0.000000
18999 -51.870478 4.251850 14.429035 0.000000
19004 -50.501312 4.200918 17.034315 0.000000
19005 -49.223913 3.584286 16.480019 0.000000
19006 -49.256031 3.341454 15.454527 0.000000
19007 -47.887783 2.976749 15.925724 0.000000
19008 -46.592030 2.545653 15.310246 0.000000
19009 -46.521370 2.622959 16.294645 0.000000
19010 -43.719718 2.290087 17.756634 0.000000
19011 -43.803226 2.290087 16.835243 0.000000
19012 -42.485449 2.413777 17.122893 0.000000
19025 -40.999739 1.904465 24.124184 0.000000
19027 -41.974306 1.850805 22.532525 0.000000
19028 -42.354222 1.818064 21.769113 0.000000
19029 -43.966571 2.091819 21.569128 0.000000
19030 -42.731385 1.878999 20.960956 0.000000
19031 -43.054406 2.050892 20.233157 0.000000
19032 -41.476928 1.858990 20.351870 0.000000
19038 -37.286839 5.516945 18.698115 0.000000
19039 -36.568302 5.114043 19.245105 0.000000
20413 -52.210017 3.747994 5.999542 0.000000
20415 -46.087311 3.527898 10.522484 0.000000
20416 -47.319744 3.354186 10.016586 0.000000
20417 -46.711328 3.709796 9.308878 0.000000
20418 -47.751050 4.591998 5.999542 0.000000
20419 -48.365890 4.140892 6.606801 0.000000
20420 -49.249608 4.491045 5.263525 0.000000
20421 -50.446252 4.511053 4.648960 0.000000
20422 -49.841506 4.964887 3.922988 0.000000
20423 -50.159020 5.214996 2.745909 0.000000
20424 -49.206477 5.530588 3.297465 0.000000
20425 -47.277531 7.140379 3.312989 0.000000
20426 -48.085082 6.732929 2.362377 0.000000
20427 -47.609728 7.287716 1.823605 0.000000
20428 -47.164657 6.917555 0.850163 0.000000
20429 -47.034348 7.618769 1.269309 0.000000
20430 -40.495937 8.868403 17.272653 0.000000
20431 -40.777662 8.279056 16.114751 0.000000
20432 -41.371396 9.300409 16.354915 0.000000
20433 -43.790378 10.824709 14.963240 0.000000
20434 -43.185633 9.796080 14.641804 0.000000
20435 -43.854615 9.954330 13.695757 0.000000
20436 -43.814238 9.087590 12.346089 0.000000
20437 -44.379524 10.071654 12.543334 0.000000
20438 -47.420688 13.617742 15.741263 0.000000
20439 -46.324070 13.195740 15.674602 0.000000
20440 -47.037101 12.900157 14.091161 0.000000
20441 -46.759964 11.149396 9.560000 0.000000
20442 -46.270845 11.371310 11.227453 0.000000
20443 -45.836786 10.717389 9.660449 0.000000
20444 -45.249477 10.192616 9.663189 0.000000
20445 -45.645911 10.032546 8.086140 0.000000
20446 -45.568826 9.225831 6.644241 0.000000
20447 -45.949660 9.837006 6.321891 0.000000
20448 -46.258915 10.367237 2.809831 0.000000
20449 -46.229550 9.661476 2.951373 0.000000
20450 -45.896435 9.552337 1.609923 0.000000
20451 -45.803750 8.676502 0.893996 0.000000
20452 -45.241217 9.284039 0.902214 0.000000
20453 -44.345570 8.799282 0.904041 0.000000
20454 -44.757604 9.847011 1.167034 0.000000
20455 -43.972995 11.563212 2.526748 0.000000
20456 -43.439828 10.788329 1.963320 0.000000
20460 -45.603698 13.858756 9.131722 0.000000
20461 -45.434846 13.138443 7.115438 0.000000
20462 -44.697038 13.401284 7.640512 0.000000
20463 -41.714605 13.274866 5.975799 0.000000
20464 -42.309256 12.891062 5.298225 0.000000
20465 -40.962114 12.797385 4.675442 0.000000
20466 -40.319744 12.198943 3.896506 0.000000
20467 -39.671868 12.619126 4.452628 0.000000
20468 -38.455953 12.138917 4.773151 0.000000
20469 -39.106582 13.028395 5.188645 0.000000
20470 -39.029497 14.806441 7.400348 0.000000
20471 -38.230205 14.059752 6.573014 0.000000
20472 -37.885161 14.619996 7.116351 0.000000
20473 -36.703199 14.378982 7.162923 0.000000
23953 -41.921999 3.657955 15.102043 0.000000
23954 -42.559781 3.821662 14.028152 0.000000
23955 -41.671474 4.550161 14.683810 0.000000
23956 -41.596225 5.486932 14.372418 0.000000
23957 -41.755900 6.493734 14.199828 0.000000
23959 -48.919246 16.135201 17.721934 0.000000
23960 -49.315680 17.011036 17.024270 0.000000
23961 -49.728632 16.880070 15.849931 0.000000
23962 -49.567122 16.771841 14.638151 0.000000
23963 -48.982565 16.675436 13.391671 0.000000
23964 -49.523992 17.533991 13.659230 0.000000
23965 -49.456084 18.050579 12.594472 0.000000
24600 -49.164264 4.662937 1.481165 0.000000
25033 -36.171868 9.545971 20.820327 0.000000
25034 -37.348323 9.468664 20.416705 0.000000
25035 -36.670163 10.590061 20.975566 0.000000
26381 -47.807028 3.290522 17.884478 0.000000
26382 -46.469980 2.743011 17.266261 0.000000
26383 -46.407578 2.871249 18.171214 0.000000
26384 -44.963163 2.511092 18.407726 0.000000
26385 -43.558207 2.263712 18.661588 0.000000
26392 -39.692056 1.740757 23.444784 0.000000
26394 -38.963425 1.576140 22.119771 0.000000
26399 -36.336131 3.694334 19.784790 0.000000
26400 -35.923178 4.816641 19.738218 0.000000
26401 -35.252360 4.536519 20.308951 0.000000
26402 -34.269534 5.462376 20.950911 0.000000
27225 -45.070531 4.644748 9.378279 0.000000
27226 -46.147877 4.157263 8.680615 0.000000
27227 -45.642240 4.735696 8.218550 0.000000
27228 -46.337835 4.916684 6.920019 0.000000
27229 -47.172917 5.187711 5.459857 0.000000
27230 -47.936419 5.597890 4.160413 0.000000
27231 -46.748952 5.889835 5.110112 0.000000
27232 -46.505769 6.830244 4.705577 0.000000
27233 -46.497510 7.712446 4.247164 0.000000
27234 -42.120216 10.502751 18.112771 0.000000
27235 -42.149581 10.202620 16.757624 0.000000
27236 -43.081936 11.046624 17.311006 0.000000
27237 -43.854615 11.477720 16.389615 0.000000
27238 -44.403383 11.817868 15.308419 0.000000
27239 -48.602649 13.099335 12.671178 0.000000
27240 -47.708837 12.635497 12.602690 0.000000
27241 -48.209886 12.369926 11.050297 0.000000
27242 -47.676718 11.687812 9.488773 0.000000
27243 -47.100420 11.089369 7.791186 0.000000
27244 -46.508522 10.473647 6.152955 0.000000
27245 -47.152728 11.129387 6.068030 0.000000
27246 -46.880179 11.143029 4.339394 0.000000
27247 -46.193761 11.002968 2.803439 0.000000
27248 -45.256818 10.732851 1.856479 0.000000
27249 -45.875329 11.487725 2.895669 0.000000
27250 -45.287101 11.876985 3.288333 0.000000
27251 -44.598847 12.176206 3.680084 0.000000
27252 -44.313451 15.006528 9.833039 0.000000
27253 -43.927112 13.777812 8.064224 0.000000
27254 -43.259046 14.395353 8.658699 0.000000
27255 -42.265208 13.926058 7.481620 0.000000
27256 -41.178685 13.745070 6.740124 0.000000
27257 -39.971946 13.641389 6.194047 0.000000
27258 -40.622576 14.314409 7.377519 0.000000
27259 -40.116938 15.069283 7.866979 0.000000
27260 -39.719587 15.790505 7.982952 0.000000
30931 -46.887521 2.611136 13.300354 0.000000
30932 -47.486760 2.902172 12.084921 0.000000
30933 -46.220373 2.807585 12.462062 0.000000
30934 -45.500919 3.300527 11.752527 0.000000
30935 -44.968669 3.853494 11.068561 0.000000
30936 -43.305848 4.085414 12.897645 0.000000
30937 -43.974830 4.359169 11.724218 0.000000
30938 -44.523598 4.501958 10.586406 0.000000
30939 -44.216178 5.265927 10.242140 0.000000
30940 -43.991349 6.150857 10.075029 0.000000
30941 -43.866545 7.136741 9.766377 0.000000
30942 -45.666099 13.482228 19.987514 0.000000
30943 -45.705559 13.262133 18.680765 0.000000
30944 -46.758129 13.953343 18.786693 0.000000
30945 -47.716178 14.163434 17.377668 0.000000
30946 -48.435633 13.992450 15.763179 0.000000
30947 -49.202806 15.309387 16.974959 0.000000
30948 -49.177112 14.502672 15.821622 0.000000
30949 -48.904563 13.755984 14.230876 0.000000
30950 -49.118381 13.643208 12.764322 0.000000
30951 -48.878868 13.595005 11.200058 0.000000
30952 -48.114448 13.456763 9.691497 0.000000
30953 -47.127951 13.247581 8.221290 0.000000
30954 -47.478501 13.934243 10.120688 0.000000
30955 -46.659020 14.386258 10.536181 0.000000
30956 -45.963425 14.902846 10.846660 0.000000
30957 -47.980468 16.575392 12.460235 0.000000
30958 -46.667279 16.246158 11.792706 0.000000
30959 -45.399057 15.644078 10.958067 0.000000
30960 -44.974175 16.399861 10.657633 0.000000
30961 -44.553881 17.205666 10.154475 0.000000
30962 -44.151023 17.935984 9.509776 0.000000
33328 -38.697300 6.440984 17.668057 0.000000
33329 -39.509440 6.813873 16.871770 0.000000
33330 -39.014815 7.467794 17.791335 0.000000
33331 -39.519534 8.402746 18.040631 0.000000
33332 -40.219718 9.244931 18.411379 0.000000
33333 -38.576168 9.483216 20.033173 0.000000
33334 -39.832460 9.642376 19.611287 0.000000
33335 -41.061223 9.943416 18.899926 0.000000
33336 -41.997248 10.634626 19.438697 0.000000
33337 -42.935108 11.235797 19.929071 0.000000
33338 -43.718800 11.927916 20.446840 0.000000
33344 -40.119691 13.134805 21.107063 0.000000
33345 -41.654956 12.844678 21.354533 0.000000
33346 -43.122313 12.640044 21.302482 0.000000
33347 -44.493315 12.925623 20.765537 0.000000
33348 -45.317384 13.984265 20.639519 0.000000
33349 -46.094652 14.968329 20.177454 0.000000
33350 -46.713163 15.785048 19.381168 0.000000
36101 -50.724306 3.533355 12.962480 0.000000
36102 -49.501050 3.091345 13.436416 0.000000
36107 -51.817253 4.669304 16.466322 0.000000
36108 -51.837442 4.421014 15.426219 0.000000
36109 -50.576561 3.790740 14.976025 0.000000
36110 -49.387258 3.165013 14.398900 0.000000
36111 -48.125460 2.715727 13.878392 0.000000
36112 -46.732434 2.484717 14.265577 0.000000
36113 -45.395386 2.428329 14.694768 0.000000
36114 -44.046409 2.500179 15.037207 0.000000
36115 -45.186157 2.412868 16.610603 0.000000
36116 -43.950053 2.394678 15.919332 0.000000
36117 -42.804799 2.743921 15.386952 0.000000
36118 -41.680651 3.265057 15.843538 0.000000
36132 -44.447431 2.483808 23.865757 0.000000
36133 -41.497117 1.897189 23.282239 0.000000
36134 -43.203986 2.097276 23.198228 0.000000
36135 -44.854878 2.429239 23.126087 0.000000
36136 -45.251312 2.434695 22.309711 0.000000
36137 -45.614710 2.458342 21.456808 0.000000
36138 -45.939566 2.576575 20.699788 0.000000
36139 -44.602518 2.322829 20.036825 0.000000
36140 -43.356320 2.190044 19.491661 0.000000
36141 -42.046802 2.177311 18.840570 0.000000
36147 -38.774385 5.241371 17.473551 0.000000
36148 -37.990693 5.968051 18.236963 0.000000
36149 -37.295098 6.690183 19.055165 0.000000
36150 -36.625197 7.435962 19.849625 0.000000
36153 -35.883719 8.342720 20.484280 0.000000
37806 -52.494495 3.024043 5.828778 0.000000
37807 -52.265077 3.360553 4.957612 0.000000
37808 -51.794311 3.687968 4.139410 0.000000
37809 -47.985974 3.190479 10.801914 0.000000
37810 -48.606320 3.427855 9.526213 0.000000
37812 -47.483090 3.905335 7.998476 0.000000
37813 -48.863268 3.851676 7.401261 0.000000
37814 -50.291165 4.038120 6.811352 0.000000
37815 -51.034479 4.180000 5.401414 0.000000
37816 -51.326299 4.266401 4.252643 0.000000
37817 -51.253803 4.140892 3.301118 0.000000
37818 -50.622445 4.622011 2.561448 0.000000
37819 -49.892896 5.085849 1.898485 0.000000
37820 -49.076168 5.461467 1.413591 0.000000
37821 -48.539330 6.099017 2.860055 0.000000
37822 -48.675145 6.153586 1.732288 0.000000
37823 -48.160331 5.823442 1.034624 0.000000
37824 -47.274778 6.183599 0.778023 0.000000
37825 -46.427767 6.490096 0.784415 0.000000
37826 -45.590850 6.880266 0.841032 0.000000
37827 -40.350945 7.188582 16.018867 0.000000
37828 -41.221815 7.415044 15.125785 0.000000
37829 -42.028449 7.599670 14.229963 0.000000
37830 -42.223913 9.535966 15.533060 0.000000
37831 -42.457001 8.681959 14.387942 0.000000
37832 -42.713949 7.777019 13.274785 0.000000
37833 -43.258129 7.959826 12.252032 0.000000
37834 -43.730730 8.116258 10.965372 0.000000
37835 -44.200578 8.305431 9.612051 0.000000
37836 -45.551391 13.072050 17.168551 0.000000
37837 -45.254065 12.654596 15.586024 0.000000
37838 -44.974175 11.836058 14.041850 0.000000
37839 -46.612219 12.107085 12.615475 0.000000
37840 -45.634899 11.602320 12.704965 0.000000
37841 -44.821841 10.946580 12.643783 0.000000
37842 -44.812665 10.155327 11.188186 0.000000
37843 -44.708050 9.340427 9.613877 0.000000
37844 -44.665837 8.416388 8.207592 0.000000
37845 -45.256818 8.417298 6.762954 0.000000
37847 -46.437861 8.314526 3.761356 0.000000
37848 -46.171737 9.697855 4.625217 0.000000
37849 -46.367201 8.896597 3.299291 0.000000
37850 -46.758129 8.235401 2.100296 0.000000
37851 -46.401155 8.068055 0.930523 0.000000
37852 -45.623887 7.735183 0.550643 0.000000
37857 -44.140929 10.320853 1.506734 0.000000
37863 -46.170819 12.953817 6.665244 0.000000
37864 -45.188910 12.637315 5.284528 0.000000
37865 -43.812403 12.400849 4.199679 0.000000
37866 -43.614185 13.079326 6.316412 0.000000
37867 -43.030546 12.639134 4.748496 0.000000
37868 -42.452413 12.172568 3.618902 0.000000
37869 -41.140142 11.839696 3.456357 0.000000
37870 -39.811354 11.269448 3.651776 0.000000
37871 -39.040509 10.563686 4.599649 0.000000
37875 -38.654170 13.511332 5.951143 0.000000
37876 -37.440090 13.223025 5.988584 0.000000
37943 -43.795884 18.466215 8.592038 0.000000
37952 -42.467096 18.003286 8.442277 0.000000
37953 -41.350289 17.508525 8.313520 0.000000
37954 -40.341768 16.990118 8.140017 0.000000
37955 -39.294704 16.619957 7.971994 0.000000
41467 -39.751705 5.390527 16.559465 0.000000
41468 -40.128868 5.532407 16.142146 0.000000
41469 -39.782906 5.916210 16.476367 0.000000
41826 -51.037232 3.621575 3.064606 0.000000
42815 -48.229157 3.296889 20.308037 0.000000
42816 -48.293394 3.394204 19.905329 0.000000
42817 -47.566598 3.113172 20.087050 0.000000
42818 -46.916886 2.949465 19.877020 0.000000
42819 -46.815942 2.889439 20.231331 0.000000
42827 -34.944940 2.990392 21.546299 0.000000
43282 -48.875198 2.929456 12.738753 0.000000
43283 -49.153252 3.084978 12.173499 0.000000
43284 -48.568695 2.922180 12.366178 0.000000
43285 -44.295098 6.740205 8.520810 0.000000
43286 -44.608024 6.266362 8.052353 0.000000
43287 -44.589671 6.748390 7.902593 0.000000
43288 -44.886996 6.782041 7.254240 0.000000
43289 -44.668590 7.321367 7.696216 0.000000
43290 -44.429078 12.112542 19.493488 0.000000
43291 -44.429996 12.079800 18.815001 0.000000
43292 -44.886078 12.479065 19.047860 0.000000
43293 -48.155743 12.915618 8.659612 0.000000
43294 -48.276876 12.626402 8.621259 0.000000
43295 -47.981385 12.596389 7.835018 0.000000
43296 -47.758391 12.321724 6.987594 0.000000
43297 -47.628082 12.550914 7.010423 0.000000
43298 -47.203200 12.503621 6.218703 0.000000
43299 -47.358286 12.762825 7.098088 0.000000
43300 -43.031464 17.101985 9.588309 0.000000
43301 -42.672654 16.379853 9.486946 0.000000
43302 -42.488202 16.794578 9.366408 0.000000
43303 -41.935764 16.470801 9.088803 0.000000
43304 -42.311092 17.158373 9.151812 0.000000
45682 -43.565549 2.852150 14.258271 0.000000
45683 -43.865628 2.989482 13.763332 0.000000
45684 -43.271894 3.193207 13.967883 0.000000
45685 -42.404694 6.238168 13.252869 0.000000
45686 -42.724962 5.835266 12.804501 0.000000
45687 -42.735056 6.312746 12.722316 0.000000
45688 -43.009440 6.384596 12.189936 0.000000
45689 -42.784610 6.772946 12.658394 0.000000
45690 -47.604222 15.580414 19.027770 0.000000
45691 -47.853829 15.273917 18.815914 0.000000
45692 -48.155743 15.662268 18.538310 0.000000
45693 -49.479943 15.925109 14.596145 0.000000
45694 -49.504720 15.540397 14.778780 0.000000
45695 -49.304668 15.479461 14.144125 0.000000
45696 -49.124804 15.033813 13.516776 0.000000
45697 -48.995413 15.431258 13.491207 0.000000
45698 -48.563189 15.355771 12.970699 0.000000
45699 -48.797196 15.815971 13.428198 0.000000
45700 -48.310829 18.213377 11.211016 0.000000
45701 -47.865759 17.901424 11.292288 0.000000
45702 -47.641847 18.172451 10.868576 0.000000
45703 -46.911380 18.103330 10.612888 0.000000
45704 -47.415182 18.452572 10.473172 0.000000
46757 -48.445727 4.511053 1.480252 0.000000
46759 -47.929078 4.621101 1.410851 0.000000
46760 -47.479419 4.792994 1.390761 0.000000
46761 -47.871265 5.180435 1.156076 0.000000
47482 -37.161118 8.095340 19.835927 0.000000
47483 -37.706215 8.229034 19.509012 0.000000
47484 -37.387783 8.575549 19.936376 0.000000
47485 -38.991873 11.837877 21.103410 0.000000
47486 -39.352518 11.276724 20.992917 0.000000
47487 -39.728763 11.733286 21.172812 0.000000
47488 -40.432617 11.631423 21.124413 0.000000
47489 -40.079314 12.208947 21.271434 0.000000
47497 -42.810305 14.958325 20.028607 0.000000
47498 -43.559125 14.986519 20.172888 0.000000
49717 -53.083640 4.451937 14.375157 0.000000
49718 -52.511931 4.367354 14.131340 0.000000
49719 -52.515601 4.492864 14.648196 0.000000
49726 -48.543918 3.259600 16.196023 0.000000
49727 -47.839146 3.074974 16.458103 0.000000
49728 -47.205035 2.799400 16.117490 0.000000
49729 -47.165575 2.867611 16.621561 0.000000
49730 -43.014028 2.259165 17.867128 0.000000
49731 -43.121396 2.293725 17.426066 0.000000
49732 -42.394600 2.343747 17.581305 0.000000
49733 -41.825643 2.524735 17.302788 0.000000
49734 -41.702675 2.428329 17.722847 0.000000
49745 -40.091244 1.750762 24.213675 0.000000
49747 -41.521894 1.736210 21.876867 0.000000
49748 -41.743053 1.710744 21.473245 0.000000
49749 -42.536839 1.845348 21.364578 0.000000
49750 -41.935764 1.770770 21.092452 0.000000
49751 -42.117463 1.848077 20.694309 0.000000
49752 -41.307159 1.765313 20.774668 0.000000
49757 -37.205166 4.206375 18.894447 0.000000
49758 -37.013373 4.760253 18.899926 0.000000
49759 -36.694940 4.571989 19.183922 0.000000
51134 -51.178554 4.087233 7.009510 0.000000
51135 -45.795491 3.765274 10.191915 0.000000
51136 -46.383719 3.632489 9.906092 0.000000
51137 -46.096488 3.848947 9.572785 0.000000
51138 -48.193367 4.792085 5.343884 0.000000
51139 -48.517306 4.514691 5.634273 0.000000
51140 -48.930258 4.746610 4.981355 0.000000
51141 -49.615759 4.742972 4.567688 0.000000
51142 -49.266126 5.009452 4.287344 0.000000
51143 -49.536839 5.264108 3.591506 0.000000
51144 -48.936682 5.295940 3.963168 0.000000
51145 -47.203200 7.478708 3.048169 0.000000
51146 -47.524385 7.242241 2.569667 0.000000
51147 -47.407840 7.529639 2.280191 0.000000
51148 -47.291296 7.439600 1.486644 0.000000
51149 -47.182093 7.720631 1.962407 0.000000
51150 -40.840981 9.347703 17.429719 0.000000
51151 -40.941008 9.099413 16.830678 0.000000
51152 -41.286052 9.568708 16.986830 0.000000
51153 -44.084033 10.916567 14.445472 0.000000
51154 -43.837180 10.411802 14.338631 0.000000
51155 -44.111564 10.480923 13.820862 0.000000
51156 -44.128999 10.023451 13.144201 0.000000
51157 -44.350158 10.491837 13.211776 0.000000
51158 -47.763897 13.483138 14.988809 0.000000
51159 -47.231647 13.280322 14.916669 0.000000
51160 -47.583116 13.127529 14.166041 0.000000
51161 -46.539723 10.857450 8.764627 0.000000
51162 -46.297458 10.951127 9.626662 0.000000
51163 -46.092817 10.643721 8.834028 0.000000
51164 -45.741349 10.395431 8.868729 0.000000
51165 -45.941401 10.309939 8.026784 0.000000
51166 -45.820268 9.943416 7.257893 0.000000
51167 -46.125853 10.211715 7.157444 0.000000
51168 -45.914789 10.289021 2.111254 0.000000
51169 -46.040510 9.957968 2.162392 0.000000
51170 -45.720242 9.860653 1.596225 0.000000
51171 -45.600945 9.437742 1.210866 0.000000
51172 -45.412822 9.735144 1.243741 0.000000
51173 -45.004458 9.565070 1.040103 0.000000
51174 -45.212770 10.039822 1.362453 0.000000
51175 -43.665575 11.774213 2.808005 0.000000
51176 -43.353567 11.402233 2.437257 0.000000
51177 -43.014028 11.563212 2.702990 0.000000
51179 -42.617594 11.709639 2.995205 0.000000
51180 -45.251312 14.077942 9.386497 0.000000
51181 -45.145780 13.627746 8.369224 0.000000
51182 -44.775040 13.811463 8.634957 0.000000
51183 -41.096094 13.217568 5.631533 0.000000
51184 -41.359466 13.030214 5.289094 0.000000
51185 -40.706084 12.977463 4.997792 0.000000
51186 -40.298637 12.726445 4.482763 0.000000
51187 -40.051784 12.918347 4.840726 0.000000
51188 -39.398401 12.802842 4.826115 0.000000
51189 -39.804012 13.120253 5.237956 0.000000
51190 -38.854222 15.123852 7.546455 0.000000
51191 -38.473388 14.702759 7.214974 0.000000
55283 -41.776089 4.076319 14.876489 0.000000
55284 -41.324594 4.424652 15.181489 0.000000
55285 -40.857499 5.827990 15.239932 0.000000
55286 -41.219062 5.388708 14.871010 0.000000
55287 -41.270452 5.888016 14.752298 0.000000
55288 -41.663215 5.997154 14.273795 0.000000
55289 -41.356713 6.396419 14.681983 0.000000
55291 -48.977977 16.972838 17.573087 0.000000
55292 -49.086262 17.430310 17.066276 0.000000
55293 -49.746068 17.718617 15.557715 0.000000
55294 -49.683666 17.358460 16.011562 0.000000
55295 -49.772681 17.279335 15.409782 0.000000
55296 -49.746986 16.819135 15.207057 0.000000
55297 -49.724962 17.201119 14.758690 0.000000
55298 -49.537757 17.155645 14.162388 0.000000
55299 -49.731385 17.563095 14.296625 0.000000
55300 -49.791952 18.538974 13.395324 0.000000
55301 -49.692843 18.140619 13.234605 0.000000
55303 -49.396435 18.347981 12.083095 0.000000
56357 -50.058077 3.694334 2.347766 0.000000
56359 -49.671737 3.888055 2.064682 0.000000
56361 -49.585476 4.421014 1.737767 0.000000
57082 -35.794704 10.127133 21.065057 0.000000
57083 -36.412298 10.051645 20.894294 0.000000
57084 -36.051653 10.661001 21.065057 0.000000
59325 -48.398926 3.560640 18.720031 0.000000
59327 -47.740955 3.332359 18.393115 0.000000
59328 -47.090326 3.076793 18.053415 0.000000
59329 -47.038936 3.120448 18.507262 0.000000
59330 -45.562403 2.687533 19.155614 0.000000
59331 -45.620216 2.712089 18.731902 0.000000
59332 -44.894338 2.510183 18.825959 0.000000
59333 -44.251050 2.359208 18.517307 0.000000
59334 -44.193236 2.362846 18.956543 0.000000
59354 -36.926194 2.577485 20.534504 0.000000
59355 -36.464605 3.039504 20.313516 0.000000
59356 -36.702282 3.184112 19.973816 0.000000
59357 -36.071841 3.545179 20.108966 0.000000
59358 -35.774516 4.086323 20.037738 0.000000
59359 -35.493708 3.933529 20.353696 0.000000
59361 -34.440221 4.846654 20.939953 0.000000
59362 -33.959361 5.296850 21.210252 0.000000
60735 -44.898008 4.975801 9.209342 0.000000
60736 -45.351338 4.695679 8.791109 0.000000
60737 -45.148533 5.041284 8.629478 0.000000
60738 -45.522943 5.527859 7.159270 0.000000
60739 -45.715654 5.164065 7.412219 0.000000
60740 -46.082722 5.252285 6.672550 0.000000
60741 -46.701233 5.026732 6.183089 0.000000
60742 -46.494757 5.356876 5.955709 0.000000
60743 -46.935240 5.493299 5.252567 0.000000
60744 -46.296540 5.707028 5.775814 0.000000
60745 -45.689041 7.013051 5.870784 0.000000
60746 -46.088228 6.650166 5.406893 0.000000
60747 -46.066204 7.169482 5.153944 0.000000
60748 -46.495675 7.302267 4.483676 0.000000
60749 -46.110253 7.605126 4.962178 0.000000
60750 -42.612088 10.849265 18.394942 0.000000
60751 -42.624935 10.785601 17.718281 0.000000
60752 -43.081018 11.109378 18.003191 0.000000
60753 -44.323546 12.038873 17.387713 0.000000
60754 -43.899581 11.644156 17.128372 0.000000
60755 -44.250132 11.913364 16.637085 0.000000
60756 -44.159282 11.657798 15.856323 0.000000
60757 -44.533693 12.120727 16.076397 0.000000
60758 -48.816467 12.997472 11.863021 0.000000
60759 -48.435633 12.732812 11.833799 0.000000
60760 -48.605402 12.645501 11.031121 0.000000
60761 -48.118118 12.001584 8.620346 0.000000
60762 -48.080494 12.003403 9.468683 0.000000
60763 -47.781333 11.681445 8.633130 0.000000
60764 -47.413347 11.354939 8.663265 0.000000
60765 -47.444547 11.378586 7.757398 0.000000
60766 -47.110515 11.092098 6.899929 0.000000
60767 -47.444547 11.413147 6.899929 0.000000
60768 -47.260095 11.769665 5.229737 0.000000
60769 -47.236236 11.462259 5.200516 0.000000
60770 -46.924227 11.451345 4.351266 0.000000
60771 -46.584689 11.088460 3.526671 0.000000
60772 -46.524123 11.377677 3.521192 0.000000
60773 -46.071710 11.258534 2.831747 0.000000
60774 -46.377295 11.628695 3.522105 0.000000
60775 -46.175407 12.338094 4.722927 0.000000
60776 -45.843210 12.029778 3.788752 0.000000
60777 -45.560567 12.178934 4.039874 0.000000
60778 -44.941139 12.043421 3.459096 0.000000
60779 -45.228370 12.306262 4.219769 0.000000
60780 -44.018879 15.374870 9.950838 0.000000
60781 -43.760095 14.662742 9.307051 0.000000
60782 -43.466440 15.047455 9.439461 0.000000
60783 -42.143158 14.881019 8.623085 0.000000
60784 -42.455166 14.493578 8.327218 0.000000
60785 -41.964212 14.287124 7.829539 0.000000
60786 -41.732041 13.835109 7.092609 0.000000
60787 -41.454904 14.135240 7.456965 0.000000
60788 -40.899712 14.017007 7.038732 0.000000
60789 -41.151154 14.465383 7.717219 0.000000
60790 -40.868512 15.919652 8.544553 0.000000
60791 -40.640929 15.233900 8.182936 0.000000
60792 -40.417935 15.648625 8.247772 0.000000
60793 -39.909545 15.424892 7.999389 0.000000
60794 -40.238071 16.011511 8.251424 0.000000
67927 -46.203855 2.547472 13.483901 0.000000
67928 -46.544311 2.684804 12.888513 0.000000
67929 -45.862481 2.660248 13.086671 0.000000
67930 -44.586000 3.282337 12.633738 0.000000
67931 -45.195334 3.135000 12.368918 0.000000
67932 -44.886078 3.452411 12.010041 0.000000
67933 -45.217358 3.572463 11.379039 0.000000
67934 -44.643813 3.756179 11.646599 0.000000
67935 -42.498297 4.251850 13.806251 0.000000
67936 -42.941532 3.953538 13.476596 0.000000
67937 -42.863530 4.383725 13.255608 0.000000
67938 -43.424227 5.094944 11.969862 0.000000
67939 -43.522418 4.665666 12.108664 0.000000
67940 -43.818826 4.755705 11.547063 0.000000
67941 -44.261144 4.430109 11.136135 0.000000
67942 -44.084951 4.806636 10.954414 0.000000
67943 -44.349241 4.873029 10.390987 0.000000
67944 -43.955559 5.181345 10.832962 0.000000
67945 -43.475617 6.470087 11.084998 0.000000
67946 -43.749083 6.067185 10.614714 0.000000
67947 -43.687599 6.564674 10.517918 0.000000
67948 -43.896828 6.631066 9.933488 0.000000
67949 -43.661904 7.070348 10.404685 0.000000
67950 -46.171737 13.954252 19.986601 0.000000
67951 -46.256162 13.763260 19.432305 0.000000
67952 -46.741611 14.143425 19.401257 0.000000
67953 -48.168590 14.622725 17.995885 0.000000
67954 -47.740038 14.389896 18.109119 0.000000
67955 -48.176849 14.368978 17.311919 0.000000
67956 -48.098847 14.098860 16.548507 0.000000
67957 -48.550342 14.308952 16.535723 0.000000
67958 -49.292738 16.127015 17.149375 0.000000
67959 -49.087180 15.716837 17.430632 0.000000
67960 -49.398271 15.674091 16.780453 0.000000
67961 -49.445989 14.770971 14.981504 0.000000
67962 -49.397353 14.836454 15.731218 0.000000
67963 -49.278973 14.430823 15.038120 0.000000
67964 -49.060567 14.100679 14.992462 0.000000
67965 -49.155087 14.047929 14.309409 0.000000
67966 -49.067909 13.682316 13.541431 0.000000
67967 -49.221160 13.990631 13.550563 0.000000
67968 -48.884374 14.227098 12.094966 0.000000
67969 -49.052308 13.945157 12.039263 0.000000
67970 -48.716440 13.879674 11.302333 0.000000
67971 -48.528318 13.536798 10.435732 0.000000
67972 -48.271370 13.803277 10.580927 0.000000
67973 -47.816204 13.708691 9.874131 0.000000
67974 -47.967620 14.077033 10.753516 0.000000
67975 -47.501443 15.107481 11.830146 0.000000
67976 -47.223388 14.593621 11.158965 0.000000
67977 -46.898533 14.924674 11.324249 0.000000
67978 -46.270845 14.588164 10.735253 0.000000
67979 -46.588360 15.228443 11.421045 0.000000
67980 -48.916493 17.054692 13.005399 0.000000
67981 -48.571448 16.646332 12.925040 0.000000
67982 -48.405350 17.009217 12.544247 0.000000
67983 -46.905874 17.114718 11.489533 0.000000
67984 -47.124280 16.808221 11.832886 0.000000
67985 -46.458968 16.567207 11.507797 0.000000
67986 -46.036839 15.934204 11.311465 0.000000
67987 -45.811092 16.292542 11.154399 0.000000
67988 -45.179733 16.006054 10.828396 0.000000
67989 -45.567909 16.633599 10.950762 0.000000
67990 -45.608286 17.922342 10.165433 0.000000
67991 -45.187075 17.416667 10.347155 0.000000
67992 -44.998952 17.783190 10.020239 0.000000
67993 -44.351076 17.603112 9.879610 0.000000
67994 -44.791558 18.108787 9.631228 0.000000
71162 -46.572759 5.085849 1.486644 0.000000
71166 -45.991873 5.742498 1.311315 0.000000
73327 -38.401810 6.812964 18.098161 0.000000
73328 -38.817515 6.964848 17.712802 0.000000
73329 -38.565155 7.334099 18.178520 0.000000
73330 -38.827610 8.487328 18.890794 0.000000
73331 -39.047851 8.224487 18.410466 0.000000
73332 -39.338753 8.631027 18.598579 0.000000
73333 -39.860908 8.841119 18.218699 0.000000
73334 -39.679209 9.036658 18.802216 0.000000
73335 -37.659413 9.925227 20.575597 0.000000
73336 -37.988858 9.456841 20.231331 0.000000
73337 -38.297195 9.911584 20.414879 0.000000
73338 -39.993053 10.325401 20.335433 0.000000
73339 -39.580100 9.949783 20.088876 0.000000
73340 -40.241742 9.979796 19.824056 0.000000
73341 -40.447300 9.733325 19.225015 0.000000
73342 -40.897877 10.067107 19.509925 0.000000
73343 -41.510882 10.288112 19.167485 0.000000
73344 -41.338359 10.426354 19.781137 0.000000
73345 -41.953200 11.404052 20.858680 0.000000
73346 -42.247772 11.065723 20.329954 0.000000
73347 -42.676325 11.418604 20.542723 0.000000
73348 -43.327872 11.477720 20.184759 0.000000
73349 -43.070006 11.759661 20.809369 0.000000
73361 -40.643682 14.238921 20.228591 0.000000
73364 -39.790247 13.551349 20.718052 0.000000
73365 -40.504196 13.499509 20.988351 0.000000
73366 -40.864841 13.022938 21.297003 0.000000
73367 -41.269534 13.404013 21.127153 0.000000
73368 -43.194809 13.777812 21.099758 0.000000
73369 -42.807552 13.251219 21.266868 0.000000
73370 -43.550866 13.271228 21.216644 0.000000
73371 -43.868381 12.801933 21.069623 0.000000
73372 -44.232696 13.321249 21.113455 0.000000
73373 -44.879655 13.462220 20.754579 0.000000
73374 -44.616283 13.847842 20.910731 0.000000
73375 -45.028318 15.140222 20.189325 0.000000
73376 -45.405481 14.811898 20.431316 0.000000
73377 -45.771632 15.262094 20.035912 0.000000
73378 -46.443367 15.464000 19.849625 0.000000
73379 -46.119429 15.705923 19.621332 0.000000
80029 -52.486236 4.058129 12.728708 0.000000
80030 -51.278580 3.869865 13.760592 0.000000
80031 -51.314369 3.786192 13.245563 0.000000
80032 -50.705953 3.558821 13.476596 0.000000
80033 -50.119561 3.296889 13.195339 0.000000
80034 -50.081936 3.316897 13.697584 0.000000
80046 -50.522418 4.093599 16.496457 0.000000
80047 -51.144600 4.462850 16.803282 0.000000
80048 -51.186813 4.343708 16.237116 0.000000
80049 -51.850289 4.526515 15.936682 0.000000
80050 -51.202413 4.217289 15.671862 0.000000
80051 -51.184977 4.101784 15.138569 0.000000
80052 -50.539854 3.897150 15.495620 0.000000
80053 -48.594390 3.047689 15.207057 0.000000
80054 -49.312009 3.226858 14.909363 0.000000
80055 -48.688910 2.989482 14.685636 0.000000
80056 -48.780677 2.939461 14.158736 0.000000
80057 -48.044705 2.735736 14.395247 0.000000
80058 -47.421606 2.582942 14.087508 0.000000
80059 -47.341768 2.584761 14.574229 0.000000
80060 -45.908365 2.452885 15.487401 0.000000
80061 -45.983614 2.433786 14.988809 0.000000
80062 -45.327479 2.388312 15.138569 0.000000
80063 -44.712639 2.450157 14.870097 0.000000
80064 -44.672261 2.394678 15.291069 0.000000
80065 -45.788150 2.603860 17.389539 0.000000
80066 -45.829445 2.540196 16.939345 0.000000
80067 -45.140274 2.450157 17.067189 0.000000
80068 -43.205822 2.377398 16.517459 0.000000
80069 -43.878475 2.345566 16.381397 0.000000
80070 -43.287494 2.447428 16.073658 0.000000
80071 -43.348061 2.506545 15.620724 0.000000
80072 -42.710279 2.626597 15.817056 0.000000
80073 -42.214736 3.004944 15.618898 0.000000
80074 -42.109204 2.858516 16.022520 0.000000
80102 -47.040772 2.914904 21.685101 0.000000
80106 -42.528580 2.200957 24.425531 0.000000
80108 -43.390274 2.354661 24.340606 0.000000
80109 -44.225355 2.518368 24.247463 0.000000
80110 -43.606844 2.323738 23.931505 0.000000
80111 -39.960934 1.702559 23.045728 0.000000
80112 -40.640929 1.798964 23.339769 0.000000
80113 -40.858417 1.764404 22.955324 0.000000
80114 -42.836000 1.942663 22.464950 0.000000
80115 -42.579052 1.969948 22.864920 0.000000
80116 -43.432486 2.069991 22.769950 0.000000
80117 -44.029891 2.248251 23.125174 0.000000
80118 -44.265732 2.249160 22.727944 0.000000
80119 -45.062271 2.418325 22.730683 0.000000
80120 -44.459361 2.253708 22.339846 0.000000
80121 -44.164788 2.127289 21.183770 0.000000
80122 -44.795229 2.260074 21.525296 0.000000
80123 -44.999870 2.296454 21.123500 0.000000
80124 -45.803750 2.507454 21.066884 0.000000
80125 -45.180651 2.353751 20.739055 0.000000
80126 -45.303619 2.425601 20.389310 0.000000
80127 -44.492397 2.219147 20.417618 0.000000
80128 -42.413871 2.012694 19.932724 0.000000
80129 -43.201233 2.133655 19.876107 0.000000
80130 -42.568040 2.082724 19.566542 0.000000
80131 -42.720373 2.134565 19.178443 0.000000
80132 -41.916493 2.090000 19.276153 0.000000
80143 -38.356844 4.218199 18.026020 0.000000
80144 -38.936813 3.849857 17.762113 0.000000
80145 -38.639487 4.448299 17.704583 0.000000
80146 -38.946907 4.653843 17.411455 0.000000
80147 -38.447693 5.021275 17.772158 0.000000
80148 -38.365103 5.599709 17.843386 0.000000
80149 -38.020058 5.368699 18.123729 0.000000
80150 -36.894993 5.888925 19.088953 0.000000
80151 -37.279497 6.126301 18.840570 0.000000
80155 -35.438648 5.215905 20.072439 0.000000
80156 -35.802046 5.363242 19.803053 0.000000
80157 -35.349634 5.783425 20.171975 0.000000
80160 -35.334951 7.593303 20.569205 0.000000
80161 -35.813058 7.729726 20.381091 0.000000
80162 -35.396435 8.234491 20.666914 0.000000
80163 -35.494626 8.831114 20.799324 0.000000
84278 -52.606451 2.835779 6.278972 0.000000
84279 -52.559650 3.303255 6.340155 0.000000
84280 -52.053095 3.856223 5.535650 0.000000
84281 -52.267830 3.557911 5.425156 0.000000
84282 -52.098978 3.697972 5.027926 0.000000
84283 -52.037494 3.513347 4.568601 0.000000
84284 -51.894338 3.849857 4.626131 0.000000
84285 -47.090326 3.027681 11.665775 0.000000
84286 -47.700578 3.037685 11.458485 0.000000
84287 -47.340850 3.152280 11.030207 0.000000
84288 -47.614317 3.463325 9.391063 0.000000
84289 -47.954773 3.349639 9.777335 0.000000
84293 -46.507604 4.240026 8.012173 0.000000
84294 -46.801259 4.006288 8.321739 0.000000
84295 -47.196776 4.079047 7.630467 0.000000
84296 -49.048638 4.110879 6.293583 0.000000
84297 -48.618250 3.989008 6.995813 0.000000
84298 -49.319351 3.998103 6.686247 0.000000
84299 -49.600158 3.945353 7.099914 0.000000
84300 -50.014028 4.090870 6.392206 0.000000
84301 -50.672917 4.125431 6.120994 0.000000
84302 -50.408627 4.180000 5.680845 0.000000
84303 -50.642633 4.623830 4.025263 0.000000
84304 -50.945465 4.423743 4.402403 0.000000
84305 -51.065680 4.471945 3.847195 0.000000
84306 -51.357500 4.227293 3.725743 0.000000
84307 -51.042738 4.436475 3.332166 0.000000
84308 -50.952806 4.384635 2.894756 0.000000
84309 -50.728895 4.685675 2.976028 0.000000
84310 -49.787363 5.469652 2.434517 0.000000
84311 -50.078265 5.207720 2.264667 0.000000
84312 -49.717620 5.440548 1.940491 0.000000
84313 -49.523074 5.275022 1.622707 0.000000
84314 -49.341375 5.631541 1.721330 0.000000
84315 -47.686813 5.988059 3.943991 0.000000
84316 -48.278711 5.890744 3.476447 0.000000
84317 -48.007080 6.231802 3.318468 0.000000
84318 -48.076823 6.713830 1.748725 0.000000
84319 -48.401679 6.455535 2.021763 0.000000
84320 -48.325512 6.362768 1.494863 0.000000
84321 -48.483352 6.034443 1.303097 0.000000
84322 -48.050211 6.225435 1.106765 0.000000
84323 -47.719849 6.018072 0.911346 0.000000
84324 -47.627164 6.420975 0.907693 0.000000
84325 -46.823284 7.097633 0.731451 0.000000
84326 -46.815025 6.704735 0.725972 0.000000
84327 -46.423179 6.887542 0.668442 0.000000
84328 -46.001967 6.695640 0.806331 0.000000
84329 -46.033168 7.088538 0.658397 0.000000
84330 -39.677374 7.342285 16.928387 0.000000
84331 -39.940745 6.998499 16.430708 0.000000
84332 -40.096750 7.537824 16.493717 0.000000
84333 -41.216309 8.424574 15.702910 0.000000
84334 -40.976797 7.897981 15.637161 0.000000
84335 -41.408103 7.978016 15.221668 0.000000
84336 -41.624673 7.500536 14.693855 0.000000
84337 -41.818302 8.050775 14.765995 0.000000
84338 -42.580887 10.418168 16.387789 0.000000
84339 -42.159676 9.937959 16.121143 0.000000
84340 -42.611170 10.078020 15.744003 0.000000
84341 -43.235187 9.310414 14.052808 0.000000
84342 -42.776351 9.241293 14.493870 0.000000
84343 -42.896566 8.756536 13.947793 0.000000
84344 -42.600158 8.229034 13.839125 0.000000
84345 -42.960803 8.325440 13.379800 0.000000
84346 -43.020452 7.874334 12.782585 0.000000
84347 -43.238858 8.417298 12.853812 0.000000
84348 -44.070268 9.155801 11.712347 0.000000
84349 -43.748166 8.588281 11.651165 0.000000
84350 -44.006949 8.698329 10.988202 0.000000
84351 -43.976666 8.231763 10.266796 0.000000
84352 -44.240038 8.800192 10.317020 0.000000
84353 -46.195596 13.541345 18.045197 0.000000
84354 -45.684453 13.208473 17.942921 0.000000
84355 -46.085475 13.396737 17.246171 0.000000
84356 -46.136865 12.854683 14.833570 0.000000
84357 -45.771632 12.946541 15.638988 0.000000
84358 -45.597274 12.586384 14.792477 0.000000
84359 -45.083378 12.313538 14.765082 0.000000
84360 -45.441270 12.160745 14.046415 0.000000
84361 -47.448218 12.218042 11.886763 0.000000
84362 -47.145386 12.351737 12.588993 0.000000
84363 -46.921474 11.965205 11.909592 0.000000
84364 -45.776220 11.152124 11.268545 0.000000
84365 -45.941401 11.481358 11.992691 0.000000
84366 -45.484400 11.233978 12.010954 0.000000
84367 -45.196252 11.303099 12.726882 0.000000
84368 -45.089802 10.952037 11.990865 0.000000
84369 -44.811747 10.537311 11.902287 0.000000
84370 -45.039330 10.571872 11.224713 0.000000
84371 -45.178816 9.778799 8.884253 0.000000
84372 -44.977846 9.773342 9.637620 0.000000
84373 -44.904432 9.354069 8.851379 0.000000
84374 -44.658496 8.899326 8.869642 0.000000
84375 -44.894338 8.910240 8.158281 0.000000
84376 -44.970504 8.440035 7.498970 0.000000
84377 -45.123755 8.876589 7.431396 0.000000
84378 -45.795491 9.132154 5.763030 0.000000
84379 -45.707395 8.792006 5.949317 0.000000
84380 -45.958837 8.722885 5.105546 0.000000
84382 -46.210279 8.670135 4.335742 0.000000
84383 -46.578265 10.454548 5.301878 0.000000
84384 -46.306634 10.118947 5.378584 0.000000
84385 -46.358942 10.064378 4.527508 0.000000
84386 -46.247903 9.285858 2.324937 0.000000
84387 -46.267174 9.264939 3.108438 0.000000
84388 -46.410331 8.901145 2.482915 0.000000
84389 -46.570924 8.550992 2.681074 0.000000
84390 -46.539723 8.533712 1.901225 0.000000
84391 -46.638832 8.159913 1.397154 0.000000
84392 -46.360777 8.469139 1.283920 0.000000
84393 -45.427505 8.468229 0.684879 0.000000
84394 -45.730337 8.203569 0.655658 0.000000
84395 -45.295360 7.998934 0.625523 0.000000
84396 -45.210017 7.556014 0.702229 0.000000
84399 -44.551128 8.028038 0.847424 0.000000
84405 -44.988858 10.974774 1.963320 0.000000
84406 -44.680520 10.572781 1.594399 0.000000
84407 -44.396042 10.791967 1.757857 0.000000
84408 -42.822235 10.535492 2.071075 0.000000
84409 -43.221422 10.328129 1.816300 0.000000
84420 -46.760882 13.406741 8.418535 0.000000
84421 -46.641585 13.109339 7.404914 0.000000
84422 -46.269928 13.232120 7.630467 0.000000
84423 -44.949398 12.934718 6.358418 0.000000
84424 -45.332985 12.864687 6.177610 0.000000
84425 -44.792476 12.709165 5.512821 0.000000
84426 -44.520845 12.503621 4.693705 0.000000
84427 -44.141847 12.585475 4.927477 0.000000
84428 -43.400368 13.629565 7.491665 0.000000
84429 -43.796802 13.397646 7.163836 0.000000
84430 -43.216834 13.267590 6.625065 0.000000
84431 -41.993577 12.690066 4.618825 0.000000
84432 -42.679996 12.770101 5.046190 0.000000
84433 -42.356057 12.560919 4.412448 0.000000
84434 -42.712114 12.430862 4.121146 0.000000
84435 -42.050473 12.329909 3.884635 0.000000
84436 -41.803619 12.033416 3.483752 0.000000
84437 -41.414526 12.191667 3.757704 0.000000
84438 -39.635161 11.980666 3.915683 0.000000
84440 -39.462638 11.455892 3.922075 0.000000
84441 -39.388307 10.912020 4.062703 0.000000
84442 -39.021238 11.093917 4.271820 0.000000
84444 -38.678947 11.347664 4.595083 0.000000
84445 -38.163215 12.403577 5.110112 0.000000
84446 -38.032906 11.838786 5.153031 0.000000
84447 -37.743839 12.082529 5.486339 0.000000
84449 -37.423572 12.349008 5.734722 0.000000
84450 -39.694809 13.903321 6.572101 0.000000
84451 -39.325905 13.578634 6.049766 0.000000
84452 -39.036839 13.841476 6.366637 0.000000
84453 -37.633719 13.970623 6.532834 0.000000
84454 -37.833771 13.686863 6.245185 0.000000
84455 -37.252885 13.494052 6.323718 0.000000
84457 -36.690352 13.287598 6.516397 0.000000
84645 -42.251443 18.211559 8.026784 0.000000
84646 -41.888963 17.767729 8.419448 0.000000
84647 -41.690745 18.000558 8.008521 0.000000
84649 -40.668459 17.552181 7.949164 0.000000
84651 -39.820530 16.790941 8.003042 0.000000
93073 -40.576692 4.652024 15.912026 0.000000
93074 -40.907971 4.788447 15.496533 0.000000
93075 -40.514290 5.167703 15.807925 0.000000
93076 -40.508784 5.687929 15.702910 0.000000
93077 -40.583116 6.233621 15.578718 0.000000
93079 -49.222995 17.857768 16.599645 0.000000
93081 -49.645124 18.197007 15.643554 0.000000
93083 -49.848847 17.977820 14.508481 0.000000
93084 -49.845177 18.418012 14.615322 0.000000
93085 -49.845177 18.674487 14.093900 0.000000
93086 -49.812140 18.987351 13.523168 0.000000
93720 -50.379262 4.006288 2.345026 0.000000
94153 -35.098192 11.354030 21.184683 0.000000
94154 -35.695596 11.271267 21.133545 0.000000
95500 -48.338360 3.471510 19.530928 0.000000
95501 -47.649188 3.278699 19.325464 0.000000
95502 -47.006818 3.120448 18.989417 0.000000
95503 -46.965523 3.069517 19.449656 0.000000
95504 -46.216703 2.861245 19.504446 0.000000
95505 -45.468800 2.632054 19.583892 0.000000
95519 -35.538674 3.277789 20.843156 0.000000
95520 -35.199135 3.810749 20.735402 0.000000
95521 -34.939434 3.656136 21.055926 0.000000
96340 -50.177374 3.347820 12.231029 0.000000
96342 -49.793787 3.303255 11.929682 0.000000
96343 -49.401941 3.321445 11.513276 0.000000
96344 -49.019272 3.284156 11.069474 0.000000
96345 -44.541952 5.794339 8.902516 0.000000
96346 -44.931044 5.430544 8.465107 0.000000
96347 -44.757604 5.841632 8.251424 0.000000
96348 -45.025565 5.858912 7.628641 0.000000
96349 -45.348585 5.915300 6.948328 0.000000
96350 -45.736760 6.018072 6.267101 0.000000
96351 -45.265077 6.390052 6.754735 0.000000
96352 -45.288936 6.896636 6.560229 0.000000
96353 -45.376115 7.432324 6.346547 0.000000
96354 -43.556372 11.426789 18.931887 0.000000
96355 -43.526089 11.405871 18.276229 0.000000
96356 -43.986760 11.728738 18.537396 0.000000
96357 -44.375853 12.065248 18.111858 0.000000
96358 -44.745675 12.414491 17.622398 0.000000
96359 -48.698087 12.962002 10.264969 0.000000
96360 -48.630179 12.660053 10.264056 0.000000
96361 -48.506294 12.659143 9.433069 0.000000
96362 -48.291558 12.308081 8.598430 0.000000
96363 -48.018092 11.999765 7.753745 0.000000
96364 -47.735449 11.729648 6.917280 0.000000
96365 -47.796016 12.039783 6.939196 0.000000
96366 -47.518879 12.047968 6.117341 0.000000
96367 -47.163740 12.044330 5.288180 0.000000
96368 -46.725093 11.986123 4.405143 0.000000
96369 -47.002230 12.244417 5.330186 0.000000
96370 -46.754458 12.435409 5.457117 0.000000
96371 -46.417673 12.599117 5.605051 0.000000
96372 -43.477452 16.237063 9.917051 0.000000
96373 -43.173703 15.486737 9.556348 0.000000
96374 -42.899319 15.936933 9.610225 0.000000
96375 -42.380835 15.632255 9.170076 0.000000
96376 -41.871527 15.344857 8.726274 0.000000
96377 -41.357631 15.061097 8.365571 0.000000
96378 -41.617332 15.771406 8.825810 0.000000
96379 -41.372313 16.177947 8.835855 0.000000
96380 -41.185108 16.554474 8.707097 0.000000
100660 -44.809912 2.601132 13.926790 0.000000
100661 -45.139356 2.721184 13.353318 0.000000
100662 -44.496068 2.818499 13.604440 0.000000
100663 -44.239120 3.110444 13.239171 0.000000
100664 -44.049162 3.409665 12.918648 0.000000
100665 -42.347798 5.213177 13.491207 0.000000
100666 -42.793787 4.821188 13.077540 0.000000
100667 -42.746986 5.347781 12.925953 0.000000
100668 -43.083771 5.458738 12.359786 0.000000
100669 -43.362743 5.523312 11.823754 0.000000
100670 -43.616938 5.533316 11.272198 0.000000
100671 -43.310436 5.951680 11.702302 0.000000
100672 -43.279235 6.427341 11.637467 0.000000
100673 -43.319613 6.925740 11.567153 0.000000
100674 -47.037101 14.803712 19.695299 0.000000
100675 -47.232565 14.535414 19.314506 0.000000
100676 -47.578527 14.923765 19.070689 0.000000
100677 -48.035528 14.955597 18.460690 0.000000
100678 -48.503541 14.951049 17.822383 0.000000
100679 -49.652466 16.015149 15.900155 0.000000
100680 -49.586393 15.616793 16.144885 0.000000
100681 -49.609335 15.591328 15.473704 0.000000
100682 -49.501967 15.134766 14.892926 0.000000
100683 -49.416624 14.712764 14.239095 0.000000
100684 -49.311092 14.320775 13.537778 0.000000
100685 -49.238596 14.652738 13.505817 0.000000
100686 -48.985318 14.613630 12.836462 0.000000
100687 -48.643027 14.554513 12.189023 0.000000
100688 -48.175932 14.507220 11.604593 0.000000
100689 -48.360384 14.920127 12.363439 0.000000
100690 -48.062140 15.247542 12.431014 0.000000
100691 -47.805192 15.626798 12.342436 0.000000
100692 -48.676981 17.675871 12.101359 0.000000
100693 -48.222733 17.322990 12.110490 0.000000
100694 -48.076823 17.634035 11.696823 0.000000
100695 -47.392240 17.542176 11.388171 0.000000
100696 -46.679209 17.394840 11.133396 0.000000
100697 -46.004720 17.212033 10.917887 0.000000
100698 -46.433273 17.693151 10.753516 0.000000
100699 -46.216703 18.035118 10.360852 0.000000
100700 -46.046933 18.339796 9.955404 0.000000
102602 -47.031595 4.972163 1.380716 0.000000
102603 -46.907709 5.505122 1.083935 0.000000
103900 -37.828265 7.479617 18.993069 0.000000
103901 -38.327478 7.623316 18.602232 0.000000
103902 -38.028317 7.911623 19.055165 0.000000
103903 -38.286183 8.340901 19.182096 0.000000
103904 -38.542214 8.757446 19.367470 0.000000
103905 -38.288019 10.887463 20.865986 0.000000
103906 -38.634899 10.369056 20.621256 0.000000
103907 -39.007473 10.816523 20.794758 0.000000
103908 -39.684715 10.747402 20.727184 0.000000
103909 -40.382146 10.721027 20.566465 0.000000
103910 -41.108942 10.696471 20.343651 0.000000
103911 -40.788674 11.091188 20.810282 0.000000
103912 -41.208050 11.483177 21.039488 0.000000
103913 -41.604484 11.876075 21.205686 0.000000
103923 -41.348454 14.242559 20.451406 0.000000
103924 -41.657709 13.860575 20.919863 0.000000
103925 -42.076168 14.228917 20.647738 0.000000
103926 -42.823152 14.251654 20.793845 0.000000
103927 -43.560960 14.229826 20.844983 0.000000
103928 -44.309781 14.253473 20.847722 0.000000
103929 -43.912429 14.654557 20.592947 0.000000
103930 -44.271238 15.041998 20.234984 0.000000
107922 -52.494495 4.132707 13.194426 0.000000
107923 -52.501836 4.232750 13.644620 0.000000
107924 -51.893420 4.161810 13.951445 0.000000
107925 -51.239120 3.947172 14.221744 0.000000
107934 -49.863530 3.897150 16.743013 0.000000
107935 -49.880966 3.778007 16.234376 0.000000
107936 -49.894731 3.675235 15.751308 0.000000
107937 -49.236760 3.462415 15.974122 0.000000
107938 -48.534741 3.130453 15.696518 0.000000
107939 -47.949267 2.893077 15.403389 0.000000
107940 -47.305061 2.663886 15.093824 0.000000
107941 -47.253672 2.732098 15.608853 0.000000
107942 -46.551653 2.580213 15.795140 0.000000
107943 -45.862481 2.447428 15.966817 0.000000
107944 -44.414395 2.351023 17.626051 0.000000
107945 -44.463949 2.341018 17.167638 0.000000
107946 -43.802308 2.296454 17.292743 0.000000
107947 -43.136078 2.329195 16.963088 0.000000
107948 -42.546933 2.479260 16.676351 0.000000
107949 -42.012848 2.723003 16.437100 0.000000
107950 -41.955035 2.622050 16.860812 0.000000
107972 -40.458312 1.645261 22.317930 0.000000
107973 -41.100683 1.745305 22.583663 0.000000
107974 -41.322759 1.741667 22.232091 0.000000
107975 -42.176194 1.830796 22.158124 0.000000
107976 -42.989251 1.926292 22.048544 0.000000
107977 -43.781202 2.078177 21.956313 0.000000
107978 -43.154432 1.941754 21.644008 0.000000
107979 -43.336131 1.980862 21.248605 0.000000
107980 -43.502229 2.070901 20.839504 0.000000
107981 -43.685764 2.120923 20.488846 0.000000
107982 -42.895648 1.959034 20.586555 0.000000
107983 -42.284479 1.932659 20.287035 0.000000
107984 -41.628344 1.934478 19.985688 0.000000
107991 -38.372444 3.481514 18.454298 0.000000
107992 -38.075119 4.009017 18.343804 0.000000
107993 -37.836524 4.583812 18.334672 0.000000
107994 -37.681438 5.147694 18.377591 0.000000
107995 -37.352911 4.955792 18.629627 0.000000
107996 -36.923441 5.308673 18.973893 0.000000
107997 -36.537101 5.666101 19.333683 0.000000
110471 -52.408234 3.680692 6.447909 0.000000
110473 -51.922786 3.944443 6.164826 0.000000
110474 -51.717227 4.031754 5.740201 0.000000
110475 -46.406661 3.321445 10.871316 0.000000
110476 -47.000394 3.258690 10.618367 0.000000
110477 -46.689303 3.432402 10.254924 0.000000
110478 -47.003147 3.513347 9.647665 0.000000
110479 -47.353698 3.617937 9.029447 0.000000
110480 -47.333509 4.430109 6.674376 0.000000
110481 -47.617070 4.194552 6.956546 0.000000
110482 -48.061223 4.331884 6.296323 0.000000
110483 -48.779760 4.278225 5.937446 0.000000
110484 -49.479943 4.271858 5.604138 0.000000
110485 -50.141585 4.327337 5.295486 0.000000
110486 -49.899319 4.511053 4.933870 0.000000
110487 -50.133326 4.710231 4.268167 0.000000
110488 -50.335213 4.859387 3.638991 0.000000
110489 -50.433404 4.931236 3.098393 0.000000
110490 -50.044311 5.128595 3.301118 0.000000
110491 -49.740562 5.414173 2.978768 0.000000
110492 -49.407447 5.683381 2.687466 0.000000
110493 -47.368381 6.754757 3.586941 0.000000
110494 -47.821710 6.589230 3.118483 0.000000
110495 -47.673965 6.912098 2.836313 0.000000
110496 -47.823546 7.002137 2.121299 0.000000
110497 -47.750132 6.943930 1.480252 0.000000
110498 -47.534479 6.763851 0.999010 0.000000
110499 -47.404170 7.108547 1.160642 0.000000
110500 -47.093079 7.284078 0.959744 0.000000
110501 -46.804930 7.466885 0.827334 0.000000
110502 -40.180258 8.350905 17.113761 0.000000
110503 -40.334427 8.051684 16.577729 0.000000
110504 -40.628999 8.597376 16.689136 0.000000
110505 -41.059387 8.795644 16.240768 0.000000
110506 -41.465916 8.952076 15.797880 0.000000
110507 -43.474699 10.718299 15.479183 0.000000
110508 -43.119560 10.244456 15.294722 0.000000
110509 -43.500394 10.326310 14.814393 0.000000
110510 -43.565549 9.884300 14.190697 0.000000
110511 -43.560043 9.404091 13.584350 0.000000
110512 -43.498559 8.935705 12.904037 0.000000
110513 -43.845439 9.505044 13.028228 0.000000
110514 -44.121658 9.601449 12.436493 0.000000
110515 -44.381359 9.656019 11.781748 0.000000
110516 -47.043525 13.671402 16.540289 0.000000
110517 -46.492004 13.444940 16.500109 0.000000
110518 -46.886603 13.418564 15.687386 0.000000
110519 -46.674621 13.070231 14.851833 0.000000
110520 -46.481910 12.684609 14.076550 0.000000
110521 -47.001312 11.481358 10.359026 0.000000
110522 -46.757211 11.596863 11.199144 0.000000
110523 -46.533299 11.263991 10.419295 0.000000
110524 -46.075381 11.051171 10.486870 0.000000
110525 -45.630310 10.809248 10.475912 0.000000
110526 -45.293525 10.536402 10.442125 0.000000
110527 -45.508260 10.466371 9.670494 0.000000
110528 -45.462376 10.133499 8.886992 0.000000
110529 -45.364185 9.725140 8.122667 0.000000
110530 -45.342161 9.254026 7.390303 0.000000
110531 -45.571579 9.641467 7.344644 0.000000
110532 -45.757867 9.546880 6.492655 0.000000
110533 -45.881752 9.430466 5.560306 0.000000
110534 -46.444285 10.409073 3.580548 0.000000
110535 -46.304799 10.032546 3.639905 0.000000
110536 -46.225879 10.012537 2.854576 0.000000
110537 -46.148795 9.631462 2.201658 0.000000
110538 -46.107500 9.233107 1.658321 0.000000
110539 -46.081805 8.819291 1.219085 0.000000
110540 -45.828527 9.141249 1.216345 0.000000
110541 -45.505507 8.977542 0.902214 0.000000
110542 -45.108155 8.765631 0.737843 0.000000
110543 -44.665837 8.513704 0.745149 0.000000
110544 -44.812665 9.048482 0.827334 0.000000
110545 -44.523598 9.316780 0.971615 0.000000
110547 -44.322628 11.380405 2.324023 0.000000
110548 -44.057421 11.025705 1.950536 0.000000
110549 -43.690352 11.220335 2.187048 0.000000
110550 -43.071841 10.987507 2.200745 0.000000
110556 -45.983614 13.691410 8.881513 0.000000
110557 -45.885423 13.325797 7.871545 0.000000
110558 -45.515601 13.454034 8.096185 0.000000
110559 -45.060436 13.255766 7.352863 0.000000
110560 -44.560305 13.061136 6.615933 0.000000
110561 -42.269796 13.313973 6.348373 0.000000
110562 -42.594652 13.132076 6.044287 0.000000
110563 -41.992659 13.059317 5.612357 0.000000
110564 -41.643027 12.848316 4.950307 0.000000
110565 -41.311747 12.625492 4.406056 0.000000
110566 -41.013504 12.364470 3.972299 0.000000
110567 -40.620740 12.545457 4.217029 0.000000
110568 -39.916886 12.424496 4.112928 0.000000
110570 -38.735842 11.901541 4.448975 0.000000
110571 -39.040509 12.420858 4.522942 0.000000
110572 -38.729419 12.630949 4.877253 0.000000
110573 -38.495412 12.872873 5.269917 0.000000
110574 -39.204773 14.488121 7.146486 0.000000
110575 -38.822104 14.113412 6.666157 0.000000
110576 -38.628475 14.406267 6.961112 0.000000
110577 -38.053095 14.335327 6.865229 0.000000
110578 -37.466702 14.228917 6.832355 0.000000
110579 -36.894993 14.096132 6.887145 0.000000
110580 -37.276744 14.512677 7.090782 0.000000
110581 -37.100551 14.806441 7.343731 0.000000
117331 -42.434977 3.350548 14.817133 0.000000
117332 -42.721291 3.437859 14.262837 0.000000
117333 -42.230336 3.735261 14.603450 0.000000
117334 -42.106451 4.167267 14.365113 0.000000
117335 -42.060567 4.592907 14.155996 0.000000
117336 -41.241086 4.882124 15.010725 0.000000
117337 -41.621002 4.985805 14.514873 0.000000
117338 -42.014684 5.030370 13.994365 0.000000
117339 -41.991742 5.601528 13.879305 0.000000
117340 -42.037625 6.124482 13.768811 0.000000
117341 -42.140405 6.631976 13.692105 0.000000
117343 -48.434715 16.083360 18.199523 0.000000
117344 -48.691663 16.519004 17.875347 0.000000
117345 -49.144075 16.573573 17.410542 0.000000
117346 -49.481779 16.551746 16.881815 0.000000
117347 -49.452413 17.437585 16.584121 0.000000
117348 -49.589146 16.956467 16.473627 0.000000
117349 -49.650630 16.472620 16.228897 0.000000
117350 -49.710279 16.409866 15.607027 0.000000
117351 -49.643289 16.372577 14.952282 0.000000
117352 -49.396435 16.287994 14.324933 0.000000
117353 -49.071579 16.248887 13.726805 0.000000
117354 -49.315680 16.712725 13.977927 0.000000
117355 -49.288150 17.114718 13.533213 0.000000
117356 -49.218407 17.432129 13.059276 0.000000
117357 -49.694678 17.893238 13.808077 0.000000
117358 -49.484532 17.796833 13.129590 0.000000
117359 -49.156923 17.720436 12.568903 0.000000
117360 -49.102780 18.016019 12.108664 0.000000
117361 -48.911904 18.267037 11.618290 0.000000
117362 -48.727452 18.492590 11.116046 0.000000
118842 -48.758653 4.851201 1.349669 0.000000
119851 -36.529760 9.014831 20.513501 0.000000
119852 -37.088622 8.996641 20.296166 0.000000
119853 -36.763766 9.488673 20.621256 0.000000
119854 -37.017043 9.989800 20.722618 0.000000
119855 -37.315287 10.496384 20.854114 0.000000
119856 -36.318695 11.195779 21.097018 0.000000
119857 -36.941794 11.105740 21.013920 0.000000
119858 -37.614448 10.977503 20.965521 0.000000
122992 -48.490693 3.514256 17.698191 0.000000
122993 -47.824463 3.210487 17.391365 0.000000
122994 -47.127951 2.926728 17.113761 0.000000
122995 -47.106844 3.000396 17.586784 0.000000
122996 -46.436026 2.803947 17.720107 0.000000
122997 -45.755114 2.655701 17.859823 0.000000
122998 -46.370871 2.948555 18.619582 0.000000
122999 -45.696383 2.697537 18.302711 0.000000
123000 -45.039330 2.506545 17.990406 0.000000
123001 -44.310698 2.358299 18.099987 0.000000
123002 -43.613268 2.277354 18.214134 0.000000
123003 -42.913084 2.218238 18.294493 0.000000
123016 -39.433273 1.705287 23.866670 0.000000
123017 -38.868905 1.627981 23.521491 0.000000
123018 -39.089146 1.637076 23.142524 0.000000
123019 -39.324070 1.622524 22.767210 0.000000
123021 -38.684453 1.583416 22.474995 0.000000
123022 -39.569088 1.599787 22.418379 0.000000
123023 -39.822366 1.577959 22.074113 0.000000
123035 -36.605926 3.868046 19.500793 0.000000
123036 -36.395779 4.418286 19.456048 0.000000
123037 -36.074594 4.255488 19.737305 0.000000
123038 -35.571710 4.672032 20.024954 0.000000
123039 -35.100027 5.096763 20.326301 0.000000
123040 -34.936681 4.392820 20.622169 0.000000
123041 -34.756818 4.988534 20.628561 0.000000
123042 -34.625591 5.529678 20.634040 0.000000
124965 -45.279760 4.289139 9.606572 0.000000
124966 -45.830363 4.081776 9.296093 0.000000
124967 -45.560567 4.366445 9.006618 0.000000
124968 -45.884505 4.447389 8.391140 0.000000
124969 -46.257080 4.531971 7.798491 0.000000
124970 -45.427505 5.095853 8.038655 0.000000
124971 -45.989120 4.832102 7.602159 0.000000
124972 -46.625984 4.612916 7.138267 0.000000
124973 -47.018748 4.727511 6.439691 0.000000
124974 -47.428947 4.880305 5.726503 0.000000
124975 -47.886865 5.086758 5.012402 0.000000
124976 -48.259440 5.318677 4.384140 0.000000
124977 -47.595046 5.381432 4.794154 0.000000
124978 -47.361957 5.713394 4.609693 0.000000
124979 -47.127033 6.141763 4.406969 0.000000
124980 -46.140536 6.140853 5.627881 0.000000
124981 -46.572759 6.343669 4.928391 0.000000
124982 -46.986629 6.576497 4.226161 0.000000
124983 -46.916886 7.006684 4.029829 0.000000
124984 -46.882015 7.407768 3.785099 0.000000
124985 -46.859990 7.769744 3.531237 0.000000
124986 -41.657709 10.145322 17.889957 0.000000
124987 -41.681569 9.988891 17.186815 0.000000
124988 -42.133063 10.387246 17.438850 0.000000
124989 -42.627688 10.661001 17.035228 0.000000
124990 -43.076430 10.900196 16.630693 0.000000
124991 -43.515077 11.375858 17.586784 0.000000
124992 -43.498559 11.329474 16.881815 0.000000
124993 -43.481123 11.056628 16.176846 0.000000
124994 -43.805061 11.203965 15.662730 0.000000
124995 -44.098716 11.314013 15.113001 0.000000
124996 -44.321710 11.364034 14.565097 0.000000
124997 -48.347536 13.209383 13.447374 0.000000
124998 -47.878606 12.995653 13.416327 0.000000
124999 -48.169508 12.855592 12.635564 0.000000
125000 -47.970373 12.481793 11.859368 0.000000
125001 -47.744626 12.097990 11.103261 0.000000
125002 -48.348454 12.325362 10.228442 0.000000
125003 -47.944678 12.020684 10.270448 0.000000
125004 -47.460148 11.712368 10.272275 0.000000
125005 -47.220635 11.384043 9.494252 0.000000
125006 -46.977452 11.087550 8.690660 0.000000
125007 -46.713163 10.810157 7.869718 0.000000
125008 -46.421343 10.512755 7.059735 0.000000
125009 -46.774647 10.798334 6.953807 0.000000
125010 -46.846225 10.797424 6.085380 0.000000
125011 -46.846225 10.804700 5.247088 0.000000
125012 -47.437206 11.467716 6.081727 0.000000
125013 -47.084820 11.158490 5.226085 0.000000
125014 -46.729681 10.789239 4.372269 0.000000
125015 -46.554406 10.769230 3.496537 0.000000
125016 -46.245150 10.701928 2.778783 0.000000
125017 -45.863399 10.611889 2.211703 0.000000
125018 -45.419246 10.490927 1.777946 0.000000
125019 -45.761537 10.880187 2.261928 0.000000
125020 -45.578003 11.122111 2.329502 0.000000
125021 -45.304537 11.340388 2.460086 0.000000
125022 -46.147877 11.836967 3.653602 0.000000
125023 -45.598192 11.688721 3.060953 0.000000
125024 -44.996199 11.533199 2.616238 0.000000
125025 -44.620871 11.700544 2.818050 0.000000
125026 -44.290510 11.882442 3.045429 0.000000
125027 -43.975748 12.073434 3.324860 0.000000
125028 -44.594259 14.635457 9.771856 0.000000
125029 -44.425407 14.048839 8.818504 0.000000
125030 -44.087704 14.361702 9.013923 0.000000
125031 -43.574726 14.077942 8.378355 0.000000
125032 -43.069088 13.862394 7.782054 0.000000
125033 -42.947038 14.732772 8.889732 0.000000
125034 -42.765339 14.161615 8.056919 0.000000
125035 -42.530415 13.680497 7.175707 0.000000
125036 -42.012848 13.550440 6.711816 0.000000
125037 -41.441139 13.489504 6.370290 0.000000
125038 -40.840981 13.444030 6.018718 0.000000
125039 -40.240824 13.399465 5.715545 0.000000
125040 -40.610646 13.682316 6.358418 0.000000
125041 -40.321579 13.959709 6.775738 0.000000
125042 -40.040772 14.265296 7.120004 0.000000
125043 -40.873100 14.851006 7.970167 0.000000
125044 -40.361039 14.700031 7.656036 0.000000
125045 -39.778318 14.562698 7.405827 0.000000
125046 -39.567253 14.916489 7.609464 0.000000
125047 -39.377295 15.274826 7.733656 0.000000
125048 -39.179078 15.597694 7.818581 0.000000
134425 -47.576692 2.689352 13.122285 0.000000
134426 -47.873100 2.827594 12.514112 0.000000
134427 -47.215129 2.749378 12.704965 0.000000
134428 -46.865496 2.845783 12.288559 0.000000
134429 -46.474568 3.035866 11.890416 0.000000
134430 -45.530284 2.883072 12.723229 0.000000
134431 -45.845963 3.057694 12.116882 0.000000
134432 -46.130441 3.225949 11.509623 0.000000
134433 -45.822104 3.432402 11.130656 0.000000
134434 -45.512848 3.680692 10.794609 0.000000
134435 -45.240300 3.931710 10.507873 0.000000
134436 -43.057159 3.541541 13.702149 0.000000
134437 -43.492135 3.637946 13.195339 0.000000
134438 -43.836262 3.788011 12.612735 0.000000
134439 -43.197562 4.519239 12.667525 0.000000
134440 -43.655481 4.230931 12.329652 0.000000
134441 -44.141847 3.976275 11.994517 0.000000
134442 -44.453855 4.077228 11.366255 0.000000
134443 -44.732827 4.121793 10.833875 0.000000
134444 -44.998952 4.223655 10.230269 0.000000
134445 -44.782382 4.579265 9.980973 0.000000
134446 -44.627295 4.951245 9.791946 0.000000
134447 -44.486891 5.319587 9.666841 0.000000
134448 -43.828003 5.591523 10.707858 0.000000
134449 -44.095045 5.687929 10.146257 0.000000
134450 -44.347405 5.744317 9.554521 0.000000
134451 -44.196907 6.203608 9.444940 0.000000
134452 -44.076692 6.691092 9.267785 0.000000
134453 -44.091375 7.202224 9.060495 0.000000
134454 -45.258653 13.026576 19.920852 0.000000
134455 -45.266912 12.933808 19.229581 0.000000
134456 -45.730337 13.362176 19.384820 0.000000
134457 -46.240562 13.640479 18.805869 0.000000
134458 -46.735187 13.815101 18.066200 0.000000
134459 -47.254589 14.264387 18.804956 0.000000
134460 -47.254589 14.101589 18.085376 0.000000
134461 -47.174752 13.897864 17.337488 0.000000
134462 -47.591375 13.914235 16.595992 0.000000
134463 -47.963032 13.811463 15.763179 0.000000
134464 -48.275040 13.665035 15.022597 0.000000
134465 -48.664133 15.711380 18.002278 0.000000
134466 -48.843997 15.331215 17.670796 0.000000
134467 -48.965129 14.943773 17.205078 0.000000
134468 -49.448742 15.254818 16.314735 0.000000
134469 -49.229419 14.901937 16.438014 0.000000
134470 -48.932093 14.574522 16.509241 0.000000
134471 -48.835738 14.216184 15.767745 0.000000
134472 -48.698087 13.864213 14.995201 0.000000
134473 -48.534741 13.531341 14.248226 0.000000
134474 -48.754983 13.429478 13.464725 0.000000
134475 -48.962376 13.355810 12.705879 0.000000
134476 -48.999083 13.301241 11.941553 0.000000
134477 -49.193630 13.956071 12.797196 0.000000
134478 -49.069744 13.612285 11.993604 0.000000
134479 -48.892633 13.275775 11.126091 0.000000
134480 -48.660462 13.259404 10.296930 0.000000
134481 -48.346619 13.219387 9.560913 0.000000
134482 -47.944678 13.141171 8.802067 0.000000
134483 -47.490431 13.032033 8.049613 0.000000
134484 -47.655612 13.370362 8.974657 0.000000
134485 -47.289461 13.605009 9.196558 0.000000
134486 -46.915051 13.754165 9.402935 0.000000
134487 -47.623493 14.339874 10.958980 0.000000
134488 -47.082985 14.141606 10.328891 0.000000
134489 -46.495675 13.914235 9.627575 0.000000
134490 -46.101994 14.114322 9.847649 0.000000
134491 -45.741349 14.342603 10.063158 0.000000
134492 -45.393551 14.643643 10.316107 0.000000
134493 -48.654956 16.215236 13.202644 0.000000
134494 -48.152072 16.137020 12.715010 0.000000
134495 -47.562927 16.075175 12.289472 0.000000
134496 -47.793263 16.953739 12.141538 0.000000
134497 -47.337180 16.473530 12.123275 0.000000
134498 -46.946252 15.873269 11.882197 0.000000
134499 -46.286446 15.564043 11.471270 0.000000
134500 -45.674359 15.283921 10.924280 0.000000
134501 -45.127426 14.970148 10.378203 0.000000
134502 -44.850289 15.329396 10.447604 0.000000
134503 -44.602518 15.690462 10.433906 0.000000
134504 -44.357500 16.099731 10.312454 0.000000
134505 -45.379786 17.012855 10.657633 0.000000
134506 -44.751181 16.801854 10.436646 0.000000
134507 -44.088622 16.529918 10.173652 0.000000
134508 -43.859204 16.958286 10.005628 0.000000
134509 -43.668328 17.357551 9.730763 0.000000
134510 -43.492135 17.788647 9.457725 0.000000
141142 -39.035921 6.106293 17.256216 0.000000
141143 -39.432355 6.289099 16.870857 0.000000
141144 -39.118512 6.629247 17.276306 0.000000
141145 -39.260751 7.143107 17.296395 0.000000
141146 -39.452544 7.653329 17.400497 0.000000
141147 -38.789067 7.779748 18.273490 0.000000
141148 -39.241480 7.959826 17.899089 0.000000
141149 -39.698480 8.151728 17.518296 0.000000
141150 -40.014159 8.619204 17.670796 0.000000
141151 -40.363792 9.073947 17.835167 0.000000
141152 -40.750132 9.496858 18.015062 0.000000
141153 -37.653907 9.029382 20.065134 0.000000
141154 -38.229288 9.064852 19.832275 0.000000
141155 -38.828527 9.143978 19.611287 0.000000
141156 -38.941401 9.890666 20.259639 0.000000
141157 -39.192843 9.552337 19.848712 0.000000
141158 -39.455297 9.271306 19.356512 0.000000
141159 -40.047195 9.394086 19.017725 0.000000
141160 -40.612481 9.585988 18.607711 0.000000
141161 -41.158496 9.861563 18.279882 0.000000
141162 -41.619167 10.214443 18.525525 0.000000
141163 -42.114710 10.559139 18.728249 0.000000
141164 -42.598323 10.902925 19.021378 0.000000
141165 -41.794442 10.775597 20.065134 0.000000
141166 -42.490038 10.966589 19.677949 0.000000
141167 -43.120478 11.203055 19.265195 0.000000
141168 -43.511406 11.443160 19.548278 0.000000
141169 -43.916099 11.775122 19.833188 0.000000
141170 -44.342817 12.192577 20.104400 0.000000
141189 -40.478501 12.636406 21.342662 0.000000
141190 -41.236498 12.441776 21.359099 0.000000
141191 -42.020190 12.258969 21.368230 0.000000
141192 -42.053226 13.315792 21.244039 0.000000
141193 -42.392764 12.713712 21.331704 0.000000
141194 -42.729550 12.170749 21.187422 0.000000
141195 -43.454511 12.222590 20.980132 0.000000
141196 -44.116152 12.410853 20.664175 0.000000
141197 -44.714474 12.692794 20.294340 0.000000
141198 -45.103567 13.154813 20.411226 0.000000
141199 -45.527531 13.669583 20.411226 0.000000
141200 -45.987285 14.196175 20.299819 0.000000
141201 -45.031071 14.340784 20.715312 0.000000
141202 -45.726666 14.489940 20.442274 0.000000
141203 -46.414920 14.651828 20.159190 0.000000
141204 -46.765470 15.122033 19.870628 0.000000
141205 -47.043525 15.493103 19.486182 0.000000
141206 -47.312403 15.881454 19.062471 0.000000
141213 -46.367201 16.071537 19.125479 0.000000
149275 -51.898008 3.973547 13.028228 0.000000
149276 -51.321711 3.759817 12.748798 0.000000
149277 -50.722471 3.540631 12.478499 0.000000
149278 -50.096619 3.285065 12.684876 0.000000
149279 -49.480861 3.086797 12.973438 0.000000
149280 -48.847667 2.884891 13.193513 0.000000
149300 -51.202413 4.023568 14.673765 0.000000
149301 -50.614186 3.693425 14.475606 0.000000
149302 -49.929602 3.564278 15.241758 0.000000
149303 -49.989251 3.449682 14.700247 0.000000
149304 -50.024123 3.358734 14.198002 0.000000
149305 -49.446907 3.118629 13.908526 0.000000
149306 -48.832067 2.882163 13.640054 0.000000
149307 -48.181438 2.731188 13.401716 0.000000
149308 -47.508784 2.619321 13.607180 0.000000
149309 -46.836131 2.544743 13.795293 0.000000
149310 -46.090064 2.463799 14.016281 0.000000
149311 -46.649844 2.487446 14.771474 0.000000
149312 -46.051522 2.415596 14.483825 0.000000
149313 -45.402728 2.460161 14.207134 0.000000
149314 -44.747510 2.509273 14.404379 0.000000
149315 -44.096881 2.589308 14.593406 0.000000
149316 -43.483876 2.705722 14.749558 0.000000
149317 -46.498428 2.673890 16.788672 0.000000
149318 -45.851469 2.484717 16.467235 0.000000
149319 -45.191663 2.363756 16.122969 0.000000
149320 -44.478632 2.338290 16.735708 0.000000
149321 -44.546540 2.345566 16.267250 0.000000
149322 -44.608942 2.363756 15.776877 0.000000
149323 -44.012455 2.434695 15.445395 0.000000
149324 -43.410462 2.595675 15.195186 0.000000
149325 -42.909414 2.887620 14.955935 0.000000
149326 -42.328527 3.162285 15.215276 0.000000
149327 -41.782513 3.464234 15.487401 0.000000
149328 -41.291558 3.753451 15.736697 0.000000
149331 -40.831805 4.038120 15.967730 0.000000
149332 -40.358286 4.399186 16.212460 0.000000
149334 -39.510357 5.114043 16.832504 0.000000
149361 -47.398664 2.987663 20.845896 0.000000
149368 -44.857631 2.746649 24.631908 0.000000
149369 -45.046671 2.733007 24.205457 0.000000
149370 -45.243970 2.703903 23.839275 0.000000
149371 -40.361957 1.798055 23.774439 0.000000
149372 -41.268616 1.923564 23.687688 0.000000
149373 -42.113792 2.054530 23.622853 0.000000
149374 -41.707264 1.849896 22.909665 0.000000
149375 -42.329445 2.013603 23.242973 0.000000
149376 -42.988333 2.157302 23.606416 0.000000
149377 -43.838097 2.282811 23.533362 0.000000
149378 -44.657578 2.451976 23.500488 0.000000
149379 -45.451364 2.674800 23.447524 0.000000
149380 -45.653252 2.652972 23.041162 0.000000
149381 -45.834033 2.672071 22.629321 0.000000
149382 -46.080887 2.682076 22.217481 0.000000
149383 -44.601600 2.259165 21.938963 0.000000
149384 -45.435764 2.454704 21.889652 0.000000
149385 -46.270845 2.685714 21.795595 0.000000
149386 -46.418590 2.698447 21.383754 0.000000
149387 -46.586524 2.735736 21.000222 0.000000
149388 -46.705822 2.813951 20.606645 0.000000
149389 -46.053357 2.671162 20.331780 0.000000
149390 -45.367856 2.546562 20.000298 0.000000
149391 -44.703462 2.439243 19.657859 0.000000
149392 -43.844521 2.178220 20.149145 0.000000
149393 -43.965654 2.270988 19.796661 0.000000
149394 -44.103304 2.338290 19.382081 0.000000
149395 -43.477452 2.233699 19.078908 0.000000
149396 -42.795622 2.168216 18.722770 0.000000
149397 -42.169770 2.230970 18.415945 0.000000
149398 -40.649188 1.820792 20.466016 0.000000
149399 -40.827216 1.915379 20.066047 0.000000
149400 -41.005245 2.003599 19.681601 0.000000
149402 -40.407840 2.139112 19.423174 0.000000
149403 -41.100683 2.114556 19.321811 0.000000
149404 -41.309912 2.203686 18.944671 0.000000
149405 -41.472340 2.279173 18.538310 0.000000
149406 -41.583378 2.332833 18.128295 0.000000
149414 -39.231385 4.876667 17.127459 0.000000
149415 -39.077216 5.473290 17.186815 0.000000
149416 -38.704642 5.820714 17.545691 0.000000
149417 -38.349503 6.185418 17.953879 0.000000
149418 -38.042083 6.586502 18.362981 0.000000
149419 -37.643813 5.738860 18.466169 0.000000
149420 -37.675014 6.373682 18.640585 0.000000
149421 -37.722733 6.928468 18.804956 0.000000
149423 -37.064762 7.615131 19.631377 0.000000
149424 -36.701364 7.965283 20.014909 0.000000
149425 -36.237022 4.960340 19.496227 0.000000
149426 -36.166361 5.516945 19.559236 0.000000
149431 -36.203986 7.259522 20.068786 0.000000
149432 -36.253540 7.862511 20.191151 0.000000
149433 -36.371920 8.432759 20.316256 0.000000
149434 -36.009440 8.932977 20.642259 0.000000
149435 -35.628606 9.497768 20.945432 0.000000
149436 -35.245937 10.101667 21.170072 0.000000
149437 -34.645779 9.395905 21.217557 0.000000
149438 -34.777924 10.043460 21.251344 0.000000
149439 -34.916493 10.691014 21.253171 0.000000
154382 -52.342161 2.719365 5.383150 0.000000
154383 -52.423834 3.455139 5.873524 0.000000
154384 -52.363268 3.176836 5.380411 0.000000
154385 -52.242135 2.870340 4.966744 0.000000
154386 -52.059519 3.091345 4.572253 0.000000
154387 -51.851207 3.310531 4.154021 0.000000
154388 -51.575906 3.556092 3.758617 0.000000
154389 -48.123624 2.974930 11.915985 0.000000
154390 -48.335607 3.115901 11.289548 0.000000
154391 -48.651286 3.255052 10.561750 0.000000
154392 -47.639094 3.245957 10.404685 0.000000
154393 -48.283299 3.303255 10.172739 0.000000
154394 -48.972471 3.411484 9.949012 0.000000
154398 -46.426849 3.924434 9.005705 0.000000
154399 -47.079314 3.804382 8.665091 0.000000
154400 -47.764815 3.709796 8.403924 0.000000
154401 -47.909807 4.021749 7.315423 0.000000
154404 -49.138569 3.779826 7.786620 0.000000
154405 -49.887390 3.891693 7.514494 0.000000
154407 -50.945465 4.091780 6.553837 0.000000
154408 -51.256556 4.111789 5.904572 0.000000
154409 -51.469456 4.124521 5.291833 0.000000
154410 -50.723389 4.315514 5.022447 0.000000
154411 -51.202413 4.245483 4.816984 0.000000
154412 -51.599765 4.119065 4.678181 0.000000
154413 -51.607106 4.016293 4.166805 0.000000
154414 -51.516257 3.916249 3.727569 0.000000
154415 -51.322628 3.811658 3.343124 0.000000
154416 -51.031726 4.032663 2.935849 0.000000
154417 -50.722471 4.239117 2.553230 0.000000
154418 -50.396697 4.464669 2.202571 0.000000
154419 -50.436157 4.946697 2.644547 0.000000
154420 -50.303095 4.897585 2.210790 0.000000
154421 -49.984663 4.663847 1.916749 0.000000
154422 -49.578134 4.881214 1.619968 0.000000
154423 -49.141322 5.074935 1.406285 0.000000
154424 -48.731123 5.255013 1.245567 0.000000
154425 -48.594390 5.589704 3.685563 0.000000
154426 -48.869692 5.816166 3.028079 0.000000
154427 -49.030284 5.929852 2.474697 0.000000
154428 -48.270452 6.410061 2.656418 0.000000
154429 -48.680651 6.178142 2.261014 0.000000
154430 -49.064238 5.932581 1.930446 0.000000
154431 -48.907316 5.835266 1.500342 0.000000
154432 -48.615497 5.654278 1.227303 0.000000
154433 -48.286970 5.432363 1.090328 0.000000
154434 -47.809781 5.616989 0.992618 0.000000
154435 -47.351862 5.804343 0.893082 0.000000
154436 -46.890274 5.938038 0.890343 0.000000
154437 -47.216965 6.553760 0.782589 0.000000
154438 -46.846225 6.332755 0.769804 0.000000
154439 -46.439697 6.077189 0.940567 0.000000
154440 -45.997379 6.242716 1.005403 0.000000
154443 -39.852649 6.451898 16.419750 0.000000
154444 -40.236236 6.640161 15.965903 0.000000
154445 -40.660200 6.787498 15.564108 0.000000
154446 -40.529891 7.725179 16.082790 0.000000
154447 -40.781333 7.342285 15.609766 0.000000
154448 -41.076823 6.880266 15.093824 0.000000
154449 -41.480599 6.938473 14.653675 0.000000
154450 -41.895386 7.028512 14.163301 0.000000
154451 -42.257867 7.138560 13.691191 0.000000
154452 -41.734794 9.755153 16.525678 0.000000
154453 -41.797195 9.409548 15.930290 0.000000
154454 -41.897222 8.987546 15.372342 0.000000
154455 -42.688255 9.682394 15.105695 0.000000
154456 -42.320268 9.122150 14.947716 0.000000
154457 -42.038543 8.557359 14.816220 0.000000
154458 -42.210148 8.160823 14.303017 0.000000
154459 -42.398270 7.696075 13.756940 0.000000
154460 -42.580887 7.218595 13.190773 0.000000
154461 -42.874542 7.284987 12.655654 0.000000
154462 -43.123231 7.399583 12.168020 0.000000
154463 -43.361826 7.485984 11.632901 0.000000
154464 -43.490300 8.494604 12.282167 0.000000
154465 -43.510489 8.041680 11.671254 0.000000
154466 -43.549948 7.566928 11.015597 0.000000
154467 -43.764684 7.635140 10.334370 0.000000
154468 -43.995019 7.698804 9.653144 0.000000
154469 -44.229943 7.784295 8.980136 0.000000
154470 -45.234794 12.873782 18.535570 0.000000
154471 -45.182486 12.821941 17.817817 0.000000
154472 -45.083378 12.744635 17.055318 0.000000
154473 -45.922130 13.189374 16.453537 0.000000
154474 -45.405481 12.892881 16.376831 0.000000
154475 -44.938386 12.579108 16.243508 0.000000
154476 -44.786052 12.278068 15.488314 0.000000
154477 -44.666755 11.853338 14.714857 0.000000
154478 -44.592424 11.379496 13.969709 0.000000
154479 -47.365628 12.734631 13.327749 0.000000
154480 -46.820531 12.487250 13.273872 0.000000
154481 -46.301128 12.279887 13.357884 0.000000
154482 -46.434191 11.725100 11.936074 0.000000
154483 -46.115759 11.871528 12.674831 0.000000
154484 -45.791821 12.017955 13.373407 0.000000
154485 -45.312796 11.723282 13.385279 0.000000
154486 -44.866807 11.382224 13.361536 0.000000
154487 -44.552046 10.947489 13.279351 0.000000
154488 -44.580494 10.516393 12.574382 0.000000
154489 -44.597930 10.102577 11.860281 0.000000
154490 -44.588753 9.718773 11.148007 0.000000
154491 -45.014553 10.177154 10.431167 0.000000
154492 -44.776876 9.753334 10.404685 0.000000
154493 -44.530022 9.322237 10.394640 0.000000
154494 -44.420819 8.886593 9.598353 0.000000
154495 -44.425407 8.366367 8.925345 0.000000
154496 -44.506162 7.857964 8.272427 0.000000
154497 -44.816335 7.898891 7.552848 0.000000
154498 -45.134768 7.948003 6.877100 0.000000
154499 -45.455035 7.936180 6.188568 0.000000
154500 -45.408234 8.808377 6.687160 0.000000
154504 -46.503016 8.058960 4.038048 0.000000
154505 -46.770976 8.033495 3.166881 0.000000
154506 -46.224962 10.158055 6.242445 0.000000
154507 -46.087311 9.760610 5.469902 0.000000
154508 -46.057028 9.350431 4.765846 0.000000
154509 -46.238727 9.655109 3.775054 0.000000
154510 -46.227715 9.288586 3.944904 0.000000
154511 -46.234138 8.981180 4.157673 0.000000
154512 -46.409414 8.594648 3.527584 0.000000
154513 -46.659020 8.283603 2.913933 0.000000
154514 -46.927898 7.996206 2.371508 0.000000
154515 -46.923310 7.940727 1.658321 0.000000
154516 -46.722340 7.818856 1.027319 0.000000
154517 -46.434191 7.672428 0.693098 0.000000
154518 -46.087311 8.370914 0.862035 0.000000
154519 -46.063451 7.915261 0.627349 0.000000
154520 -46.040510 7.500536 0.582604 0.000000
154521 -45.618381 7.297720 0.657484 0.000000
154533 -44.973257 10.315396 1.469294 0.000000
154534 -44.449267 10.073473 1.339624 0.000000
154536 -43.826168 10.537311 1.667453 0.000000
154537 -43.576561 10.087115 1.549653 0.000000
154551 -47.015995 12.947450 7.250588 0.000000
154552 -46.565418 12.838312 6.472565 0.000000
154553 -46.046933 12.684609 5.742027 0.000000
154554 -45.790903 13.039309 6.866142 0.000000
154555 -45.684453 12.781924 5.946578 0.000000
154556 -45.483483 12.543638 5.058061 0.000000
154557 -44.917279 12.443595 4.440757 0.000000
154558 -44.212507 12.296258 3.948557 0.000000
154559 -43.555454 12.174387 3.611596 0.000000
154560 -44.304275 13.588638 7.856021 0.000000
154561 -44.186813 13.218477 6.913627 0.000000
154562 -44.022549 12.899248 6.025110 0.000000
154563 -42.993839 12.981101 5.763943 0.000000
154564 -43.353567 12.833765 5.500036 0.000000
154565 -43.713294 12.703708 5.186818 0.000000
154566 -43.416886 12.513625 4.452628 0.000000
154567 -43.144338 12.301715 3.856326 0.000000
154568 -42.881883 12.029778 3.354082 0.000000
154569 -42.199136 11.871528 3.234456 0.000000
154570 -41.544836 11.681445 3.223498 0.000000
154571 -40.856582 11.439522 3.236282 0.000000
154572 -40.746461 12.012498 3.665473 0.000000
154573 -40.419770 11.581402 3.460923 0.000000
154574 -40.198611 11.103921 3.417091 0.000000
154575 -39.742528 10.732851 3.811581 0.000000
154581 -38.324725 11.588678 4.849858 0.000000
154582 -38.020058 11.263081 5.400501 0.000000
154587 -39.571841 13.335801 5.663494 0.000000
154588 -38.896435 13.258495 5.593180 0.000000
154589 -38.260488 13.154813 5.568524 0.000000
154590 -38.439434 13.799639 6.265275 0.000000
154591 -38.031070 13.415836 5.926488 0.000000
154592 -37.676849 12.929261 5.740201 0.000000
154599 -36.352649 13.906959 7.069779 0.000000
154775 -48.461328 18.826371 10.546226 0.000000
154787 -45.829445 18.653569 9.454072 0.000000
154790 -45.206346 18.554435 9.281483 0.000000
154791 -44.622707 18.460758 9.134462 0.000000
154792 -43.981254 18.253395 9.078758 0.000000
154793 -43.337049 18.062403 8.997486 0.000000
154818 -43.551784 18.619008 8.097098 0.000000
154819 -43.150761 18.268856 8.504373 0.000000
154820 -42.687337 17.825027 8.925345 0.000000
154821 -42.092686 17.489426 8.790196 0.000000
154822 -41.537494 17.211123 8.655046 0.000000
154823 -41.004327 16.947372 8.505286 0.000000
154824 -41.167673 17.791376 7.963775 0.000000
154825 -40.830887 17.261145 8.210332 0.000000
154826 -40.522549 16.664522 8.323565 0.000000
154827 -40.024254 16.399861 8.115362 0.000000
154828 -39.504851 16.215236 7.983865 0.000000
