#!ascii label  , from subject fsaverage vox2ras=TkReg 
2092
15 -43.328790 -25.280997 48.267545 0.000000
48 -33.435370 -30.556929 58.635703 0.000000
99 -45.139356 -21.711263 34.040322 0.000000
220 -37.081280 -26.791655 38.147770 0.000000
222 -44.973257 -22.885410 41.980354 0.000000
230 -39.954510 -28.789796 53.273555 0.000000
231 -32.947169 -33.207173 49.024565 0.000000
232 -34.493446 -30.634235 42.397674 0.000000
372 -26.027006 -30.476894 59.929668 0.000000
469 -52.384374 -16.187041 36.050214 0.000000
478 -26.286707 -33.542773 47.913234 0.000000
700 -40.603304 -26.813482 43.315412 0.000000
701 -40.782250 -25.090005 40.174100 0.000000
702 -44.162035 -23.851285 45.465933 0.000000
710 -42.154170 -27.076324 50.956837 0.000000
711 -39.012062 -30.802490 48.375299 0.000000
712 -39.375460 -28.557877 45.484196 0.000000
713 -35.421212 -28.419635 40.492797 0.000000
1029 -53.135948 -14.838273 32.280639 0.000000
1045 -29.878475 -30.692442 59.933321 0.000000
1046 -26.058207 -32.043939 52.910113 0.000000
1047 -29.798637 -32.116698 53.833330 0.000000
1550 -44.979681 -23.194635 37.777936 0.000000
1564 -37.058338 -29.831159 56.009419 0.000000
1565 -33.392240 -31.579192 52.983167 0.000000
1566 -36.930782 -31.294522 51.028065 0.000000
1567 -34.414526 -32.220380 45.938956 0.000000
1824 -22.554536 -30.908900 60.945115 0.000000
2053 -49.683666 -21.039152 43.859663 0.000000
2054 -49.258784 -21.074622 39.748561 0.000000
2056 -51.921868 -17.008308 39.310239 0.000000
2057 -48.997248 -19.421176 35.347071 0.000000
2058 -49.412036 -18.237934 31.342811 0.000000
2080 -22.380179 -32.533243 53.450711 0.000000
2083 -29.897746 -33.453643 49.422708 0.000000
2620 -42.300079 -26.498800 46.004704 0.000000
2621 -42.471684 -25.782124 44.412132 0.000000
2622 -43.693105 -24.515210 46.807383 0.000000
2630 -42.907578 -26.251420 49.683875 0.000000
2631 -41.468669 -28.341420 48.473009 0.000000
2632 -41.832067 -27.321885 47.037502 0.000000
2633 -40.043525 -27.598369 44.387476 0.000000
2940 -44.136341 -22.186924 31.410386 0.000000
2942 -45.552308 -21.281985 32.052346 0.000000
2965 -31.544049 -30.673343 59.381764 0.000000
2966 -29.962900 -31.643765 56.773745 0.000000
2967 -31.508260 -31.444588 56.632203 0.000000
3537 -37.357499 -26.077708 36.632818 0.000000
3538 -42.782775 -23.902216 41.160326 0.000000
3539 -40.934584 -24.244183 38.452770 0.000000
3540 -42.984663 -23.425645 39.280104 0.000000
3541 -43.090195 -23.405636 37.020916 0.000000
3542 -45.114579 -22.949983 39.942154 0.000000
3565 -38.571579 -29.446446 54.608613 0.000000
3566 -37.038150 -30.690623 53.463495 0.000000
3567 -38.697300 -30.430510 52.179575 0.000000
3568 -36.912429 -30.734279 45.382834 0.000000
3569 -36.820661 -31.573735 47.135212 0.000000
3570 -34.541165 -31.598291 44.002118 0.000000
3575 -36.169115 -27.592912 39.321197 0.000000
4509 -49.634112 -21.307451 41.869860 0.000000
4517 -50.761931 -18.561711 37.673834 0.000000
4518 -50.673834 -18.037847 35.558014 0.000000
4519 -49.148664 -18.723599 33.231251 0.000000
4520 -50.740824 -17.315714 33.646744 0.000000
4522 -51.198742 -16.321645 29.912783 0.000000
4570 -24.202675 -30.641511 60.230101 0.000000
4571 -22.430651 -31.802925 57.002038 0.000000
4572 -24.192580 -31.425488 56.474224 0.000000
4573 -26.111432 -32.512325 50.192512 0.000000
4574 -24.174227 -32.900676 49.891165 0.000000
4575 -24.444940 -34.107564 47.545226 0.000000
4578 -33.339932 -32.516872 51.012541 0.000000
4579 -31.631228 -32.582355 51.306582 0.000000
4580 -31.489906 -33.540954 49.573381 0.000000
5866 -38.793656 -26.945358 40.549413 0.000000
5867 -38.952413 -26.126820 39.085598 0.000000
5868 -40.662035 -26.093169 41.653439 0.000000
5869 -42.624018 -24.823526 42.903571 0.000000
5870 -44.578658 -23.124605 43.913540 0.000000
5884 -41.186026 -28.010366 52.025249 0.000000
5885 -40.003147 -30.062168 50.884697 0.000000
5886 -40.939172 -29.357316 49.722229 0.000000
5887 -39.220373 -29.725658 46.937966 0.000000
5888 -36.903252 -29.602877 43.931803 0.000000
5889 -34.866021 -29.466454 41.509157 0.000000
5890 -37.429995 -28.495123 42.909050 0.000000
5891 -38.120085 -27.657486 41.691792 0.000000
6457 -52.828528 -15.474914 34.285965 0.000000
6458 -54.207788 -13.214839 34.352627 0.000000
6487 -27.977059 -30.578756 60.047467 0.000000
6488 -26.044442 -31.293613 56.255976 0.000000
6489 -27.993577 -31.376376 56.519883 0.000000
6490 -27.992659 -31.962086 53.349349 0.000000
6491 -28.022025 -32.328609 50.805251 0.000000
7449 -39.066204 -25.250075 37.519508 0.000000
7453 -43.269141 -23.388356 35.054856 0.000000
7454 -45.044836 -22.705332 35.909585 0.000000
7486 -35.259702 -30.202229 57.396528 0.000000
7487 -33.452806 -31.041685 55.901665 0.000000
7488 -35.334033 -30.828865 54.714541 0.000000
7489 -35.127557 -31.400023 52.108348 0.000000
7490 -34.984400 -32.322242 50.159638 0.000000
7491 -38.250394 -31.144457 49.889339 0.000000
7492 -36.255376 -31.961176 48.843757 0.000000
7493 -33.934584 -32.855201 47.758908 0.000000
8072 -44.893420 -22.528891 49.725881 0.000000
8118 -34.897221 -29.313661 59.406420 0.000000
8120 -38.388045 -28.334144 56.797487 0.000000
8121 -39.729681 -27.531977 55.381157 0.000000
8724 -45.551391 -21.719448 48.208189 0.000000
8725 -46.345177 -21.420227 46.715152 0.000000
8726 -47.138963 -21.695801 45.038568 0.000000
8728 -49.185371 -20.315201 45.632130 0.000000
8729 -47.573939 -22.103251 43.043287 0.000000
8730 -47.475748 -22.467956 40.985910 0.000000
8731 -47.189435 -22.507973 38.969625 0.000000
8732 -46.943499 -21.648508 37.017263 0.000000
8739 -50.985843 -19.044648 39.757693 0.000000
8740 -49.022025 -20.202425 37.571559 0.000000
8741 -47.017830 -20.675358 34.884093 0.000000
8742 -47.298638 -20.098743 32.905249 0.000000
8745 -50.934453 -16.775479 31.811268 0.000000
8806 -20.875197 -32.160354 57.875943 0.000000
8808 -21.018354 -34.219431 51.256358 0.000000
8809 -24.153121 -32.173086 52.910113 0.000000
8810 -22.432486 -33.382703 50.261000 0.000000
8815 -31.562402 -31.772912 53.696354 0.000000
8816 -29.927111 -32.455937 51.265490 0.000000
8817 -28.207394 -33.168974 48.671167 0.000000
8819 -28.222995 -34.917917 47.427427 0.000000
10300 -42.847930 -25.917638 47.175391 0.000000
10301 -42.967227 -25.581128 46.415632 0.000000
10302 -43.559125 -24.850810 47.629238 0.000000
10310 -43.161773 -25.786672 49.025478 0.000000
10311 -42.484532 -26.858957 48.329641 0.000000
10312 -42.626771 -26.459692 47.650241 0.000000
10313 -42.102780 -26.840767 46.538910 0.000000
10618 -44.417148 -22.186015 33.745367 0.000000
10620 -44.591506 -21.868604 32.762794 0.000000
10621 -44.868643 -21.693073 31.769262 0.000000
10622 -45.314631 -21.448421 33.038572 0.000000
10645 -32.475486 -30.632416 59.043891 0.000000
10646 -31.582591 -31.202664 58.059491 0.000000
10647 -32.499345 -31.038957 57.775495 0.000000
11215 -36.259964 -26.756185 37.051051 0.000000
11217 -37.230861 -26.365105 37.430930 0.000000
11218 -43.885816 -23.345610 41.605954 0.000000
11219 -42.905743 -23.643012 40.280941 0.000000
11220 -43.926194 -23.208278 40.608770 0.000000
11221 -44.039067 -23.138247 39.620717 0.000000
11222 -45.054930 -22.854487 41.007826 0.000000
11245 -39.240562 -29.110845 53.889947 0.000000
11246 -38.606451 -29.973038 53.366699 0.000000
11247 -39.336917 -29.745667 52.703736 0.000000
11248 -35.727714 -30.689714 43.911714 0.000000
11249 -35.791951 -31.195388 44.683344 0.000000
11250 -34.550342 -31.197207 43.175697 0.000000
11251 -33.315155 -31.577373 42.598572 0.000000
11255 -36.623362 -27.223661 38.700240 0.000000
11256 -35.269796 -27.597460 38.140465 0.000000
11257 -35.757998 -27.195467 37.550556 0.000000
12197 -51.613530 -17.481241 36.674824 0.000000
12198 -51.646566 -17.142912 35.681292 0.000000
12199 -50.714212 -17.679509 34.561743 0.000000
12200 -51.608942 -16.839143 34.849392 0.000000
12250 -25.114841 -30.526006 60.060251 0.000000
12251 -24.199004 -31.123539 58.272260 0.000000
12252 -25.133194 -30.920723 58.171811 0.000000
12253 -26.197693 -32.908861 48.937814 0.000000
12254 -25.214867 -33.166246 48.620030 0.000000
12255 -25.391977 -33.806524 47.636543 0.000000
12256 -24.761537 -35.014322 46.948011 0.000000
12257 -25.583771 -34.673265 47.019239 0.000000
12258 -33.216964 -32.896128 50.030881 0.000000
12259 -32.316728 -33.054379 50.293874 0.000000
12260 -32.226797 -33.362695 49.372484 0.000000
13615 -39.690221 -26.900793 41.900908 0.000000
13616 -39.749870 -26.537908 41.111927 0.000000
13617 -40.627164 -26.494252 42.455204 0.000000
13618 -43.319613 -24.990871 44.915290 0.000000
13619 -42.564369 -25.343752 43.635022 0.000000
13620 -43.432486 -24.454274 44.197536 0.000000
13621 -43.579314 -23.984070 43.428645 0.000000
13622 -44.345570 -23.479305 44.699781 0.000000
13645 -41.711852 -27.563809 51.542181 0.000000
13646 -41.153907 -28.736137 50.893829 0.000000
13647 -41.581543 -28.186807 50.315790 0.000000
13648 -40.526220 -28.547873 46.961709 0.000000
13649 -40.395911 -29.130854 47.652067 0.000000
13650 -39.267174 -29.124488 46.169988 0.000000
13651 -38.049424 -29.682003 45.420274 0.000000
13652 -38.131097 -29.072647 44.760964 0.000000
13653 -37.151023 -29.006254 43.498960 0.000000
13654 -38.413740 -28.549692 44.214887 0.000000
13655 -40.300473 -27.199105 43.818570 0.000000
13656 -39.077216 -27.663852 43.025023 0.000000
13657 -39.408496 -27.284596 42.442419 0.000000
13658 -38.473388 -27.315519 41.133844 0.000000
14650 -28.951626 -30.665158 59.998156 0.000000
14651 -28.076167 -31.050780 58.400104 0.000000
14652 -29.044311 -31.188112 58.463113 0.000000
14653 -29.883981 -31.887508 55.247834 0.000000
14654 -28.941532 -31.801106 55.076157 0.000000
14655 -28.881883 -32.016655 53.615995 0.000000
14656 -27.991742 -32.163992 52.000593 0.000000
14657 -28.904825 -32.185819 52.311072 0.000000
16368 -39.834295 -25.646611 39.628023 0.000000
16369 -39.006556 -25.667529 38.330405 0.000000
16370 -39.879261 -25.181863 38.795209 0.000000
16371 -41.059387 -23.962242 37.534119 0.000000
16372 -40.105926 -24.371511 37.113146 0.000000
16373 -40.277531 -24.135954 36.109570 0.000000
16378 -44.043656 -23.302864 37.431843 0.000000
16379 -43.138831 -23.460205 36.059345 0.000000
16380 -44.069351 -23.330149 36.433746 0.000000
16381 -44.192319 -23.120057 35.475828 0.000000
16382 -44.985187 -23.154618 36.803581 0.000000
16450 -36.205821 -30.039431 56.681514 0.000000
16451 -35.364316 -30.547834 56.102563 0.000000
16452 -36.244364 -30.457795 55.395768 0.000000
16453 -37.019796 -30.964379 52.178662 0.000000
16454 -36.095701 -31.018038 52.765832 0.000000
16455 -36.089277 -31.396385 51.640803 0.000000
16456 -35.137651 -31.865680 51.176912 0.000000
16457 -36.020452 -31.810201 50.650012 0.000000
16458 -39.693892 -30.562386 49.717663 0.000000
16459 -39.174490 -30.659701 50.331314 0.000000
16460 -38.743184 -31.074427 49.162454 0.000000
16461 -35.601993 -31.915702 46.470422 0.000000
16462 -36.605926 -31.822025 48.000899 0.000000
16463 -35.394600 -32.189457 47.406424 0.000000
16464 -35.122969 -32.424105 48.271198 0.000000
16480 -35.131228 -28.896206 41.030655 0.000000
17828 -39.061616 -27.898500 56.084300 0.000000
17838 -41.649450 -26.136824 53.546594 0.000000
19264 -45.225617 -22.112346 48.983472 0.000000
19267 -46.798506 -20.213338 47.943369 0.000000
19268 -47.361039 -20.315201 47.143430 0.000000
19269 -46.786577 -21.573021 45.905169 0.000000
19270 -47.842817 -20.639888 46.340752 0.000000
19276 -49.527662 -20.702642 44.759137 0.000000
19277 -48.576037 -21.443874 44.451398 0.000000
19278 -48.676981 -21.764922 43.414035 0.000000
19279 -47.530808 -22.369731 41.966657 0.000000
19280 -48.655874 -22.010484 42.484425 0.000000
19281 -49.468931 -21.275619 40.827931 0.000000
19282 -48.445727 -22.078695 40.467228 0.000000
19283 -48.275040 -21.857690 39.476436 0.000000
19284 -47.053619 -22.141450 37.998923 0.000000
19285 -48.124542 -21.487529 38.447291 0.000000
19303 -51.608024 -18.017838 39.588756 0.000000
19304 -49.846094 -19.107403 36.538761 0.000000
19305 -49.937862 -19.408443 37.661963 0.000000
19306 -48.993577 -19.818621 36.473926 0.000000
19307 -47.955691 -20.468904 36.309555 0.000000
19308 -47.994233 -20.045083 35.224706 0.000000
19309 -47.046278 -20.354309 33.849469 0.000000
19310 -48.086918 -19.738586 34.112462 0.000000
19311 -49.302833 -18.459848 32.314426 0.000000
19312 -48.459492 -19.148330 32.034995 0.000000
19313 -48.687075 -18.947333 31.109952 0.000000
19316 -53.022156 -15.168417 33.330787 0.000000
19317 -51.909938 -16.071537 33.046790 0.000000
19318 -52.076954 -15.835980 32.087046 0.000000
19468 -22.407709 -32.158535 55.226831 0.000000
19469 -21.613923 -32.415010 55.625887 0.000000
19470 -21.635029 -32.829736 53.889033 0.000000
19471 -20.942187 -33.681925 52.750308 0.000000
19472 -21.597405 -33.236276 52.234365 0.000000
19473 -26.017830 -31.705610 54.521862 0.000000
19474 -25.046933 -31.772912 54.492640 0.000000
19475 -25.130441 -32.083047 52.882718 0.000000
19477 -23.279497 -33.108039 49.996180 0.000000
19482 -22.633456 -36.267595 47.760735 0.000000
19488 -33.432617 -31.253596 54.389452 0.000000
19489 -32.461721 -31.394566 54.830514 0.000000
19490 -32.480074 -31.649222 53.410531 0.000000
19491 -30.776875 -33.006176 50.341359 0.000000
19492 -30.761275 -32.504140 51.300190 0.000000
19493 -29.939959 -32.863387 50.170596 0.000000
19494 -29.129654 -32.686037 49.959653 0.000000
19495 -29.090195 -33.290845 49.041002 0.000000
19502 -27.547588 -35.107999 47.022891 0.000000
23146 -41.489775 -26.719805 44.678778 0.000000
23147 -41.559518 -26.376929 43.888884 0.000000
23148 -42.378082 -26.125001 45.238553 0.000000
23149 -43.173703 -25.236433 45.702444 0.000000
23150 -43.922523 -24.185976 46.116111 0.000000
23164 -42.565287 -26.662507 50.348665 0.000000
23165 -41.970635 -27.746615 49.773366 0.000000
23166 -42.278973 -27.335527 49.068397 0.000000
23167 -41.686157 -27.810279 47.769866 0.000000
23168 -40.633588 -28.021280 46.201950 0.000000
23169 -39.706739 -28.035832 44.933553 0.000000
23170 -40.972208 -27.518334 45.717968 0.000000
23171 -41.219980 -27.089057 45.197460 0.000000
23726 -45.867070 -21.211955 31.194877 0.000000
23767 -30.711721 -30.705175 59.684024 0.000000
23768 -29.972077 -31.258143 58.375449 0.000000
23769 -30.778711 -31.284518 58.255823 0.000000
23770 -30.732827 -31.611933 56.751828 0.000000
23771 -30.615365 -31.775641 55.305364 0.000000
24798 -41.765077 -24.514300 40.679997 0.000000
24799 -40.817122 -24.629805 39.285583 0.000000
24800 -41.810960 -24.111398 39.748561 0.000000
24801 -41.912822 -23.798534 38.902051 0.000000
24802 -42.023860 -23.594809 37.885690 0.000000
24803 -42.152334 -23.552973 36.794449 0.000000
24804 -43.060829 -23.372895 38.216258 0.000000
24805 -44.063845 -23.213734 38.490210 0.000000
24806 -45.075119 -23.101868 38.840868 0.000000
24847 -37.849371 -29.690188 55.235049 0.000000
24848 -37.038150 -30.333195 54.740110 0.000000
24849 -37.860384 -30.181311 54.036967 0.000000
24850 -37.867725 -30.566933 52.820622 0.000000
24851 -37.842030 -30.898896 51.564097 0.000000
24852 -38.042083 -30.787029 46.941619 0.000000
24853 -37.925538 -31.249958 47.728774 0.000000
24854 -36.950971 -31.206302 46.262219 0.000000
24855 -35.735056 -31.606476 45.572774 0.000000
24856 -34.496199 -31.886598 44.969167 0.000000
24857 -33.270189 -32.108513 44.612117 0.000000
24858 -33.277531 -31.860223 43.572927 0.000000
24865 -35.774516 -27.954888 39.925717 0.000000
24867 -34.810960 -27.978534 38.732201 0.000000
26544 -50.333378 -19.923212 43.876100 0.000000
26545 -49.679996 -21.308360 42.956535 0.000000
26546 -50.421475 -20.204244 42.936446 0.000000
26547 -50.467358 -20.327934 42.011402 0.000000
26548 -50.405874 -20.316110 40.940251 0.000000
26558 -52.117332 -16.935549 38.503908 0.000000
26559 -51.635554 -17.860497 38.618054 0.000000
26560 -51.604353 -17.734988 37.628175 0.000000
26561 -50.668328 -18.345253 36.565243 0.000000
26562 -49.831412 -18.786354 35.397296 0.000000
26563 -49.079838 -19.083756 34.295097 0.000000
26564 -49.836000 -18.454391 34.419288 0.000000
26565 -49.928685 -18.051489 33.429409 0.000000
26566 -50.017699 -17.765910 32.498887 0.000000
26567 -53.135030 -14.609992 31.198530 0.000000
26568 -52.161380 -15.612246 31.122736 0.000000
26569 -52.139356 -15.410340 30.078067 0.000000
26656 -23.395124 -30.730641 60.560670 0.000000
26657 -22.549030 -31.373648 58.946181 0.000000
26658 -23.337310 -31.230858 58.586391 0.000000
26659 -23.312533 -31.642856 56.665990 0.000000
26660 -23.224437 -31.962086 54.800379 0.000000
26661 -26.096749 -32.264035 51.510220 0.000000
26662 -25.100158 -32.392273 51.340370 0.000000
26663 -25.118511 -32.698770 49.885686 0.000000
26664 -24.217358 -33.407260 48.533278 0.000000
26665 -23.562140 -34.481363 47.606408 0.000000
26666 -23.221684 -35.861054 47.231095 0.000000
26667 -23.920032 -35.394488 46.972667 0.000000
26670 -33.432617 -32.033025 51.888273 0.000000
26671 -32.525040 -32.118517 52.144874 0.000000
26672 -32.471815 -32.624192 51.204307 0.000000
26673 -31.537625 -33.078026 50.377886 0.000000
26674 -30.697038 -33.570058 49.537768 0.000000
29044 -37.904432 -26.918983 39.244490 0.000000
29045 -38.043918 -26.474244 38.599791 0.000000
29046 -38.874411 -26.532451 39.833486 0.000000
29047 -39.815942 -26.143191 40.366779 0.000000
29048 -40.710672 -25.610232 40.963994 0.000000
29049 -41.570530 -25.966750 43.031416 0.000000
29050 -41.601731 -25.516554 42.259785 0.000000
29051 -41.699004 -24.989052 41.557556 0.000000
29052 -42.719455 -24.328765 42.068932 0.000000
29053 -43.758260 -23.598447 42.569350 0.000000
29054 -44.818171 -22.829931 42.987583 0.000000
29086 -40.615234 -28.408722 52.687299 0.000000
29087 -40.043525 -29.397333 52.119306 0.000000
29088 -40.699660 -29.123578 51.470040 0.000000
29089 -40.517043 -29.779318 50.289308 0.000000
29090 -40.069219 -30.242246 49.019086 0.000000
29091 -41.203462 -28.836180 49.129580 0.000000
29092 -40.268354 -29.707468 48.357036 0.000000
29093 -39.124018 -30.315005 47.600016 0.000000
29094 -38.036577 -30.268622 46.125243 0.000000
29095 -36.881228 -30.192225 44.592940 0.000000
29096 -35.704773 -30.108552 43.161086 0.000000
29097 -34.645779 -30.065806 41.925564 0.000000
29098 -35.887389 -29.518295 42.668886 0.000000
29099 -36.162691 -28.975332 42.240608 0.000000
29100 -36.460016 -28.438735 41.711882 0.000000
29101 -38.733089 -28.063117 43.656025 0.000000
29102 -37.837442 -28.064936 42.371192 0.000000
29103 -36.777531 -27.995815 41.130191 0.000000
29104 -37.083116 -27.631111 40.429788 0.000000
29105 -37.534610 -27.278230 39.857229 0.000000
30421 -52.597274 -15.794143 35.143434 0.000000
30422 -53.356189 -14.676384 35.319676 0.000000
30423 -53.681962 -14.407176 34.460381 0.000000
30424 -53.963687 -14.071576 33.438541 0.000000
30427 -54.090326 -13.747799 32.355519 0.000000
30428 -54.252754 -13.572268 31.221359 0.000000
30493 -27.019927 -30.490536 60.043814 0.000000
30494 -26.055454 -30.898896 58.143503 0.000000
30495 -27.039198 -30.928909 58.206512 0.000000
30496 -27.030939 -31.319079 56.454134 0.000000
30497 -26.966702 -31.611024 54.638748 0.000000
30498 -29.005769 -31.561911 56.698864 0.000000
30499 -27.973388 -31.679235 54.864301 0.000000
30500 -27.036445 -31.961176 53.161235 0.000000
30501 -27.080493 -32.192186 51.749471 0.000000
30502 -27.115365 -32.391363 50.479248 0.000000
30503 -27.171343 -32.723326 49.315867 0.000000
32829 -38.143026 -26.092259 37.837292 0.000000
32830 -38.228370 -25.696633 37.095796 0.000000
32832 -39.995806 -24.732577 37.986139 0.000000
32845 -44.314369 -22.628935 34.605575 0.000000
32846 -45.092555 -22.145088 35.042072 0.000000
32932 -34.370478 -30.373213 58.110629 0.000000
32933 -33.498690 -30.843417 57.338998 0.000000
32934 -34.420032 -30.686985 56.784703 0.000000
32935 -34.409020 -30.900715 55.380244 0.000000
32936 -34.276875 -31.171742 53.899992 0.000000
32937 -36.248952 -30.768839 54.105455 0.000000
32938 -35.204641 -31.076246 53.346609 0.000000
32939 -34.260357 -31.468234 52.598721 0.000000
32940 -34.236498 -31.956629 51.541268 0.000000
32941 -34.202544 -32.488678 50.737676 0.000000
32942 -33.995150 -32.805180 49.636390 0.000000
32943 -39.346094 -30.215871 51.517525 0.000000
32944 -38.574332 -30.793395 50.949532 0.000000
32945 -37.686944 -31.209031 50.483814 0.000000
32946 -37.708050 -31.480058 48.586242 0.000000
32947 -37.316204 -31.554636 49.388007 0.000000
32948 -36.755507 -31.652860 50.020836 0.000000
32949 -35.756162 -32.192186 49.523157 0.000000
32950 -34.618249 -32.624192 49.007215 0.000000
32971 -33.660200 -30.020332 40.776793 0.000000
34525 -43.913346 -24.625258 49.497588 0.000000
34526 -44.275827 -24.041367 49.029131 0.000000
34615 -24.131096 -30.073991 62.056446 0.000000
34626 -26.774909 -30.005780 61.313124 0.000000
34627 -27.772418 -30.034884 61.377046 0.000000
34628 -28.654301 -30.106733 61.156058 0.000000
34633 -31.318302 -30.118556 60.338769 0.000000
34634 -32.247903 -30.129470 60.039248 0.000000
34635 -33.214211 -30.100367 59.621016 0.000000
34662 -34.182355 -30.003052 59.118771 0.000000
34663 -35.110121 -29.842982 58.467679 0.000000
34664 -36.038805 -29.656537 57.864072 0.000000
34665 -36.922523 -29.418252 57.130795 0.000000
34667 -37.574988 -28.687934 57.475061 0.000000
34668 -37.726403 -29.178147 56.396604 0.000000
34669 -38.535790 -28.908030 55.663327 0.000000
34670 -39.207526 -28.641550 54.911786 0.000000
34671 -39.810436 -28.197721 54.249736 0.000000
34680 -40.515208 -27.828469 53.647043 0.000000
34681 -41.110777 -27.320976 53.074484 0.000000
34682 -41.675145 -26.870780 52.493706 0.000000
34688 -43.555454 -25.117290 50.114893 0.000000
36420 -44.494233 -23.582077 48.361602 0.000000
36421 -44.708050 -23.200092 47.563489 0.000000
36422 -44.936550 -22.791733 46.807383 0.000000
36423 -46.299293 -20.319748 48.736002 0.000000
36424 -45.933142 -21.481163 47.473085 0.000000
36425 -45.242135 -22.586189 46.145333 0.000000
36426 -45.583509 -22.446128 45.413882 0.000000
36427 -45.866152 -22.323347 44.512581 0.000000
36428 -46.126771 -22.309705 43.541879 0.000000
36435 -48.279629 -21.151928 45.387400 0.000000
36436 -47.396828 -21.881337 44.024947 0.000000
36437 -46.288281 -22.417934 42.504515 0.000000
36438 -46.342424 -22.590736 41.500939 0.000000
36439 -46.344259 -22.695327 40.518365 0.000000
36440 -46.177243 -22.920880 39.346766 0.000000
36441 -48.572366 -22.077786 41.504592 0.000000
36442 -47.316991 -22.588008 39.950372 0.000000
36443 -46.102911 -22.999096 38.397066 0.000000
36444 -46.072628 -22.738983 37.430930 0.000000
36445 -46.000132 -22.198748 36.540587 0.000000
36446 -45.991873 -21.695801 35.565319 0.000000
36466 -51.068433 -19.238369 40.760356 0.000000
36467 -50.259047 -20.074187 39.823441 0.000000
36468 -50.859204 -18.824552 38.681063 0.000000
36469 -50.118643 -19.720397 38.733114 0.000000
36470 -49.170688 -20.638069 38.739506 0.000000
36471 -47.983221 -21.011868 37.331394 0.000000
36472 -46.971029 -21.152838 35.947025 0.000000
36473 -46.077216 -21.276528 34.474078 0.000000
36474 -46.220373 -20.940018 33.475981 0.000000
36475 -46.363530 -20.750845 32.495234 0.000000
36476 -46.656267 -20.616241 31.554667 0.000000
36477 -48.238333 -19.453008 33.042224 0.000000
36478 -47.532644 -19.900475 31.861493 0.000000
36479 -46.990300 -20.541663 30.636016 0.000000
36483 -51.700709 -16.431693 33.974573 0.000000
36484 -50.812403 -17.018312 32.793842 0.000000
36485 -50.059912 -17.610388 31.576583 0.000000
36486 -51.130835 -16.547198 30.865222 0.000000
36487 -50.146173 -17.441223 30.619578 0.000000
36488 -49.495544 -18.135162 30.366630 0.000000
36667 -21.646041 -31.950262 57.440360 0.000000
36673 -25.078134 -31.329992 56.301635 0.000000
36674 -24.118249 -31.801106 54.628703 0.000000
36675 -23.204248 -32.273130 53.126535 0.000000
36676 -24.144862 -32.508687 51.345849 0.000000
36677 -23.199660 -32.633287 51.502914 0.000000
36678 -22.385685 -32.867025 51.809740 0.000000
36679 -21.687337 -33.787425 50.665535 0.000000
36691 -32.459885 -31.260871 56.322637 0.000000
36692 -31.478894 -31.580101 55.207654 0.000000
36693 -30.697956 -31.935710 53.932866 0.000000
36694 -31.658758 -32.107603 52.397823 0.000000
36695 -30.801652 -32.122155 52.525667 0.000000
36696 -29.820661 -32.244936 52.502838 0.000000
36697 -29.004851 -32.342251 51.085595 0.000000
36698 -28.100944 -32.606002 49.610822 0.000000
36699 -27.225486 -33.329044 48.271198 0.000000
36701 -30.604353 -34.069366 48.833712 0.000000
36702 -29.788543 -34.083918 48.649251 0.000000
36705 -29.016781 -34.025710 48.322335 0.000000
36706 -28.213818 -34.009340 47.922366 0.000000
36707 -27.413608 -34.072094 47.510525 0.000000
36708 -26.483089 -34.318565 47.195481 0.000000
41020 -43.064500 -25.596589 47.704118 0.000000
41021 -43.141584 -25.395593 47.343415 0.000000
41022 -43.440745 -25.077272 47.927845 0.000000
41030 -43.247117 -25.541111 48.658383 0.000000
41031 -42.889225 -26.130458 48.299506 0.000000
41032 -42.936944 -25.894901 47.954327 0.000000
41033 -42.713949 -26.169566 47.403684 0.000000
41338 -44.782382 -21.950458 33.901519 0.000000
41339 -44.497903 -22.001389 33.270517 0.000000
41340 -44.862219 -21.772198 33.391969 0.000000
41341 -44.948480 -21.649418 32.891551 0.000000
41342 -45.226535 -21.571202 33.546295 0.000000
41365 -32.987547 -30.591489 58.881346 0.000000
41366 -32.493839 -30.857969 58.387320 0.000000
41367 -32.988464 -30.805219 58.250344 0.000000
41935 -36.661904 -26.775284 37.596214 0.000000
41936 -36.770190 -26.579744 37.256514 0.000000
41937 -37.151941 -26.597024 37.791633 0.000000
41938 -44.397877 -23.107325 41.813244 0.000000
41939 -43.898664 -23.269213 41.105535 0.000000
41940 -44.449267 -23.067307 41.308259 0.000000
41941 -44.492397 -23.023652 40.809667 0.000000
41942 -45.054930 -22.823565 41.503678 0.000000
41965 -39.585606 -28.968965 53.565770 0.000000
41966 -39.300211 -29.400971 53.323780 0.000000
41967 -39.636078 -29.257273 52.984080 0.000000
41968 -35.148664 -30.670615 43.185742 0.000000
41969 -35.169770 -30.921633 43.556490 0.000000
41975 -36.846356 -27.021755 38.403459 0.000000
41976 -36.181962 -27.199105 38.120375 0.000000
41977 -36.428816 -26.986285 37.845510 0.000000
41978 -36.031464 -26.986285 37.302173 0.000000
42916 -52.385292 -16.350749 36.479405 0.000000
42917 -52.058601 -16.876432 36.297683 0.000000
42918 -52.030153 -16.715453 35.858448 0.000000
42919 -51.629131 -17.000122 35.276757 0.000000
42920 -52.019141 -16.539922 35.442041 0.000000
42970 -25.602124 -30.484170 60.031030 0.000000
42971 -25.118511 -30.752468 59.093202 0.000000
42972 -25.569088 -30.706994 59.045717 0.000000
42973 -26.259177 -33.188983 48.420958 0.000000
42974 -25.792082 -33.290845 48.269371 0.000000
42975 -25.832460 -33.656459 47.801827 0.000000
42976 -25.468144 -34.236711 47.294104 0.000000
42977 -25.912297 -34.062999 47.420121 0.000000
42978 -33.082984 -33.038918 49.535028 0.000000
42979 -32.710410 -33.124409 49.700312 0.000000
42980 -32.581936 -33.295393 49.210852 0.000000
44335 -40.141716 -26.859866 42.596746 0.000000
44336 -40.137127 -26.706163 42.150204 0.000000
44337 -40.584033 -26.681607 42.892613 0.000000
44338 -43.738071 -24.414257 45.231247 0.000000
44339 -43.383850 -24.718025 44.572850 0.000000
44340 -43.813320 -24.180519 44.869631 0.000000
44341 -43.882146 -23.949509 44.466922 0.000000
44342 -44.263897 -23.654835 45.067790 0.000000
44365 -41.936681 -27.303695 51.240834 0.000000
44366 -41.693498 -27.921237 50.985146 0.000000
44367 -41.897222 -27.661124 50.657317 0.000000
44368 -39.957264 -28.545145 46.207429 0.000000
44369 -39.908627 -28.841637 46.598266 0.000000
44370 -39.311223 -28.830723 45.867728 0.000000
44371 -38.712901 -29.093565 45.516157 0.000000
44372 -38.690876 -28.808896 45.097011 0.000000
44373 -38.226535 -28.800710 44.476054 0.000000
44374 -38.901941 -28.554239 44.863239 0.000000
44375 -40.441794 -27.016298 43.539139 0.000000
44376 -39.845308 -27.258221 43.099903 0.000000
44377 -40.000394 -27.057225 42.837823 0.000000
44378 -39.546147 -27.092695 42.120983 0.000000
45370 -29.414133 -30.674253 59.991764 0.000000
45371 -29.029628 -30.912538 59.221046 0.000000
45372 -29.506818 -30.970745 59.280402 0.000000
45373 -29.812402 -31.995737 54.580305 0.000000
45374 -29.339801 -31.963904 54.357491 0.000000
45375 -29.369167 -32.084866 53.689962 0.000000
45376 -28.920425 -32.123065 52.953945 0.000000
45377 -29.349896 -32.164901 53.016041 0.000000
47088 -40.278449 -25.368308 39.894669 0.000000
47089 -39.837966 -25.392864 39.216182 0.000000
47090 -40.302308 -25.138208 39.470044 0.000000
47091 -41.144731 -23.868565 37.059269 0.000000
47092 -40.673965 -24.047734 36.826410 0.000000
47098 -44.505245 -23.267394 37.554208 0.000000
47099 -44.037232 -23.344701 36.873895 0.000000
47100 -44.510751 -23.276489 37.145107 0.000000
47101 -44.534610 -23.260118 36.640123 0.000000
47102 -44.980599 -23.231924 37.308565 0.000000
47170 -36.668328 -29.926655 56.344554 0.000000
47171 -36.263635 -30.258617 56.026770 0.000000
47172 -36.653645 -30.181311 55.712638 0.000000
47173 -36.950971 -31.101711 51.559531 0.000000
47174 -36.566466 -31.178108 51.901057 0.000000
47175 -36.538019 -31.327264 51.312975 0.000000
47176 -36.049817 -31.575554 51.132166 0.000000
47177 -36.501312 -31.537355 50.823514 0.000000
47178 -39.392895 -30.729731 49.068397 0.000000
47179 -39.227714 -30.832503 49.457409 0.000000
47180 -38.890929 -30.999849 48.761571 0.000000
47181 -35.039461 -32.050306 46.226605 0.000000
47182 -35.559780 -32.042120 46.990017 0.000000
47183 -34.894468 -32.235841 46.662188 0.000000
47184 -34.806372 -32.345889 47.122427 0.000000
47185 -34.264946 -32.378630 46.381844 0.000000
47200 -35.279891 -28.646098 40.771314 0.000000
47202 -34.771500 -28.642460 40.156749 0.000000
49989 -47.637258 -20.443438 46.761724 0.000000
49994 -49.995675 -20.303378 44.401174 0.000000
49995 -49.891978 -20.134213 44.854107 0.000000
49996 -49.639618 -20.880902 44.308943 0.000000
49997 -49.163347 -21.333826 44.117177 0.000000
49998 -49.250525 -21.504809 43.630456 0.000000
49999 -48.680651 -21.923173 42.915443 0.000000
50000 -49.220242 -21.630318 43.171131 0.000000
50001 -49.393682 -21.204679 40.313815 0.000000
50002 -48.860515 -21.620314 40.165881 0.000000
50003 -48.822890 -21.488439 39.707469 0.000000
50004 -48.210803 -21.682159 38.994281 0.000000
50005 -48.710017 -21.319274 39.127604 0.000000
50019 -51.765864 -16.614500 39.512050 0.000000
50021 -51.830101 -17.052873 39.748561 0.000000
50022 -51.745675 -17.527625 39.939414 0.000000
50023 -51.818171 -17.472146 39.476436 0.000000
50024 -49.427636 -19.292029 35.965289 0.000000
50025 -49.466178 -19.479383 36.535108 0.000000
50026 -48.992660 -19.625810 35.920543 0.000000
50027 -48.483352 -19.936854 35.854795 0.000000
50028 -48.511800 -19.745862 35.296847 0.000000
50029 -48.036446 -19.849544 34.684108 0.000000
50030 -48.541165 -19.553961 34.737985 0.000000
50031 -49.343210 -18.315240 31.816747 0.000000
50032 -48.993577 -18.688129 31.726343 0.000000
50033 -49.094521 -18.567168 31.245101 0.000000
50035 -49.152334 -18.505323 30.749249 0.000000
50036 -53.090064 -14.996524 32.792015 0.000000
50037 -52.590851 -15.500379 32.719875 0.000000
50038 -52.640405 -15.369413 32.233154 0.000000
50187 -22.131490 -31.229039 60.133305 0.000000
50188 -22.380179 -32.338613 54.293569 0.000000
50189 -21.980074 -32.484131 54.521862 0.000000
50190 -22.003933 -32.676032 53.647043 0.000000
50191 -21.637782 -33.030732 53.068092 0.000000
50192 -21.992004 -32.854292 52.783182 0.000000
50193 -26.033430 -31.863861 53.716444 0.000000
50194 -25.555323 -31.925706 53.680830 0.000000
50195 -25.596618 -32.069405 52.918331 0.000000
50201 -22.361825 -35.807395 47.946109 0.000000
50208 -33.401416 -31.415484 53.659827 0.000000
50209 -32.918721 -31.455502 53.876249 0.000000
50210 -32.929733 -31.631032 53.202328 0.000000
50211 -30.351993 -33.224453 49.913082 0.000000
50212 -30.398795 -32.940693 50.322183 0.000000
50213 -29.935370 -33.158060 49.798935 0.000000
50214 -29.516912 -33.072569 49.608995 0.000000
50215 -29.491217 -33.379975 49.236421 0.000000
53935 -41.905481 -26.636132 45.330783 0.000000
53936 -41.969718 -26.462420 44.984691 0.000000
53937 -42.346881 -26.315084 45.626651 0.000000
53938 -43.306765 -25.080001 46.595527 0.000000
53939 -43.054406 -25.417420 46.064974 0.000000
53940 -43.437992 -24.874457 46.259479 0.000000
53941 -43.529760 -24.786237 45.891471 0.000000
53942 -43.837180 -24.336041 46.482293 0.000000
53965 -42.798375 -26.475153 49.998007 0.000000
53966 -42.448742 -27.046311 49.709444 0.000000
53967 -42.550604 -26.838038 49.297603 0.000000
53968 -42.234007 -27.115432 47.709597 0.000000
53969 -42.126640 -27.361903 48.058429 0.000000
53970 -41.743970 -27.557442 47.371723 0.000000
53971 -41.196120 -27.972168 46.963535 0.000000
53972 -41.271369 -27.696594 46.640272 0.000000
53973 -40.854746 -27.775719 46.024794 0.000000
53974 -41.412691 -27.443756 46.383671 0.000000
53975 -42.211983 -26.649775 46.298746 0.000000
53976 -41.709099 -26.965366 45.896037 0.000000
53977 -41.812796 -26.809844 45.633956 0.000000
53978 -41.363137 -26.896245 44.951817 0.000000
54891 -43.976666 -22.234217 31.871538 0.000000
54898 -45.205428 -21.489348 31.910804 0.000000
54902 -45.690877 -21.241058 31.568364 0.000000
54970 -31.081542 -30.777934 59.483127 0.000000
54971 -30.746592 -31.069879 58.995493 0.000000
54972 -31.152203 -30.995301 58.831122 0.000000
54973 -31.563320 -31.345454 57.358175 0.000000
54974 -31.173309 -31.415484 57.493324 0.000000
54975 -31.139356 -31.540084 56.737218 0.000000
54976 -30.671343 -31.686511 56.023117 0.000000
54977 -31.078789 -31.631942 55.990243 0.000000
56683 -36.927111 -26.211402 36.482144 0.000000
56688 -42.261537 -24.242364 40.912856 0.000000
56689 -41.799948 -24.314213 40.232543 0.000000
56690 -42.288150 -24.020449 40.459009 0.000000
56691 -42.906661 -23.543878 39.745822 0.000000
56692 -42.423048 -23.727594 39.615238 0.000000
56693 -42.452413 -23.585714 39.124865 0.000000
56694 -41.984400 -23.677573 38.443638 0.000000
56695 -42.515732 -23.512956 38.611662 0.000000
56696 -42.518485 -23.491128 37.983399 0.000000
56697 -42.985580 -23.381989 38.690195 0.000000
56698 -44.600683 -23.026380 39.820702 0.000000
56699 -44.065680 -23.165532 39.069161 0.000000
56700 -44.567646 -23.094592 39.203397 0.000000
56701 -44.556634 -23.153708 38.636318 0.000000
56702 -45.098061 -23.017285 39.375987 0.000000
56770 -38.195334 -29.572864 54.899915 0.000000
56771 -37.846618 -29.933021 54.654272 0.000000
56772 -38.203593 -29.847529 54.294482 0.000000
56773 -38.636734 -30.174944 52.793227 0.000000
56774 -38.263241 -30.297725 53.123795 0.000000
56775 -38.254065 -30.465071 52.450787 0.000000
56776 -37.855795 -30.758835 52.175009 0.000000
56777 -38.273336 -30.665158 51.861791 0.000000
56778 -37.474961 -30.776115 46.133462 0.000000
56779 -37.488726 -31.002577 46.590961 0.000000
56780 -36.915182 -30.988025 45.785543 0.000000
56781 -35.166099 -31.405480 44.316249 0.000000
56782 -35.759833 -31.401842 45.081487 0.000000
56783 -35.189959 -31.601929 44.780140 0.000000
56784 -35.135816 -31.770184 45.261382 0.000000
56785 -34.550342 -31.767455 44.501623 0.000000
56786 -33.883194 -31.863861 44.258719 0.000000
56787 -33.917148 -31.756542 43.740037 0.000000
56800 -35.960803 -27.776628 39.620717 0.000000
56801 -35.281726 -27.964892 39.325763 0.000000
56802 -35.492790 -27.763896 39.028982 0.000000
59598 -50.602256 -19.419357 43.782956 0.000000
59599 -50.427898 -20.092377 43.454214 0.000000
59601 -51.043656 -19.192894 42.227824 0.000000
59602 -50.763766 -19.804979 42.381237 0.000000
59603 -50.778449 -19.826807 41.890863 0.000000
59604 -50.415051 -20.371589 41.467151 0.000000
59605 -50.802308 -19.826807 41.382226 0.000000
59617 -52.448611 -16.250706 37.737756 0.000000
59618 -52.343997 -15.775954 38.030884 0.000000
59619 -52.320137 -16.338016 38.081109 0.000000
59621 -52.221946 -16.854605 38.099372 0.000000
59622 -51.958575 -17.336632 38.110330 0.000000
59623 -52.014553 -17.259326 37.666529 0.000000
59624 -51.149188 -17.786828 36.103178 0.000000
59625 -51.111564 -17.936894 36.583506 0.000000
59626 -50.660069 -18.205192 36.028298 0.000000
59627 -50.224175 -18.606276 35.977160 0.000000
59628 -50.227846 -18.433473 35.438388 0.000000
59629 -49.828659 -18.627194 34.886832 0.000000
59630 -50.241611 -18.267947 34.949841 0.000000
59631 -50.683929 -17.493974 34.075935 0.000000
59632 -50.281071 -17.871411 34.004708 0.000000
59633 -50.320531 -17.680418 33.525292 0.000000
59634 -49.970898 -17.885053 32.962778 0.000000
59635 -50.360908 -17.534901 33.060488 0.000000
59636 -53.134112 -14.507220 30.679848 0.000000
59637 -52.615628 -15.020170 30.637842 0.000000
59785 -23.810829 -30.716998 60.404517 0.000000
59786 -23.363923 -31.075336 59.506869 0.000000
59787 -23.777793 -30.898896 59.388157 0.000000
59788 -24.218275 -31.250867 57.369133 0.000000
59789 -23.782381 -31.367281 57.499716 0.000000
59790 -23.749345 -31.520985 56.547278 0.000000
59791 -23.277662 -31.792012 55.701680 0.000000
59792 -23.659413 -31.726529 55.544615 0.000000
59793 -26.100420 -32.384087 50.812556 0.000000
59794 -25.596618 -32.442294 50.671014 0.000000
59795 -25.628737 -32.575989 50.015357 0.000000
59796 -24.805585 -33.604618 48.004552 0.000000
59797 -24.725748 -33.276294 48.577111 0.000000
59798 -24.343079 -33.732856 48.028294 0.000000
59799 -23.847536 -33.901111 47.993593 0.000000
59800 -24.012717 -34.292190 47.569882 0.000000
59801 -23.724568 -34.940654 47.230181 0.000000
59802 -24.131096 -34.728744 47.169912 0.000000
59803 -24.925800 -35.506355 46.782727 0.000000
59804 -24.555061 -35.764649 46.797338 0.000000
59808 -33.409676 -32.281315 51.443558 0.000000
59809 -32.959099 -32.345889 51.561357 0.000000
59810 -32.906791 -32.576898 51.106598 0.000000
59811 -31.937730 -33.280841 49.939564 0.000000
59812 -31.959754 -33.082573 50.346838 0.000000
59813 -31.534872 -33.328134 49.994354 0.000000
59814 -31.118249 -33.318130 49.973351 0.000000
59815 -31.103566 -33.551868 49.606256 0.000000
63880 -38.346750 -26.939901 39.897408 0.000000
63881 -38.383456 -26.708891 39.500178 0.000000
63882 -38.842292 -26.747090 40.143965 0.000000
63883 -40.211459 -26.314174 41.393185 0.000000
63884 -39.775564 -26.323269 40.741180 0.000000
63885 -40.238989 -26.117725 41.017871 0.000000
63886 -40.265601 -25.862159 40.690955 0.000000
63887 -40.687730 -25.856702 41.348439 0.000000
63888 -42.002754 -26.082255 44.134528 0.000000
63889 -41.535659 -26.173204 43.425906 0.000000
63890 -42.033037 -25.903086 43.721774 0.000000
63891 -42.577216 -25.094553 43.259709 0.000000
63892 -42.118380 -25.442886 42.959275 0.000000
63893 -42.126640 -25.173678 42.591266 0.000000
63894 -41.664133 -25.251894 41.920085 0.000000
63895 -42.160593 -24.918112 42.252480 0.000000
63896 -42.184453 -24.655271 41.846118 0.000000
63897 -42.677243 -24.557956 42.561132 0.000000
63898 -44.071186 -23.542059 43.708989 0.000000
63899 -43.660987 -23.774888 43.015892 0.000000
63900 -44.174883 -23.369257 43.253316 0.000000
63901 -44.278580 -23.211916 42.798557 0.000000
63902 -44.703462 -22.940889 43.461520 0.000000
63970 -40.930913 -28.243195 52.333901 0.000000
63971 -40.684060 -28.777064 52.085518 0.000000
63972 -40.945596 -28.605171 51.707465 0.000000
63973 -41.096094 -29.075375 50.323096 0.000000
63974 -40.893289 -29.291833 50.615311 0.000000
63975 -40.752885 -29.604696 50.016270 0.000000
63976 -40.350945 -30.068535 49.682962 0.000000
63977 -40.538150 -29.826611 49.396226 0.000000
63978 -41.759571 -28.074031 49.145104 0.000000
63979 -41.637520 -28.326868 49.486630 0.000000
63980 -41.408103 -28.616994 48.850149 0.000000
63981 -39.750787 -29.466454 47.203699 0.000000
63982 -40.289461 -29.444627 47.961632 0.000000
63983 -39.774647 -29.735662 47.648414 0.000000
63984 -39.728763 -30.033974 47.997246 0.000000
63985 -39.186419 -30.048526 47.263969 0.000000
63986 -38.599109 -30.292268 46.888655 0.000000
63987 -38.583509 -30.007599 46.507862 0.000000
63988 -37.476797 -29.661994 44.672386 0.000000
63989 -37.438255 -29.964853 44.998389 0.000000
63990 -36.878475 -29.917560 44.259632 0.000000
63991 -36.285659 -30.155845 43.841399 0.000000
63992 -36.293000 -29.848439 43.509005 0.000000
63993 -35.782775 -29.795689 42.913616 0.000000
63994 -36.404038 -29.557403 43.306280 0.000000
63995 -37.285003 -28.756145 43.222269 0.000000
63996 -36.689434 -28.988065 42.879829 0.000000
63997 -36.806896 -28.712490 42.587614 0.000000
63998 -36.261799 -28.686115 41.930130 0.000000
63999 -36.950971 -28.457834 42.310009 0.000000
64000 -39.870085 -27.823922 44.666907 0.000000
64001 -39.240562 -28.038561 44.322641 0.000000
64002 -39.405743 -27.851206 44.013989 0.000000
64003 -38.610121 -27.663852 42.352929 0.000000
64004 -38.433928 -27.864849 42.674365 0.000000
64005 -37.952151 -27.853025 42.009576 0.000000
64006 -37.315287 -28.021280 41.745669 0.000000
64007 -37.458443 -27.837564 41.387705 0.000000
64008 -36.958312 -27.831198 40.810581 0.000000
64009 -37.612612 -27.648391 41.049832 0.000000
64010 -38.615627 -27.141807 40.809667 0.000000
64011 -38.005376 -27.297329 40.471794 0.000000
64012 -38.171474 -27.137259 40.175013 0.000000
64013 -37.707132 -27.121798 39.562274 0.000000
66832 -53.791165 -13.940610 34.913314 0.000000
66833 -54.001312 -13.849661 34.446683 0.000000
66834 -53.817778 -14.241650 33.976400 0.000000
66835 -54.157316 -13.655940 33.944439 0.000000
66842 -54.421606 -13.336711 32.851371 0.000000
66843 -54.550080 -13.230301 32.288857 0.000000
66844 -54.166493 -13.641389 31.783873 0.000000
66845 -54.658365 -13.122981 31.774741 0.000000
66985 -27.523729 -30.547834 60.039248 0.000000
66986 -27.051128 -30.736098 59.136121 0.000000
66987 -27.520976 -30.781572 59.126076 0.000000
66988 -28.036707 -31.249048 57.398354 0.000000
66989 -27.534741 -31.197207 57.412965 0.000000
66990 -27.492528 -31.344544 56.446829 0.000000
66991 -26.991479 -31.466415 55.537309 0.000000
66992 -27.472339 -31.472782 55.550094 0.000000
66993 -29.968406 -31.485515 57.530764 0.000000
66994 -29.487546 -31.457320 57.540809 0.000000
66995 -29.425145 -31.655589 56.660511 0.000000
66996 -28.461589 -31.849309 54.232386 0.000000
66997 -28.458836 -31.723800 54.976622 0.000000
66998 -27.946776 -31.818387 54.065276 0.000000
66999 -27.497116 -31.819296 54.025096 0.000000
67000 -27.522811 -31.963904 53.279034 0.000000
67001 -27.088753 -32.073043 52.461745 0.000000
67002 -27.554930 -32.073952 52.522928 0.000000
67003 -27.982565 -32.218561 51.354067 0.000000
67004 -27.598060 -32.235841 51.289232 0.000000
67005 -27.566859 -32.344070 50.571479 0.000000
67006 -27.139224 -32.555071 49.876555 0.000000
67007 -27.585213 -32.495954 50.034533 0.000000
72138 -38.459623 -26.297803 38.766901 0.000000
72139 -38.056765 -26.267790 38.165121 0.000000
72140 -38.534872 -26.117725 38.442725 0.000000
72141 -39.021238 -25.466533 37.914911 0.000000
72142 -38.581674 -25.682081 37.682053 0.000000
72143 -38.644075 -25.497455 37.308565 0.000000
72146 -40.867594 -24.437903 38.880134 0.000000
72147 -40.372969 -24.688922 38.645449 0.000000
72148 -40.447300 -24.494292 38.205300 0.000000
72149 -39.746199 -24.465188 36.433746 0.000000
72168 -42.633194 -23.456567 36.897638 0.000000
72170 -42.664395 -23.481124 36.364345 0.000000
72171 -43.196645 -23.446563 35.579930 0.000000
72177 -43.374673 -23.269213 34.593704 0.000000
72178 -44.624542 -22.934522 35.704121 0.000000
72179 -44.276744 -22.893595 35.100515 0.000000
72180 -44.659414 -22.665314 35.261233 0.000000
72181 -44.694285 -22.390649 34.864916 0.000000
72182 -45.064107 -22.418843 35.493179 0.000000
72385 -34.792607 -30.300454 57.721617 0.000000
72386 -34.389749 -30.549653 57.455884 0.000000
72387 -34.850420 -30.444152 57.129882 0.000000
72388 -35.322103 -30.696080 55.398507 0.000000
72389 -34.877950 -30.717908 55.763776 0.000000
72390 -34.842161 -30.867064 55.067026 0.000000
72391 -34.381490 -31.037138 54.635095 0.000000
72392 -34.809125 -30.986206 54.312745 0.000000
72393 -37.038150 -30.529644 54.096324 0.000000
72394 -36.665575 -30.579666 54.426892 0.000000
72395 -36.599503 -30.727003 53.777626 0.000000
72396 -35.622182 -31.192660 52.432524 0.000000
72397 -35.673572 -31.057146 53.068092 0.000000
72398 -35.176194 -31.239044 52.670862 0.000000
72399 -34.721946 -31.268147 52.942987 0.000000
72400 -34.714605 -31.465506 52.343946 0.000000
72401 -34.259440 -31.717434 52.019770 0.000000
72402 -34.683404 -31.665593 51.838962 0.000000
72403 -35.079838 -32.083047 50.687452 0.000000
72404 -34.688910 -32.176724 51.004322 0.000000
72405 -34.564107 -32.387725 50.449114 0.000000
72406 -34.102518 -32.637834 50.177901 0.000000
72407 -34.488858 -32.566894 49.894818 0.000000
72408 -40.045360 -29.733843 51.491956 0.000000
72409 -39.710410 -29.863900 51.773213 0.000000
72410 -39.714998 -30.148569 51.208873 0.000000
72411 -38.741348 -30.910719 50.114893 0.000000
72412 -38.857893 -30.711542 50.660056 0.000000
72413 -38.419246 -30.968017 50.385192 0.000000
72414 -38.143944 -30.996211 50.712107 0.000000
72415 -38.037494 -31.191750 50.146854 0.000000
72416 -37.418066 -31.414575 47.451169 0.000000
72417 -37.904432 -31.375467 48.192665 0.000000
72418 -37.265732 -31.558273 47.844746 0.000000
72419 -36.470111 -31.898421 48.477575 0.000000
72420 -37.017961 -31.699244 48.767050 0.000000
72421 -36.811485 -31.748356 49.169759 0.000000
72422 -37.011537 -31.601929 49.730447 0.000000
72423 -36.537101 -31.854766 49.402618 0.000000
72424 -36.259964 -31.929344 49.781585 0.000000
72425 -36.016781 -32.088504 49.181631 0.000000
72426 -34.518223 -32.640562 48.001812 0.000000
72427 -34.902727 -32.540519 48.637380 0.000000
72428 -34.303488 -32.756067 48.382605 0.000000
72429 -34.128213 -32.852473 48.746961 0.000000
72430 -33.740955 -32.970706 48.137875 0.000000
72475 -34.777924 -29.743848 41.756627 0.000000
72476 -34.152072 -30.031246 41.382226 0.000000
72477 -34.229156 -29.734753 41.133844 0.000000
76383 -23.653907 -30.170397 62.124021 0.000000
76414 -27.595307 -29.745667 61.809889 0.000000
76428 -30.891584 -30.161302 60.486703 0.000000
76502 -34.577872 -29.674727 59.283142 0.000000
76503 -34.675145 -29.919379 58.807379 0.000000
76504 -35.028449 -29.594692 58.986361 0.000000
76508 -36.450840 -29.550127 57.463190 0.000000
76509 -36.820661 -29.191790 57.656782 0.000000
76513 -38.246723 -28.083125 57.323474 0.000000
76514 -37.819088 -28.273208 57.671393 0.000000
76515 -37.978763 -28.527864 57.133534 0.000000
76516 -37.654825 -28.950776 56.934463 0.000000
76517 -38.078789 -28.776154 56.569194 0.000000
76518 -38.160462 -29.049000 55.986590 0.000000
76519 -38.479812 -28.635184 56.204838 0.000000
76520 -39.436026 -27.752982 55.740947 0.000000
76521 -39.113005 -28.272299 55.504435 0.000000
76522 -39.465391 -28.084035 55.165648 0.000000
76523 -39.483745 -28.404174 54.580305 0.000000
76524 -39.748034 -27.873944 54.814990 0.000000
76546 -40.427111 -27.407377 54.213210 0.000000
76547 -40.726272 -27.211837 53.917342 0.000000
76548 -40.809781 -27.532886 53.396834 0.000000
76549 -41.063976 -26.969004 53.608690 0.000000
76551 -41.673310 -26.526084 52.993211 0.000000
76552 -41.965129 -26.228682 52.784095 0.000000
76553 -41.964212 -26.594296 52.275458 0.000000
76568 -43.757342 -24.891737 49.835462 0.000000
80823 -44.640142 -23.352886 49.406271 0.000000
80824 -44.389618 -23.817634 48.735089 0.000000
80825 -44.742922 -23.064579 49.065658 0.000000
80826 -45.365103 -21.876789 48.621856 0.000000
80827 -45.013635 -22.658948 48.292201 0.000000
80828 -45.142109 -22.457042 47.931498 0.000000
80829 -44.807159 -22.978177 47.185436 0.000000
80830 -45.303619 -22.241493 47.556184 0.000000
80834 -46.623231 -20.802686 47.358026 0.000000
80835 -46.388307 -20.844522 47.737905 0.000000
80836 -46.153383 -21.449331 47.103251 0.000000
80837 -45.613792 -22.055049 46.819254 0.000000
80838 -45.811092 -21.956824 46.456725 0.000000
80839 -45.419246 -22.468865 45.813851 0.000000
80840 -45.977190 -21.959553 46.056755 0.000000
80841 -47.021501 -21.634866 45.495154 0.000000
80842 -46.345177 -22.024126 45.212071 0.000000
80843 -46.503016 -21.969557 44.761877 0.000000
80844 -45.976273 -22.280601 43.989333 0.000000
80845 -46.637914 -22.023217 44.306204 0.000000
80857 -49.547851 -19.702207 45.733492 0.000000
80862 -48.547589 -20.493460 46.013836 0.000000
80863 -48.762324 -20.703552 45.573687 0.000000
80864 -48.098847 -21.817673 43.726340 0.000000
80865 -47.987809 -21.704896 44.218539 0.000000
80866 -47.514290 -21.995932 43.536400 0.000000
80867 -46.866414 -22.157821 43.267014 0.000000
80868 -46.938910 -22.248769 42.745593 0.000000
80869 -46.299293 -22.519796 41.969396 0.000000
80870 -46.955428 -22.364274 42.260698 0.000000
80871 -47.509702 -22.404291 41.491807 0.000000
80872 -46.950840 -22.520706 41.258948 0.000000
80873 -46.901286 -22.608926 40.724742 0.000000
80874 -46.300211 -22.806285 39.910193 0.000000
80875 -46.823284 -22.701694 40.178665 0.000000
80876 -49.619429 -21.333826 42.370279 0.000000
80877 -49.156005 -21.754009 42.249740 0.000000
80878 -49.073415 -21.763103 41.686313 0.000000
80879 -47.790510 -22.303338 39.705642 0.000000
80880 -47.890536 -22.351541 40.263590 0.000000
80881 -47.231647 -22.578003 39.440822 0.000000
80882 -46.722340 -22.826293 39.184221 0.000000
80883 -46.656267 -22.795371 38.665539 0.000000
80884 -46.095570 -22.925427 37.905780 0.000000
80885 -46.617725 -22.658038 38.216258 0.000000
80886 -46.984794 -21.898617 37.509463 0.000000
80887 -46.528711 -22.196929 37.278430 0.000000
80888 -46.497510 -21.929539 36.797189 0.000000
80889 -46.008391 -21.924992 36.083088 0.000000
80890 -46.451627 -21.679431 36.312294 0.000000
80939 -51.315287 -18.557163 40.162228 0.000000
80940 -51.285004 -18.662664 40.606030 0.000000
80941 -50.990431 -19.151968 40.231629 0.000000
80942 -50.736236 -19.710392 40.311989 0.000000
80943 -50.597667 -19.555780 39.762259 0.000000
80944 -51.236367 -18.227020 38.153249 0.000000
80945 -51.256556 -18.340706 38.641797 0.000000
80946 -50.816991 -18.674487 38.182471 0.000000
80947 -49.509309 -19.823169 37.598954 0.000000
80948 -50.017699 -19.603982 38.179731 0.000000
80949 -49.565287 -19.979600 38.136812 0.000000
80950 -49.651548 -20.180597 38.722156 0.000000
80951 -49.092686 -20.431615 38.143205 0.000000
80952 -48.558601 -20.879083 38.002576 0.000000
80953 -48.515470 -20.612603 37.513116 0.000000
80954 -47.488596 -20.577133 35.606412 0.000000
80955 -47.457395 -20.824513 36.124181 0.000000
80956 -46.978370 -20.896363 35.442041 0.000000
80957 -46.479157 -21.195584 35.199137 0.000000
80958 -46.532382 -20.973669 34.674063 0.000000
80959 -46.139618 -21.086445 33.978226 0.000000
80960 -46.596619 -20.805414 34.136205 0.000000
80961 -47.157316 -20.222433 33.380098 0.000000
80962 -46.704904 -20.549848 33.182853 0.000000
80963 -46.813189 -20.425249 32.718048 0.000000
80964 -46.502098 -20.654439 32.038648 0.000000
80965 -46.945334 -20.337938 32.208498 0.000000
80966 -49.122969 -18.921867 33.789199 0.000000
80967 -48.659545 -19.235640 33.692403 0.000000
80968 -48.771501 -19.089213 33.163676 0.000000
80969 -48.060305 -19.394800 31.458784 0.000000
80970 -47.985056 -19.521219 31.950984 0.000000
80971 -47.627164 -19.772237 31.338245 0.000000
80972 -47.192188 -20.186054 31.240536 0.000000
80981 -52.697300 -15.640440 34.723374 0.000000
80982 -52.148533 -16.153390 34.562656 0.000000
80983 -52.289854 -15.969674 34.129813 0.000000
80984 -51.428160 -16.407137 32.443183 0.000000
80985 -51.347405 -16.553565 32.907075 0.000000
80986 -50.883981 -16.887346 32.323558 0.000000
80987 -50.419639 -17.342089 32.148229 0.000000
80988 -50.463687 -17.206576 31.727256 0.000000
80989 -51.671343 -15.972403 30.527348 0.000000
80990 -51.638307 -16.066989 31.004024 0.000000
80991 -51.164789 -16.417142 30.398591 0.000000
80993 -50.234269 -17.354822 30.149295 0.000000
80995 -49.791952 -17.811384 30.540132 0.000000
81438 -22.478370 -31.610114 57.940779 0.000000
81439 -22.116807 -31.639218 58.193727 0.000000
81440 -22.051652 -31.882051 57.212980 0.000000
81441 -21.233089 -32.758796 54.975708 0.000000
81442 -21.208312 -32.505049 55.836830 0.000000
81447 -20.606319 -33.560053 53.828764 0.000000
81448 -20.979812 -33.875645 52.038946 0.000000
81449 -20.646697 -34.196694 52.209710 0.000000
81450 -20.717358 -34.488639 51.501088 0.000000
81452 -20.784348 -34.836063 50.829906 0.000000
81453 -26.070137 -31.108078 57.225765 0.000000
81454 -25.556241 -31.103530 57.191064 0.000000
81455 -25.570923 -31.323626 56.333596 0.000000
81456 -24.612874 -31.971180 53.705486 0.000000
81457 -24.609203 -31.767455 54.637835 0.000000
81458 -24.129261 -31.994827 53.778540 0.000000
81459 -23.607106 -32.027569 53.838809 0.000000
81460 -23.662166 -32.233113 53.007822 0.000000
81461 -24.630310 -32.572351 50.596134 0.000000
81462 -24.633981 -32.438656 51.318454 0.000000
81463 -24.108155 -32.686946 50.619877 0.000000
81464 -22.809649 -33.279932 50.035447 0.000000
81465 -23.199660 -32.899766 50.659143 0.000000
81466 -22.793131 -32.994353 50.819862 0.000000
81467 -22.783954 -32.774257 51.648109 0.000000
81468 -22.354484 -33.151694 50.991538 0.000000
81469 -22.004851 -33.299940 51.224397 0.000000
81470 -22.003933 -33.594614 50.447287 0.000000
81483 -23.488726 -36.343082 47.125167 0.000000
81484 -23.160200 -36.529527 47.322412 0.000000
81498 -33.489513 -30.974383 56.630377 0.000000
81499 -33.031595 -31.036228 56.916199 0.000000
81500 -33.001312 -31.155371 56.148222 0.000000
81501 -31.987284 -31.594653 54.238778 0.000000
81502 -31.948742 -31.507342 54.951053 0.000000
81503 -31.534872 -31.631942 54.425066 0.000000
81504 -31.047588 -31.719253 54.497206 0.000000
81505 -31.126508 -31.851128 53.803195 0.000000
81506 -32.089146 -32.374083 51.740339 0.000000
81507 -32.109335 -32.093961 52.298287 0.000000
81508 -31.688123 -32.337703 51.863617 0.000000
81509 -30.374017 -32.464122 51.350415 0.000000
81510 -30.734662 -32.287682 51.925713 0.000000
81511 -30.348323 -32.323152 51.917495 0.000000
81512 -30.286839 -32.166720 52.554889 0.000000
81513 -29.851862 -32.300415 51.867270 0.000000
81514 -29.418721 -32.282225 51.817046 0.000000
81515 -29.441663 -32.396820 51.161388 0.000000
81516 -28.652465 -32.892490 49.309475 0.000000
81517 -28.612088 -32.626011 49.830896 0.000000
81518 -28.129392 -32.873391 49.139625 0.000000
81519 -27.658627 -32.945240 48.929595 0.000000
81520 -27.734793 -33.229910 48.475748 0.000000
81526 -30.114316 -34.344031 48.372560 0.000000
81527 -30.195071 -34.102107 48.738742 0.000000
81528 -29.742659 -34.386777 48.359776 0.000000
81534 -28.636865 -34.866076 47.639283 0.000000
81535 -28.994757 -34.387686 48.052950 0.000000
81536 -28.606582 -34.412242 47.834701 0.000000
81537 -28.614841 -33.971141 48.108653 0.000000
81538 -28.214736 -34.462264 47.617366 0.000000
81539 -27.163084 -35.257155 46.865826 0.000000
81540 -27.467751 -34.571402 47.233834 0.000000
81541 -27.062140 -34.693274 47.061245 0.000000
81542 -26.916230 -34.150310 47.335196 0.000000
81543 -26.610646 -34.839701 46.945272 0.000000
92266 -42.611170 -26.225044 46.628401 0.000000
92267 -42.654301 -26.064975 46.236650 0.000000
92268 -42.881883 -25.727555 46.778161 0.000000
92269 -43.241611 -25.223700 46.993670 0.000000
92270 -43.650892 -24.713478 47.233834 0.000000
92284 -43.043394 -26.017681 49.323172 0.000000
92285 -42.706608 -26.587020 49.014520 0.000000
92286 -42.795622 -26.355101 48.641946 0.000000
92287 -42.543263 -26.672512 47.977156 0.000000
92288 -42.269796 -26.929896 47.340675 0.000000
92289 -42.006425 -27.082690 46.824733 0.000000
92290 -42.405612 -26.677059 47.118774 0.000000
92291 -42.526744 -26.426950 46.895960 0.000000
92838 -44.032644 -22.413386 33.537164 0.000000
92840 -44.116152 -22.225123 33.098841 0.000000
92841 -44.240038 -22.092338 32.591117 0.000000
92842 -44.345570 -22.007755 32.097091 0.000000
92843 -44.507080 -21.944091 31.612197 0.000000
92844 -44.679602 -21.763103 32.245938 0.000000
92845 -45.047589 -21.524818 32.394785 0.000000
92846 -45.417410 -21.347468 32.539980 0.000000
92887 -32.022156 -30.712451 59.229265 0.000000
92888 -31.590850 -30.994392 58.714236 0.000000
92889 -32.015732 -30.948008 58.582739 0.000000
92890 -32.015732 -31.115354 57.942605 0.000000
92891 -31.979025 -31.257233 57.232157 0.000000
93917 -37.301521 -26.208674 37.062922 0.000000
93918 -43.350814 -23.622094 41.387705 0.000000
93919 -42.849765 -23.755788 40.682737 0.000000
93920 -43.379261 -23.528417 40.932946 0.000000
93921 -43.395780 -23.420188 40.417917 0.000000
93922 -43.433404 -23.318325 39.912932 0.000000
93923 -43.485711 -23.264666 39.421646 0.000000
93924 -43.984925 -23.147342 40.111091 0.000000
93925 -44.545622 -22.999096 40.323860 0.000000
93926 -45.105402 -22.889957 40.475446 0.000000
93967 -38.916624 -29.264548 54.289003 0.000000
93968 -38.605533 -29.722930 53.995875 0.000000
93969 -38.959754 -29.562860 53.687222 0.000000
93970 -38.979025 -29.821154 53.090921 0.000000
93971 -39.012062 -30.090362 52.455353 0.000000
93972 -36.326036 -30.697899 44.649557 0.000000
93973 -36.363661 -30.960741 45.026697 0.000000
93974 -35.777269 -30.934366 44.298899 0.000000
93975 -35.186288 -31.209031 43.917193 0.000000
93976 -34.558601 -31.437312 43.561969 0.000000
93977 -33.945596 -31.597381 43.291670 0.000000
93978 -33.922654 -31.393656 42.886221 0.000000
93979 -33.318826 -31.358186 42.183078 0.000000
93985 -36.387520 -27.410105 39.002500 0.000000
93986 -35.709361 -27.577451 38.741332 0.000000
93987 -35.941532 -27.404648 38.428114 0.000000
93988 -35.503802 -27.395554 37.845510 0.000000
95678 -52.358680 -16.657246 37.276604 0.000000
95679 -52.024647 -17.159283 37.213595 0.000000
95680 -52.058601 -17.007398 36.745138 0.000000
95681 -51.665837 -17.287520 36.163447 0.000000
95682 -51.214343 -17.596746 35.623762 0.000000
95683 -50.722471 -17.874139 35.040245 0.000000
95684 -51.179471 -17.421215 35.107820 0.000000
95685 -51.176718 -17.266602 34.691413 0.000000
95686 -51.181307 -17.121994 34.246699 0.000000
95776 -24.685370 -30.577847 60.189009 0.000000
95777 -24.217358 -30.899805 59.242049 0.000000
95778 -24.679864 -30.821589 59.170822 0.000000
95779 -24.678029 -30.986206 58.247605 0.000000
95780 -24.652334 -31.176289 57.272337 0.000000
95781 -26.135292 -32.705136 49.495762 0.000000
95782 -25.632407 -32.771529 49.391660 0.000000
95783 -25.703068 -33.033461 48.778922 0.000000
95784 -25.305716 -33.443639 48.131482 0.000000
95785 -24.912953 -33.932033 47.576274 0.000000
95786 -24.569744 -34.582316 47.186349 0.000000
95787 -25.054274 -34.349488 47.238400 0.000000
95788 -25.191007 -34.840610 46.958969 0.000000
95789 -25.365365 -35.335371 46.732503 0.000000
95790 -33.294049 -32.725145 50.535865 0.000000
95791 -32.786576 -32.808817 50.599787 0.000000
95792 -32.771894 -32.970706 50.156899 0.000000
95793 -32.339670 -33.198078 49.836375 0.000000
95794 -31.910200 -33.461829 49.516765 0.000000
98233 -39.255245 -26.931715 41.217855 0.000000
98234 -39.280022 -26.726172 40.817886 0.000000
98235 -39.708574 -26.713439 41.476283 0.000000
98236 -40.189434 -26.524265 41.790414 0.000000
98237 -40.627164 -26.297803 42.047016 0.000000
98238 -42.915837 -25.380131 44.700694 0.000000
98239 -42.549686 -25.567486 44.037731 0.000000
98240 -42.944285 -25.220062 44.288854 0.000000
98241 -42.992004 -24.950854 43.912627 0.000000
98242 -43.070924 -24.687103 43.539139 0.000000
98243 -43.108548 -24.434265 43.182089 0.000000
98244 -43.508653 -24.219627 43.822223 0.000000
98245 -43.965654 -23.753060 44.055082 0.000000
98246 -44.446514 -23.285584 44.331773 0.000000
98287 -41.461328 -27.777538 51.772300 0.000000
98288 -41.187861 -28.376890 51.454516 0.000000
98289 -41.430127 -28.131328 51.225310 0.000000
98290 -41.394337 -28.495123 50.615311 0.000000
98291 -41.298900 -28.830723 50.037273 0.000000
98292 -41.052046 -28.504218 47.714163 0.000000
98293 -40.984138 -28.793434 48.093129 0.000000
98294 -40.461065 -28.838909 47.319672 0.000000
98295 -39.841637 -29.138130 46.887742 0.000000
98296 -39.196514 -29.433713 46.509689 0.000000
98297 -38.628475 -29.715654 46.158117 0.000000
98298 -38.643158 -29.390967 45.816591 0.000000
98299 -38.076954 -29.366411 45.087879 0.000000
98300 -37.499739 -29.351859 44.318075 0.000000
98301 -37.006031 -29.312751 43.662418 0.000000
98302 -37.632801 -29.037177 44.118090 0.000000
98303 -37.753934 -28.784340 43.851444 0.000000
98304 -37.915444 -28.537869 43.534573 0.000000
98305 -40.177505 -27.383730 44.089782 0.000000
98306 -39.555323 -27.636568 43.695292 0.000000
98307 -39.669115 -27.435571 43.379334 0.000000
98308 -39.226797 -27.470131 42.735548 0.000000
98309 -38.814762 -27.485593 42.129201 0.000000
98310 -38.306372 -27.490140 41.434277 0.000000
98311 -38.957001 -27.300967 41.790414 0.000000
98312 -39.075381 -27.124527 41.451628 0.000000
100096 -28.485449 -30.596037 60.050207 0.000000
100097 -28.066991 -30.808857 59.274923 0.000000
100098 -28.512061 -30.870702 59.210088 0.000000
100099 -28.568957 -31.134453 58.359012 0.000000
100100 -28.537756 -31.300889 57.511588 0.000000
100101 -29.913346 -31.776550 55.999374 0.000000
100102 -29.449922 -31.738352 55.938192 0.000000
100103 -29.395779 -31.853857 55.165648 0.000000
100104 -28.898401 -31.943896 54.277132 0.000000
100105 -28.392764 -32.003922 53.484498 0.000000
100106 -27.982565 -32.065767 52.672688 0.000000
100107 -28.428553 -32.105784 52.787748 0.000000
100108 -28.455166 -32.170358 52.122045 0.000000
100109 -28.506555 -32.240388 51.520265 0.000000
103188 -39.467227 -25.894901 39.425298 0.000000
103189 -38.998297 -25.910362 38.738593 0.000000
103190 -39.419508 -25.659344 38.976018 0.000000
103191 -39.429602 -25.438339 38.575135 0.000000
103192 -39.467227 -25.216424 38.154163 0.000000
103193 -40.952937 -24.091389 37.995271 0.000000
103194 -40.500525 -24.307847 37.768804 0.000000
103195 -40.564762 -24.159600 37.299433 0.000000
103196 -40.198611 -24.235997 36.621860 0.000000
103206 -43.597667 -23.344701 37.260167 0.000000
103207 -43.136078 -23.426554 36.560677 0.000000
103208 -43.581149 -23.379261 36.740572 0.000000
103209 -43.624280 -23.394722 36.250198 0.000000
103210 -43.669246 -23.358343 35.754346 0.000000
103211 -43.731647 -23.265575 35.262146 0.000000
103212 -44.118905 -23.271032 35.951591 0.000000
103213 -44.579576 -23.147342 36.174405 0.000000
103214 -45.018223 -22.981815 36.346082 0.000000
103336 -35.768092 -30.132199 57.101573 0.000000
103337 -35.328527 -30.376850 56.774658 0.000000
103338 -35.802046 -30.309548 56.408476 0.000000
103339 -35.816729 -30.468709 55.749165 0.000000
103340 -35.803881 -30.640602 55.074331 0.000000
103341 -37.031726 -30.825227 52.852583 0.000000
103342 -36.564631 -30.867973 53.126535 0.000000
103343 -36.538936 -31.044414 52.485488 0.000000
103344 -36.084689 -31.210850 52.176835 0.000000
103345 -35.634112 -31.365462 51.873662 0.000000
103346 -35.116545 -31.660136 51.614321 0.000000
103347 -35.601076 -31.621028 51.418903 0.000000
103348 -35.571710 -31.859314 50.978754 0.000000
103349 -35.512979 -32.066676 50.446374 0.000000
103350 -39.888438 -30.346837 50.299353 0.000000
103351 -39.629655 -30.424144 50.616224 0.000000
103352 -39.469062 -30.653334 50.043665 0.000000
103353 -38.959754 -30.877068 49.765148 0.000000
103354 -38.554143 -31.095345 49.568816 0.000000
103355 -36.204904 -31.732895 46.801904 0.000000
103356 -36.663740 -31.731985 47.514178 0.000000
103357 -36.110384 -31.895693 47.240226 0.000000
103358 -36.033299 -31.993918 47.732426 0.000000
103359 -35.860777 -32.100327 48.154312 0.000000
103360 -35.704773 -32.205828 48.557934 0.000000
103361 -35.289985 -32.312238 47.871228 0.000000
103362 -34.667804 -32.555071 47.562576 0.000000
103390 -34.988989 -29.173600 41.271733 0.000000
105807 -35.358810 -29.248178 59.110552 0.000000
105808 -35.669901 -28.864374 59.252094 0.000000
105815 -38.611039 -27.825741 57.000211 0.000000
105816 -38.745937 -28.103134 56.466919 0.000000
105817 -38.983614 -27.563809 56.667817 0.000000
105834 -41.320006 -26.317812 53.923734 0.000000
108399 -45.176063 -21.772198 50.014444 0.000000
108400 -45.071448 -22.367003 49.324085 0.000000
108401 -45.362350 -21.546646 49.654654 0.000000
108402 -45.527531 -21.344740 49.239160 0.000000
108403 -45.731254 -21.171028 48.852889 0.000000
108407 -47.078396 -20.272455 47.546139 0.000000
108408 -46.872838 -20.904548 46.966275 0.000000
108409 -46.605795 -21.447512 46.333446 0.000000
108410 -47.125198 -20.970941 46.557174 0.000000
108411 -47.395911 -21.088264 46.149899 0.000000
108412 -47.562927 -21.239239 45.714316 0.000000
108420 -50.009440 -19.334774 45.274167 0.000000
108421 -49.770845 -19.950497 45.317086 0.000000
108422 -49.393682 -20.502555 45.207505 0.000000
108423 -48.944023 -20.960936 45.070529 0.000000
108424 -49.102780 -21.169209 44.638599 0.000000
108425 -48.656792 -21.578478 43.958285 0.000000
108426 -48.156661 -21.899526 43.254230 0.000000
108427 -47.593210 -22.182377 42.498123 0.000000
108428 -48.123624 -22.070510 42.693542 0.000000
108429 -48.104353 -22.186015 42.201342 0.000000
108430 -48.051128 -22.287877 41.722840 0.000000
108431 -49.589146 -21.298356 41.374008 0.000000
108432 -49.038543 -21.766741 41.166718 0.000000
108433 -49.003672 -21.684888 40.733874 0.000000
108434 -48.371396 -21.971376 39.978681 0.000000
108435 -47.699660 -22.186924 39.187874 0.000000
108436 -47.136210 -22.342446 38.498429 0.000000
108437 -47.609728 -22.049592 38.709371 0.000000
108438 -47.562927 -21.817673 38.246393 0.000000
108439 -47.506031 -21.599396 37.728624 0.000000
108469 -51.697038 -17.552181 40.368605 0.000000
108470 -51.549293 -18.046941 40.042603 0.000000
108471 -51.283168 -18.513508 39.659984 0.000000
108472 -50.286577 -18.868208 37.126844 0.000000
108473 -50.353567 -18.990079 37.647352 0.000000
108474 -49.887390 -19.249283 37.077532 0.000000
108475 -49.502885 -19.647638 37.081185 0.000000
108476 -48.967882 -20.005066 36.999000 0.000000
108477 -48.471422 -20.357037 36.953341 0.000000
108478 -48.468669 -20.122390 36.395393 0.000000
108479 -47.951102 -20.256994 35.778088 0.000000
108480 -47.478501 -20.369770 35.074033 0.000000
108481 -47.032513 -20.491641 34.387327 0.000000
108482 -47.518879 -20.175140 34.569962 0.000000
108483 -47.559256 -20.035079 34.055846 0.000000
108484 -47.657447 -19.923212 33.507942 0.000000
108485 -49.227584 -18.601728 32.761880 0.000000
108486 -48.843997 -18.933691 32.644081 0.000000
108487 -48.929340 -18.831828 32.140923 0.000000
108488 -48.524647 -19.050105 31.557406 0.000000
108489 -48.226404 -19.294757 30.949234 0.000000
108494 -52.925801 -15.313025 33.823900 0.000000
108495 -52.415575 -15.791415 33.675966 0.000000
108496 -52.488989 -15.636802 33.191071 0.000000
108497 -51.997117 -15.947847 32.581986 0.000000
108498 -51.519928 -16.293451 31.967421 0.000000
108499 -50.808732 -16.738190 29.300958 0.000000
108500 -50.731648 -16.813678 29.800463 0.000000
108767 -21.278055 -31.829300 58.584565 0.000000
108768 -22.409544 -32.013926 56.082473 0.000000
108769 -22.014945 -32.117608 56.243191 0.000000
108770 -21.995674 -32.323152 55.357414 0.000000
108771 -21.649712 -32.641472 54.716368 0.000000
108772 -21.255113 -32.989805 54.102716 0.000000
108773 -20.939434 -33.409079 53.521938 0.000000
108774 -21.278973 -33.237186 53.305516 0.000000
108775 -21.265208 -33.427268 52.518362 0.000000
108776 -21.298244 -33.676468 51.717510 0.000000
108777 -26.020583 -31.511890 55.377504 0.000000
108778 -25.544311 -31.520985 55.341890 0.000000
108779 -25.525958 -31.718343 54.473464 0.000000
108780 -25.055192 -31.940258 53.645216 0.000000
108781 -24.652334 -32.140345 52.882718 0.000000
108782 -23.712638 -33.265380 49.214505 0.000000
108783 -23.687861 -33.012542 49.862857 0.000000
108785 -22.815155 -33.564601 49.319520 0.000000
108787 -22.084688 -33.862912 49.770627 0.000000
108790 -21.822234 -35.551829 48.611811 0.000000
108792 -22.056241 -36.001115 48.261153 0.000000
108793 -22.360908 -36.493147 48.042905 0.000000
108794 -22.693105 -36.964261 47.932411 0.000000
108804 -33.443629 -31.146276 55.148298 0.000000
108805 -32.982041 -31.244501 55.372938 0.000000
108806 -32.936157 -31.335449 54.585784 0.000000
108807 -32.436026 -31.520075 54.093584 0.000000
108808 -32.015732 -31.707429 53.542941 0.000000
108809 -31.175145 -32.811546 50.802511 0.000000
108810 -31.200840 -32.554161 51.316627 0.000000
108811 -30.769534 -32.740606 50.769637 0.000000
108812 -30.374017 -32.660571 50.764158 0.000000
108813 -29.980336 -32.631468 50.728544 0.000000
108814 -29.507735 -32.570532 50.566913 0.000000
108815 -29.516912 -32.793356 50.060102 0.000000
108816 -29.092948 -32.969797 49.472932 0.000000
108817 -28.631359 -33.234457 48.871152 0.000000
108827 -27.966964 -35.484527 47.140691 0.000000
108828 -27.888045 -35.005227 47.198220 0.000000
115444 -41.058470 -26.767098 44.045037 0.000000
115445 -41.072235 -26.649775 43.636849 0.000000
115446 -41.535659 -26.588839 44.329033 0.000000
115447 -41.987153 -26.275066 44.579242 0.000000
115448 -42.452413 -25.940375 44.866892 0.000000
115449 -42.711196 -25.902177 45.863163 0.000000
115450 -42.785528 -25.705728 45.492415 0.000000
115451 -42.880966 -25.572943 45.110709 0.000000
115452 -43.239775 -25.121837 45.319825 0.000000
115453 -43.627951 -24.614344 45.523463 0.000000
115454 -44.030808 -23.993164 45.789196 0.000000
115486 -42.403776 -26.854409 50.691104 0.000000
115487 -42.089015 -27.455580 50.381539 0.000000
115488 -42.280808 -27.241850 50.056450 0.000000
115489 -42.122051 -27.628382 49.397139 0.000000
115490 -41.915575 -27.866668 48.759745 0.000000
115491 -42.371658 -27.136350 48.672994 0.000000
115492 -42.027531 -27.564718 48.443787 0.000000
115493 -41.549424 -28.073121 48.066647 0.000000
115494 -41.107106 -28.214091 47.347068 0.000000
115495 -40.621658 -28.283212 46.623835 0.000000
115496 -40.060960 -28.294126 45.877773 0.000000
115497 -39.545229 -28.280484 45.222116 0.000000
115498 -40.178422 -28.032194 45.578253 0.000000
115499 -40.344521 -27.799366 45.328044 0.000000
115500 -40.548244 -27.549257 45.108882 0.000000
115501 -41.622838 -27.190010 46.196470 0.000000
115502 -41.168590 -27.280049 45.506112 0.000000
115503 -40.680389 -27.350079 44.797491 0.000000
115504 -40.755638 -27.152721 44.508928 0.000000
115505 -40.879524 -26.967185 44.224932 0.000000
116793 -44.731910 -21.950458 31.183006 0.000000
116893 -30.308863 -30.723365 59.808216 0.000000
116894 -29.941794 -31.019857 59.159864 0.000000
116895 -30.374935 -30.996211 59.104160 0.000000
116896 -30.376770 -31.296341 58.286871 0.000000
116897 -30.373100 -31.462777 57.566378 0.000000
116898 -31.180651 -31.255414 58.131632 0.000000
116899 -30.774122 -31.490971 57.520719 0.000000
116900 -30.414395 -31.690149 56.821230 0.000000
116901 -30.314369 -31.753813 56.024030 0.000000
116902 -30.229025 -31.802925 55.313582 0.000000
116903 -30.256555 -31.967542 54.654272 0.000000
119298 -41.262193 -24.790784 40.414264 0.000000
119299 -40.802439 -24.849901 39.734864 0.000000
119300 -41.272287 -24.572507 39.948546 0.000000
119301 -41.342948 -24.366054 39.559535 0.000000
119302 -41.381490 -24.177790 39.122125 0.000000
119303 -42.345045 -23.846737 39.997857 0.000000
119304 -41.867856 -23.921315 39.326676 0.000000
119305 -41.409938 -23.997712 38.667365 0.000000
119306 -41.485187 -23.869474 38.233609 0.000000
119307 -41.552177 -23.769431 37.750540 0.000000
119308 -41.613661 -23.696672 37.169763 0.000000
119309 -41.670557 -23.673935 36.624599 0.000000
119310 -42.087180 -23.581167 37.330481 0.000000
119311 -42.596487 -23.462934 37.486634 0.000000
119312 -43.078265 -23.380171 37.606259 0.000000
119313 -43.530677 -23.273761 38.911182 0.000000
119314 -43.556372 -23.282855 38.324926 0.000000
119315 -43.569220 -23.321054 37.746888 0.000000
119316 -44.060174 -23.252842 37.950525 0.000000
119317 -44.541034 -23.224648 38.121288 0.000000
119318 -45.003540 -23.163713 38.261917 0.000000
119413 -37.438255 -29.797508 55.611276 0.000000
119414 -37.068433 -30.115828 55.350109 0.000000
119415 -37.444678 -30.058530 54.947400 0.000000
119416 -37.455690 -30.244065 54.338314 0.000000
119417 -37.458443 -30.443243 53.747492 0.000000
119418 -38.241217 -30.073082 53.685396 0.000000
119419 -37.865890 -30.382307 53.452537 0.000000
119420 -37.445596 -30.625140 53.130187 0.000000
119421 -37.439172 -30.771568 52.500098 0.000000
119422 -37.418983 -30.906172 51.857225 0.000000
119423 -37.393289 -31.079884 51.267316 0.000000
119424 -38.545884 -30.827956 47.651154 0.000000
119425 -38.483483 -31.043504 48.053863 0.000000
119426 -38.029235 -31.028043 47.352547 0.000000
119427 -37.468538 -31.225401 47.021978 0.000000
119428 -36.871133 -31.389109 46.673146 0.000000
119429 -36.372838 -31.199936 45.481457 0.000000
119430 -36.330625 -31.398204 45.875034 0.000000
119431 -36.284741 -31.585558 46.352623 0.000000
119432 -35.658889 -31.767455 45.999225 0.000000
119433 -35.083509 -31.914792 45.726187 0.000000
119434 -34.498034 -32.051215 45.486936 0.000000
119435 -33.844652 -32.171267 45.264122 0.000000
119436 -33.904301 -32.003922 44.817580 0.000000
119437 -33.226141 -31.961176 44.088869 0.000000
119438 -32.581018 -31.947534 43.389379 0.000000
119439 -33.269272 -31.716524 43.041460 0.000000
119455 -35.609335 -28.180440 40.217932 0.000000
119456 -34.888962 -28.418726 39.854489 0.000000
119457 -35.122969 -28.174074 39.631675 0.000000
119458 -34.632932 -28.188626 39.031721 0.000000
119459 -34.194285 -28.193173 38.420809 0.000000
119460 -35.033037 -27.780266 38.444551 0.000000
119461 -34.356713 -27.994905 38.141378 0.000000
123371 -50.319613 -19.704935 44.372866 0.000000
123372 -50.070006 -20.486184 43.974722 0.000000
123373 -49.709361 -21.138286 43.432298 0.000000
123374 -50.071842 -20.658987 43.477957 0.000000
123375 -50.113137 -20.745388 42.957449 0.000000
123376 -50.107631 -20.784496 42.457943 0.000000
123377 -50.728895 -19.671284 42.824125 0.000000
123378 -50.446252 -20.268817 42.457030 0.000000
123379 -50.079183 -20.834518 41.987660 0.000000
123380 -49.978239 -20.857255 41.426059 0.000000
123381 -49.921343 -20.830880 40.917422 0.000000
123382 -49.863530 -20.749935 40.392348 0.000000
123404 -52.012717 -16.987390 38.889266 0.000000
123405 -51.907185 -17.437585 39.018937 0.000000
123406 -51.914526 -17.406663 38.555045 0.000000
123407 -51.608024 -17.811384 38.108504 0.000000
123408 -51.168459 -18.149713 37.615391 0.000000
123409 -51.587835 -17.624030 37.164284 0.000000
123410 -51.124411 -18.031480 37.122278 0.000000
123411 -50.701364 -18.538974 37.093970 0.000000
123412 -50.247117 -18.759979 36.555198 0.000000
123413 -49.842424 -18.940057 35.980813 0.000000
123414 -49.450578 -19.098308 35.396382 0.000000
123415 -49.044967 -19.258378 34.785470 0.000000
123416 -49.475355 -18.938238 34.854871 0.000000
123417 -49.472602 -18.786354 34.340755 0.000000
123418 -49.488202 -18.609914 33.843990 0.000000
123419 -50.279235 -18.083321 34.422028 0.000000
123420 -49.887390 -18.259761 33.885996 0.000000
123421 -49.529498 -18.421650 33.343571 0.000000
123422 -49.591899 -18.241572 32.869635 0.000000
123423 -49.644207 -18.087868 32.395698 0.000000
123424 -49.713950 -18.007834 31.937286 0.000000
123425 -53.142371 -14.717311 31.708993 0.000000
123426 -52.696383 -15.232990 31.767436 0.000000
123427 -52.633981 -15.156593 31.168395 0.000000
123428 -52.148533 -15.526754 30.605881 0.000000
123429 -51.672261 -15.901463 30.026930 0.000000
123635 -22.541689 -31.157190 59.899533 0.000000
123636 -22.958312 -31.088978 59.695896 0.000000
123637 -22.934452 -31.347273 58.717888 0.000000
123638 -22.892240 -31.548269 57.791932 0.000000
123639 -23.761275 -31.187203 58.376362 0.000000
123640 -23.310698 -31.474601 57.633953 0.000000
123641 -22.859203 -31.746537 56.829448 0.000000
123642 -22.834426 -31.890236 55.915363 0.000000
123643 -22.782119 -32.044849 54.947400 0.000000
123644 -22.809649 -32.221289 54.120979 0.000000
123645 -26.087573 -32.148530 52.191446 0.000000
123646 -25.593865 -32.198552 52.078213 0.000000
123647 -25.610383 -32.332247 51.329412 0.000000
123648 -25.090981 -32.540519 50.578784 0.000000
123649 -24.646828 -32.800632 49.875641 0.000000
123650 -25.165313 -32.886124 49.251945 0.000000
123651 -24.651416 -33.015271 49.143277 0.000000
123652 -24.199922 -33.150784 49.177978 0.000000
123653 -23.726403 -33.560963 48.521407 0.000000
123657 -23.377688 -35.157112 47.338849 0.000000
123658 -23.542869 -35.654601 47.078595 0.000000
123660 -24.326561 -35.248970 46.939793 0.000000
123661 -24.174227 -35.947456 46.853955 0.000000
123666 -33.385816 -31.776550 52.440742 0.000000
123667 -32.949004 -31.829300 52.576805 0.000000
123668 -32.953593 -32.090323 52.027075 0.000000
123669 -32.515863 -32.368626 51.651761 0.000000
123670 -32.072628 -32.628739 51.254532 0.000000
123671 -32.432355 -32.845197 50.763245 0.000000
123672 -31.975355 -32.845197 50.782421 0.000000
123673 -31.611957 -32.837921 50.830820 0.000000
123674 -31.163215 -33.052560 50.383365 0.000000
123675 -30.747510 -33.269018 49.940477 0.000000
123676 -30.294180 -33.516398 49.511286 0.000000
129298 -37.497903 -26.838038 38.695674 0.000000
129299 -37.561223 -26.631585 38.327665 0.000000
129300 -37.957657 -26.671602 38.894745 0.000000
129301 -38.484400 -26.508804 39.235359 0.000000
129302 -38.879917 -26.322359 39.394250 0.000000
129303 -39.281857 -26.542455 40.444399 0.000000
129304 -39.324988 -26.325088 40.076390 0.000000
129305 -39.382801 -26.136824 39.726645 0.000000
129306 -39.851731 -25.875802 40.038037 0.000000
129307 -40.265601 -25.622055 40.291899 0.000000
129308 -40.729025 -25.355575 40.572243 0.000000
129309 -41.078658 -26.446050 43.133691 0.000000
129310 -41.077741 -26.246872 42.737374 0.000000
129311 -41.102518 -26.049514 42.313662 0.000000
129312 -42.120216 -25.678443 43.382074 0.000000
129313 -41.609990 -25.751202 42.648796 0.000000
129314 -41.113530 -25.813047 41.948393 0.000000
129315 -41.153907 -25.580218 41.615999 0.000000
129316 -41.204379 -25.316467 41.254382 0.000000
129317 -41.258522 -25.034527 40.870850 0.000000
129318 -41.714605 -24.731668 41.123799 0.000000
129319 -42.261537 -24.425171 41.387705 0.000000
129320 -42.756162 -24.113217 41.624217 0.000000
129321 -43.159020 -24.195070 42.751985 0.000000
129322 -43.221422 -23.960423 42.328273 0.000000
129323 -43.280153 -23.768521 41.867121 0.000000
129324 -43.829838 -23.434740 42.092674 0.000000
129325 -44.351994 -23.105506 42.289920 0.000000
129326 -44.890667 -22.833569 42.491731 0.000000
129412 -40.343603 -28.584253 52.982253 0.000000
129413 -40.003147 -29.094474 52.733871 0.000000
129414 -40.320662 -28.945319 52.346686 0.000000
129415 -40.342686 -29.290924 51.754037 0.000000
129416 -40.293131 -29.606515 51.128514 0.000000
129417 -40.895124 -28.914396 51.148604 0.000000
129418 -40.618905 -29.456450 50.867347 0.000000
129419 -40.232565 -29.918469 50.550476 0.000000
129420 -40.124280 -30.199501 49.987048 0.000000
129421 -39.883850 -30.410501 49.368831 0.000000
129422 -39.548900 -30.546924 48.715913 0.000000
129423 -41.799948 -28.007638 50.049144 0.000000
129424 -41.425538 -28.542416 49.730447 0.000000
129425 -41.100683 -29.106298 49.453756 0.000000
129426 -40.855664 -29.032629 48.417305 0.000000
129427 -40.772156 -29.335488 48.757919 0.000000
129428 -40.699660 -29.616520 49.125014 0.000000
129429 -40.201364 -29.967582 48.727784 0.000000
129430 -39.670950 -30.327738 48.374386 0.000000
129431 -39.104746 -30.601494 47.999986 0.000000
129432 -38.585344 -30.585123 47.230181 0.000000
129433 -38.021894 -30.543287 46.461290 0.000000
129434 -37.484138 -30.516911 45.759061 0.000000
129435 -38.015470 -29.988500 45.753582 0.000000
129436 -37.453855 -30.239518 45.327131 0.000000
129437 -36.896828 -30.464161 44.991083 0.000000
129438 -36.311354 -30.438696 44.228584 0.000000
129439 -35.718538 -30.402316 43.509005 0.000000
129440 -35.115627 -30.357751 42.811341 0.000000
129441 -34.600813 -30.341381 42.214126 0.000000
129442 -35.165182 -30.089453 42.525518 0.000000
129443 -35.300997 -29.763857 42.362060 0.000000
129444 -35.380834 -29.488282 42.080803 0.000000
129445 -36.492135 -29.273643 43.025936 0.000000
129446 -36.003016 -29.240902 42.436940 0.000000
129447 -35.507473 -29.211798 41.861642 0.000000
129448 -35.632277 -28.948957 41.615085 0.000000
129449 -35.761668 -28.662468 41.340221 0.000000
129450 -35.954379 -28.422364 41.117406 0.000000
129451 -39.063451 -28.293217 44.608464 0.000000
129452 -38.566073 -28.295036 43.953719 0.000000
129453 -38.081542 -28.281393 43.300801 0.000000
129454 -38.909282 -27.868487 43.351939 0.000000
129455 -38.253147 -28.078578 42.994889 0.000000
129456 -37.621789 -28.256837 42.678018 0.000000
129457 -37.104222 -28.226824 42.020534 0.000000
129458 -36.570137 -28.202268 41.367616 0.000000
129459 -36.076430 -28.202268 40.774967 0.000000
129460 -36.241611 -27.983082 40.523845 0.000000
129461 -36.445334 -27.806642 40.205147 0.000000
129462 -36.623362 -27.612921 39.878232 0.000000
129463 -37.813582 -27.474679 40.788664 0.000000
129464 -37.318040 -27.447394 40.166794 0.000000
129465 -36.831674 -27.418291 39.562274 0.000000
129466 -37.062009 -27.254583 39.268233 0.000000
129467 -37.265732 -27.079052 38.971452 0.000000
133033 -52.481648 -15.991502 35.569885 0.000000
133034 -52.897353 -15.395788 35.641113 0.000000
133035 -53.023074 -15.247542 35.238404 0.000000
133036 -53.152466 -15.142951 34.817431 0.000000
133038 -53.536970 -14.551785 34.880440 0.000000
133039 -53.289199 -14.981062 34.384588 0.000000
133040 -53.414920 -14.836454 33.928001 0.000000
133041 -53.494757 -14.632729 33.440367 0.000000
133042 -53.558077 -14.466293 32.872374 0.000000
133048 -54.383981 -13.030214 33.843990 0.000000
133049 -54.286708 -13.460401 33.435802 0.000000
133050 -54.014159 -13.921510 32.896117 0.000000
133051 -53.626902 -14.312590 32.320818 0.000000
133052 -53.668197 -14.162524 31.779307 0.000000
133053 -53.692974 -14.044291 31.242362 0.000000
133054 -53.720504 -13.992450 30.680761 0.000000
133056 -54.283955 -13.534979 30.688066 0.000000
133057 -53.728764 -13.985175 30.137423 0.000000
133231 -26.513372 -30.500541 59.884922 0.000000
133232 -26.055454 -30.729731 58.974490 0.000000
133233 -26.547326 -30.734279 59.052109 0.000000
133234 -26.550997 -30.922542 58.123413 0.000000
133235 -26.548244 -31.085340 57.252247 0.000000
133236 -27.565024 -30.990754 58.352619 0.000000
133237 -27.041951 -31.128086 57.345390 0.000000
133238 -26.528973 -31.289975 56.332682 0.000000
133239 -26.522549 -31.480967 55.479779 0.000000
133240 -26.506949 -31.651951 54.605874 0.000000
133241 -26.485842 -31.854766 53.763016 0.000000
133242 -29.512324 -31.247229 58.394625 0.000000
133243 -29.017699 -31.388200 57.528025 0.000000
133244 -28.509308 -31.488243 56.618505 0.000000
133245 -28.974568 -31.673778 55.830438 0.000000
133246 -28.472602 -31.608295 55.778387 0.000000
133247 -27.992659 -31.550088 55.686156 0.000000
133248 -27.464080 -31.650132 54.730065 0.000000
133249 -26.994232 -31.786555 53.863465 0.000000
133250 -26.550997 -31.966633 53.026999 0.000000
133251 -26.678553 -32.126703 52.372254 0.000000
133252 -26.569350 -32.228565 51.574142 0.000000
133253 -26.575774 -32.343160 50.936748 0.000000
133254 -27.563189 -32.133069 51.902884 0.000000
133255 -27.076823 -32.270401 51.124861 0.000000
133256 -26.593210 -32.431381 50.334054 0.000000
133257 -26.631752 -32.612368 49.702139 0.000000
133258 -26.682224 -32.823369 49.139625 0.000000
133259 -26.726272 -33.074388 48.591721 0.000000
133261 -32.423178 -33.458191 48.719565 0.000000
139689 -37.638307 -26.413308 38.011708 0.000000
139690 -37.698873 -26.239596 37.618130 0.000000
139691 -37.740169 -26.081346 37.220901 0.000000
139692 -38.573415 -25.906724 38.089327 0.000000
139693 -38.182486 -25.900358 37.482981 0.000000
139694 -37.800735 -25.904905 36.907682 0.000000
139695 -37.875984 -25.730284 36.477578 0.000000
139698 -40.341768 -24.900832 39.049071 0.000000
139699 -39.925145 -24.941759 38.392501 0.000000
139700 -39.537888 -24.970862 37.750540 0.000000
139701 -40.056372 -24.548861 37.553295 0.000000
139702 -39.621396 -24.784418 37.367008 0.000000
139703 -39.174490 -25.019975 37.138715 0.000000
139728 -42.702937 -23.495675 35.894974 0.000000
139737 -43.812403 -23.088225 34.791862 0.000000
139738 -43.947300 -22.859035 34.521563 0.000000
139739 -43.968407 -22.625297 33.984618 0.000000
139740 -44.361170 -22.393378 34.199214 0.000000
139741 -44.735580 -22.154183 34.372716 0.000000
139742 -45.116414 -21.932268 34.554438 0.000000
139990 -33.878606 -30.476894 58.396452 0.000000
139991 -33.462901 -30.722455 58.009267 0.000000
139992 -33.943761 -30.627869 57.734402 0.000000
139993 -33.951102 -30.767930 57.062307 0.000000
139994 -33.932748 -30.908900 56.371949 0.000000
139995 -34.862350 -30.580575 56.455047 0.000000
139996 -34.410855 -30.803400 56.095258 0.000000
139997 -33.904301 -30.993482 55.625887 0.000000
139998 -33.885030 -31.087159 54.899002 0.000000
139999 -33.856582 -31.223582 54.175770 0.000000
140000 -33.806110 -31.337268 53.443405 0.000000
140001 -36.666493 -30.389583 55.065199 0.000000
140002 -36.251705 -30.646058 54.746502 0.000000
140003 -35.797457 -30.812495 54.435110 0.000000
140004 -36.145255 -30.865245 53.450711 0.000000
140005 -35.756162 -30.948008 53.742013 0.000000
140006 -35.272549 -30.931637 54.032401 0.000000
140007 -34.767830 -31.091707 53.607776 0.000000
140008 -34.247510 -31.258143 53.176759 0.000000
140009 -33.787756 -31.546450 52.801445 0.000000
140010 -33.823546 -31.761089 52.254455 0.000000
140011 -33.832722 -32.024840 51.752210 0.000000
140012 -33.795098 -32.253121 51.265490 0.000000
140013 -34.699004 -31.934801 51.438992 0.000000
140014 -34.262193 -32.274949 51.183304 0.000000
140015 -33.769403 -32.498683 50.869173 0.000000
140016 -33.681306 -32.693313 50.397063 0.000000
140017 -33.594128 -32.845197 49.862857 0.000000
140018 -33.500525 -33.015271 49.343262 0.000000
140019 -39.648008 -29.531028 52.398736 0.000000
140020 -39.358024 -29.979405 52.093737 0.000000
140021 -39.026744 -30.321372 51.823438 0.000000
140022 -39.312140 -30.444152 50.920310 0.000000
140023 -38.990037 -30.536920 51.211612 0.000000
140024 -38.662429 -30.646968 51.548573 0.000000
140025 -38.230205 -30.848874 51.261837 0.000000
140026 -37.806241 -31.087159 51.050894 0.000000
140027 -37.326299 -31.236315 50.781508 0.000000
140028 -38.386209 -31.202664 48.463877 0.000000
140029 -38.258653 -31.270876 48.906766 0.000000
140030 -38.076036 -31.356367 49.367918 0.000000
140031 -37.112481 -31.652860 48.262979 0.000000
140032 -37.495150 -31.521894 49.001736 0.000000
140033 -37.780546 -31.336359 49.621780 0.000000
140034 -37.543787 -31.402751 49.956001 0.000000
140035 -37.215260 -31.414575 50.261913 0.000000
140036 -36.861039 -31.475510 50.555042 0.000000
140037 -36.440745 -31.750175 50.391584 0.000000
140038 -35.935108 -32.003012 50.130417 0.000000
140039 -35.401023 -32.259488 49.874728 0.000000
140040 -35.504720 -32.349527 48.893068 0.000000
140041 -35.213818 -32.412281 49.270208 0.000000
140042 -34.862350 -32.491407 49.621780 0.000000
140043 -34.338359 -32.736968 49.314041 0.000000
140044 -33.772156 -32.982529 48.998996 0.000000
140045 -33.268354 -33.187164 48.741482 0.000000
140110 -34.283299 -28.634274 39.535792 0.000000
144607 -43.647222 -24.960858 48.895808 0.000000
144608 -43.813320 -24.690741 48.650164 0.000000
144609 -44.117070 -24.331493 49.278427 0.000000
144610 -44.475879 -23.633008 49.621780 0.000000
144611 -44.744757 -22.949074 49.934084 0.000000
144871 -23.332722 -30.448700 61.493019 0.000000
144872 -23.761275 -30.414139 61.305818 0.000000
144873 -24.187074 -30.373213 61.133229 0.000000
144875 -24.526613 -30.073991 61.826327 0.000000
144876 -24.590850 -30.394131 60.957900 0.000000
144877 -25.023073 -30.332286 60.878454 0.000000
144878 -25.472733 -30.253160 60.795355 0.000000
144879 -25.947169 -30.253160 60.705864 0.000000
144905 -26.297719 -29.998504 61.369740 0.000000
144906 -26.403252 -30.268622 60.676643 0.000000
144908 -27.426456 -30.271350 60.753349 0.000000
144909 -27.866938 -30.330467 60.662032 0.000000
144911 -28.191794 -30.048526 61.252854 0.000000
144912 -28.341374 -30.349566 60.715909 0.000000
144913 -28.835082 -30.394131 60.615460 0.000000
144914 -29.274647 -30.416868 60.577107 0.000000
144915 -29.705035 -30.423234 60.473918 0.000000
144923 -30.017043 -30.164940 60.844666 0.000000
144924 -30.172130 -30.431420 60.394472 0.000000
144925 -30.579576 -30.451428 60.168006 0.000000
144926 -31.009046 -30.445971 60.035596 0.000000
144927 -31.423834 -30.445971 59.838351 0.000000
144930 -31.914788 -30.399588 59.755252 0.000000
144931 -32.388307 -30.402316 59.591794 0.000000
144932 -32.836131 -30.375941 59.366241 0.000000
144933 -33.357368 -30.375941 59.158037 0.000000
145013 -33.695989 -30.062168 59.383591 0.000000
145014 -33.795098 -30.290449 58.917873 0.000000
145015 -34.291558 -30.225876 58.638442 0.000000
145016 -34.743053 -30.139474 58.292350 0.000000
145017 -35.207395 -30.014875 57.974566 0.000000
145018 -35.464343 -29.507381 58.710583 0.000000
145019 -35.556110 -29.738391 58.177290 0.000000
145020 -35.662560 -29.941206 57.636692 0.000000
145021 -36.130572 -29.858443 57.288774 0.000000
145022 -36.575643 -29.736572 56.882412 0.000000
145023 -36.969324 -29.629253 56.628550 0.000000
145030 -37.230861 -29.059004 57.327127 0.000000
145031 -37.311616 -29.286376 56.788355 0.000000
145032 -37.385947 -29.576502 56.173790 0.000000
145033 -37.816335 -29.491011 55.760123 0.000000
145034 -38.182486 -29.304566 55.435947 0.000000
145035 -38.534872 -29.205432 55.135514 0.000000
145036 -38.812009 -28.435097 55.929060 0.000000
145037 -38.838622 -28.746141 55.340977 0.000000
145038 -38.878082 -29.025353 54.789421 0.000000
145039 -39.213032 -28.869831 54.405889 0.000000
145040 -39.546147 -28.687934 54.088105 0.000000
145041 -39.905874 -28.531502 53.724662 0.000000
145065 -40.027924 -27.310062 55.020454 0.000000
145066 -40.071972 -27.655667 54.488074 0.000000
145067 -40.148139 -27.981263 53.961174 0.000000
145068 -40.240824 -28.301402 53.440666 0.000000
145069 -40.558339 -28.129509 53.156669 0.000000
145070 -40.884112 -27.895771 52.888197 0.000000
145071 -41.157578 -27.662033 52.548497 0.000000
145072 -41.366807 -26.741633 53.348435 0.000000
145073 -41.442974 -27.112703 52.796879 0.000000
145074 -41.477846 -27.450123 52.278198 0.000000
145075 -41.701758 -27.231846 52.007899 0.000000
145076 -41.960541 -26.948996 51.752210 0.000000
145077 -42.214736 -26.729809 51.442645 0.000000
145084 -42.518485 -25.775758 52.159485 0.000000
145085 -42.475355 -26.126820 51.657240 0.000000
145086 -42.474437 -26.514261 51.202481 0.000000
145087 -42.645124 -26.292346 50.870999 0.000000
145088 -42.890142 -26.080436 50.544997 0.000000
145092 -43.246199 -25.697542 49.919474 0.000000
145093 -43.373755 -25.461076 49.596211 0.000000
145094 -43.542607 -25.218243 49.283906 0.000000
150228 -43.939041 -24.478830 48.316856 0.000000
150229 -44.057421 -24.256916 48.010031 0.000000
150230 -44.121658 -24.113217 47.568968 0.000000
150231 -44.891585 -22.911785 48.679386 0.000000
150232 -44.598847 -23.385627 47.970764 0.000000
150233 -44.228108 -23.843099 47.226529 0.000000
150234 -44.312534 -23.687577 46.837517 0.000000
150235 -44.418066 -23.484761 46.464030 0.000000
150236 -44.532775 -23.323782 46.115198 0.000000
150238 -46.034086 -20.402512 49.159714 0.000000
150239 -45.911118 -21.030057 48.488533 0.000000
150240 -46.560829 -20.246080 48.342425 0.000000
150241 -46.152466 -20.911824 48.101348 0.000000
150242 -45.724830 -21.583025 47.831962 0.000000
150243 -45.451364 -22.162368 47.172652 0.000000
150244 -45.090719 -22.655310 46.490512 0.000000
150245 -44.680520 -23.161894 45.780064 0.000000
150246 -44.774123 -23.060941 45.489675 0.000000
150247 -44.949398 -22.905419 45.114361 0.000000
150248 -45.074201 -22.811741 44.682431 0.000000
150249 -46.148795 -22.008665 45.667744 0.000000
150250 -45.685371 -22.373369 44.961862 0.000000
150251 -45.192581 -22.644396 44.214887 0.000000
150252 -45.321055 -22.583460 43.690726 0.000000
150253 -45.437599 -22.550719 43.231400 0.000000
150254 -45.566991 -22.598012 42.780293 0.000000
150273 -48.309912 -20.278821 46.395542 0.000000
150274 -48.062140 -20.910005 45.849465 0.000000
150275 -47.724437 -21.422955 45.233987 0.000000
150276 -48.415444 -21.289261 44.921682 0.000000
150277 -47.851994 -21.581206 44.713479 0.000000
150278 -47.262848 -21.818582 44.515320 0.000000
150279 -46.770059 -22.078695 43.795741 0.000000
150280 -46.238727 -22.311524 43.057898 0.000000
150281 -45.676194 -22.571637 42.293572 0.000000
150282 -45.656005 -22.702603 41.728319 0.000000
150283 -45.701889 -22.715336 41.209637 0.000000
150284 -45.736760 -22.768996 40.735700 0.000000
150285 -46.955428 -22.447947 41.712795 0.000000
150286 -46.362612 -22.651672 41.017871 0.000000
150287 -45.714736 -22.838117 40.188710 0.000000
150288 -45.700053 -22.902690 39.692858 0.000000
150289 -45.646828 -23.029109 39.125778 0.000000
150290 -45.583509 -23.089135 38.566916 0.000000
150291 -49.224831 -21.693982 42.735548 0.000000
150292 -48.637521 -22.079605 42.029666 0.000000
150293 -47.979550 -22.333352 41.160326 0.000000
150294 -48.483352 -22.088700 40.974038 0.000000
150295 -47.957526 -22.339718 40.752138 0.000000
150296 -47.385816 -22.545262 40.430701 0.000000
150297 -46.782906 -22.764448 39.663636 0.000000
150298 -46.151548 -22.963626 38.860958 0.000000
150299 -45.552308 -23.128243 38.073803 0.000000
150300 -45.521107 -23.100958 37.572472 0.000000
150301 -45.555061 -22.983634 37.140541 0.000000
150302 -45.551391 -22.751715 36.667518 0.000000
150303 -46.589277 -22.446128 37.768804 0.000000
150304 -46.033168 -22.454313 36.985302 0.000000
150305 -45.524778 -22.456132 36.232848 0.000000
150306 -45.531202 -22.175101 35.809136 0.000000
150307 -45.549555 -21.923173 35.321502 0.000000
150308 -45.537625 -21.701258 34.787297 0.000000
150369 -50.795885 -19.799522 40.824278 0.000000
150370 -50.326954 -20.205153 40.354908 0.000000
150371 -49.808470 -20.576224 39.836226 0.000000
150372 -51.648402 -17.927799 39.106601 0.000000
150373 -51.262062 -18.473491 39.130344 0.000000
150374 -50.924359 -18.948243 39.239011 0.000000
150375 -50.400368 -19.142873 38.175166 0.000000
150376 -50.482959 -19.320223 38.698413 0.000000
150377 -50.589408 -19.443003 39.268233 0.000000
150378 -50.155350 -19.891380 39.270972 0.000000
150379 -49.743315 -20.385231 39.306586 0.000000
150380 -49.220242 -20.868169 39.234445 0.000000
150381 -48.624673 -21.103726 38.563264 0.000000
150382 -48.022681 -21.235601 37.861947 0.000000
150383 -47.472077 -21.354744 37.158805 0.000000
150384 -47.962114 -20.737203 36.834629 0.000000
150385 -47.460148 -21.101907 36.640123 0.000000
150386 -46.952675 -21.404766 36.438312 0.000000
150387 -46.461721 -21.436598 35.727864 0.000000
150388 -45.998297 -21.470249 35.008284 0.000000
150389 -45.583509 -21.497533 34.279573 0.000000
150390 -45.682618 -21.353835 33.768196 0.000000
150391 -45.777138 -21.206498 33.258646 0.000000
150392 -45.878999 -21.078260 32.780144 0.000000
150393 -46.654432 -20.673539 33.678705 0.000000
150394 -46.288281 -20.835427 32.956386 0.000000
150395 -45.976273 -21.003682 32.281552 0.000000
150396 -46.091899 -20.938199 31.861493 0.000000
150397 -46.232303 -20.937290 31.387556 0.000000
150399 -48.582460 -19.397529 34.192821 0.000000
150400 -48.130048 -19.586702 33.567298 0.000000
150401 -47.725355 -19.791337 32.976476 0.000000
150402 -48.368643 -19.293847 32.532674 0.000000
150403 -47.873100 -19.668556 32.473318 0.000000
150404 -47.411511 -20.016889 32.355519 0.000000
150405 -47.069220 -20.294283 31.709906 0.000000
150406 -46.793000 -20.631702 31.077078 0.000000
150417 -52.064107 -16.350749 34.988194 0.000000
150418 -51.641978 -16.652699 34.403764 0.000000
150419 -51.181307 -16.925545 33.789199 0.000000
150420 -51.824595 -16.250706 33.519813 0.000000
150421 -51.240955 -16.734552 33.363661 0.000000
150422 -50.756425 -17.171106 33.181027 0.000000
150423 -50.382932 -17.433038 32.576507 0.000000
150424 -50.056241 -17.686785 32.052346 0.000000
150425 -49.748821 -17.930527 31.472481 0.000000
150426 -52.135685 -15.744122 31.641418 0.000000
150427 -51.595177 -16.177037 31.443260 0.000000
150428 -51.049162 -16.661793 31.347377 0.000000
150429 -50.685764 -16.898260 30.272573 0.000000
150430 -50.624280 -16.996484 30.735551 0.000000
150431 -50.515995 -17.105623 31.228664 0.000000
150432 -50.069089 -17.506706 31.123649 0.000000
150433 -49.761669 -17.876867 30.988500 0.000000
150434 -49.460672 -18.160627 30.881659 0.000000
150967 -22.114972 -31.451864 59.105986 0.000000
150968 -21.682748 -31.739261 58.361751 0.000000
150969 -21.225748 -32.068495 57.670480 0.000000
150970 -21.624017 -32.176724 56.516230 0.000000
150978 -20.093341 -34.647799 52.756700 0.000000
150979 -20.612743 -33.859274 52.997777 0.000000
150980 -20.374148 -34.383139 52.518362 0.000000
150985 -25.552570 -30.927999 58.068623 0.000000
150986 -25.041427 -31.130815 57.137187 0.000000
150987 -24.607368 -31.362734 56.312593 0.000000
150988 -25.053357 -31.594653 55.391202 0.000000
150989 -24.613792 -31.548269 55.471561 0.000000
150990 -24.120084 -31.628304 55.506261 0.000000
150991 -23.662166 -31.882051 54.730978 0.000000
150992 -23.242790 -32.123065 53.952042 0.000000
150993 -22.834426 -32.384997 53.230636 0.000000
150994 -25.142371 -32.247664 52.118392 0.000000
150995 -24.629392 -32.288591 52.073647 0.000000
150996 -24.169639 -32.320423 52.137569 0.000000
150997 -23.686943 -32.767891 50.671928 0.000000
150998 -23.641060 -32.578717 51.370504 0.000000
150999 -23.668590 -32.396820 52.143961 0.000000
151000 -23.227190 -32.466851 52.320204 0.000000
151001 -22.792213 -32.548704 52.429784 0.000000
151002 -22.423309 -32.686037 52.600547 0.000000
151003 -21.997510 -33.055288 52.003333 0.000000
151004 -21.647877 -33.504575 51.441732 0.000000
151005 -21.334951 -34.050267 50.912092 0.000000
151007 -21.375328 -34.345850 50.215342 0.000000
151008 -21.048637 -34.609601 50.490206 0.000000
151021 -22.886734 -36.004753 47.465780 0.000000
151039 -33.001312 -30.946189 57.594686 0.000000
151040 -32.465391 -31.177199 57.062307 0.000000
151041 -31.995543 -31.369100 56.489748 0.000000
151042 -32.437861 -31.339087 55.560139 0.000000
151043 -31.992790 -31.431855 55.772908 0.000000
151044 -31.496330 -31.548269 55.880662 0.000000
151045 -31.067777 -31.684692 55.247834 0.000000
151046 -30.670425 -31.836576 54.616832 0.000000
151047 -30.253802 -32.023021 53.931039 0.000000
151048 -32.489251 -31.874775 52.733871 0.000000
151049 -32.099240 -31.867499 52.898242 0.000000
151050 -31.593603 -31.922978 53.006909 0.000000
151051 -31.200840 -32.325880 51.842614 0.000000
151052 -31.156791 -32.116698 52.418826 0.000000
151053 -31.129261 -31.961176 53.087268 0.000000
151054 -30.727321 -32.003922 53.172193 0.000000
151055 -30.268485 -32.117608 53.241594 0.000000
151056 -29.769272 -32.147621 53.150277 0.000000
151057 -29.354484 -32.194914 52.411521 0.000000
151058 -28.969062 -32.253121 51.729381 0.000000
151059 -28.548768 -32.324061 50.999756 0.000000
151060 -29.077347 -32.481402 50.503904 0.000000
151061 -28.552439 -32.435928 50.377886 0.000000
151062 -28.049555 -32.481402 50.208036 0.000000
151063 -27.587048 -32.708774 49.454669 0.000000
151064 -27.173178 -32.988896 48.775269 0.000000
151065 -26.790509 -33.384522 48.140614 0.000000
151067 -31.757866 -33.622808 49.043742 0.000000
151068 -31.430258 -33.730127 49.136885 0.000000
151070 -30.926456 -34.020254 48.771616 0.000000
151071 -31.014552 -33.824714 49.184370 0.000000
151072 -30.647484 -33.859274 49.115882 0.000000
151073 -30.294180 -33.806524 49.160628 0.000000
151074 -29.839015 -33.762869 49.020912 0.000000
151081 -29.342554 -34.419518 48.227366 0.000000
151082 -29.403121 -34.037534 48.555194 0.000000
151083 -29.481123 -33.676468 48.916811 0.000000
151084 -29.068170 -33.628265 48.683039 0.000000
151085 -28.626770 -33.587338 48.404521 0.000000
151086 -28.202806 -33.554596 48.272111 0.000000
151087 -27.843996 -34.516833 47.413729 0.000000
151088 -27.821972 -34.032077 47.677636 0.000000
151089 -27.816466 -33.538226 48.071213 0.000000
151090 -27.310829 -33.681925 47.853878 0.000000
151091 -26.829969 -33.767416 47.672157 0.000000
151092 -26.394075 -33.900201 47.547965 0.000000
151093 -26.060960 -34.431341 47.116035 0.000000
151094 -25.756293 -35.161659 46.805556 0.000000
