#!ascii label  , from subject fsaverage vox2ras=TkReg 
1996
46 -38.416493 -20.566219 35.630154 0.000000
100 -50.712376 -11.290366 28.607860 0.000000
224 -43.958312 -16.456249 31.256059 0.000000
237 -13.788936 -31.860223 59.660282 0.000000
369 -35.457001 -20.190601 40.888200 0.000000
373 -28.333115 -27.712055 56.829448 0.000000
374 -36.403121 -26.248691 55.796650 0.000000
850 -39.459885 -22.811741 49.440058 0.000000
851 -39.937075 -20.096924 47.168999 0.000000
857 -20.475092 -29.108117 52.313811 0.000000
858 -24.470635 -27.683861 57.890554 0.000000
859 -23.905349 -27.805732 51.186957 0.000000
861 -32.035921 -27.707507 50.251868 0.000000
862 -36.205821 -25.832146 50.104848 0.000000
1023 -42.101862 -18.367081 42.575743 0.000000
1025 -45.361432 -18.469853 40.621554 0.000000
1026 -46.962770 -13.927877 29.681751 0.000000
1552 -41.088753 -18.956428 33.254080 0.000000
1556 -47.654694 -11.154852 23.310548 0.000000
1579 -10.595438 -33.663735 61.945952 0.000000
1816 -40.202282 -18.537155 44.775574 0.000000
1817 -36.343472 -19.875919 38.362366 0.000000
1828 -27.603566 -28.008548 50.425371 0.000000
1829 -32.511275 -28.034923 56.235886 0.000000
2055 -47.509702 -17.242046 37.776109 0.000000
2065 -55.579707 -9.073038 20.182020 0.000000
2770 -37.609859 -24.078656 47.017412 0.000000
2771 -38.189828 -22.783547 45.922519 0.000000
2778 -22.164526 -28.313226 51.671851 0.000000
2781 -33.921736 -26.479701 47.537007 0.000000
2782 -35.958968 -25.373765 47.449343 0.000000
2783 -37.998952 -24.511572 49.822677 0.000000
2943 -40.329838 -19.582155 39.134910 0.000000
2944 -43.916099 -18.444387 41.726492 0.000000
2945 -41.820137 -19.619444 38.089327 0.000000
2946 -48.745806 -12.687337 29.094581 0.000000
2947 -50.287494 -12.723717 32.494321 0.000000
2952 -52.398139 -9.871567 28.008819 0.000000
3587 -11.955428 -32.522329 57.006603 0.000000
3589 -12.184846 -32.754248 60.679382 0.000000
3988 -37.815418 -20.295192 43.750995 0.000000
3989 -39.798506 -19.171976 45.917040 0.000000
3990 -37.699791 -19.484840 42.733721 0.000000
3991 -38.105402 -19.094670 41.532900 0.000000
3992 -35.579052 -19.778604 39.707469 0.000000
4010 -26.396828 -27.555623 57.383744 0.000000
4011 -26.546408 -27.310062 60.614547 0.000000
4012 -28.455166 -27.322795 59.947018 0.000000
4014 -30.253802 -27.525610 59.396375 0.000000
4016 -25.305716 -27.403739 47.799088 0.000000
4017 -27.230074 -27.678404 47.431079 0.000000
4018 -34.581542 -27.384640 53.119229 0.000000
4019 -32.398401 -28.024918 53.255292 0.000000
4020 -34.638438 -27.377364 56.180183 0.000000
4021 -34.382408 -27.391916 58.669490 0.000000
4048 -17.065024 -30.279535 55.792998 0.000000
4049 -18.982958 -29.267277 59.374459 0.000000
4050 -19.128868 -28.675201 63.259094 0.000000
4511 -42.361564 -17.706793 32.225848 0.000000
4512 -44.318957 -18.284317 35.598193 0.000000
4513 -45.599109 -16.931911 34.735246 0.000000
4539 -57.049818 -8.701058 18.700854 0.000000
5898 -13.698086 -30.777934 64.021593 0.000000
6136 -40.640929 -21.108273 52.037120 0.000000
6137 -41.175014 -19.627629 50.848170 0.000000
6138 -39.976535 -21.300175 48.350644 0.000000
6139 -38.069613 -21.418408 44.798404 0.000000
6149 -20.640273 -28.934405 55.674285 0.000000
6150 -22.620609 -28.141333 58.478637 0.000000
6151 -22.331542 -28.239557 54.921831 0.000000
6152 -24.141191 -27.811189 54.407715 0.000000
6153 -26.115103 -27.850297 54.073494 0.000000
6155 -29.471028 -27.755710 47.432906 0.000000
6156 -31.734925 -27.300967 47.485870 0.000000
6157 -34.225486 -26.936263 50.249129 0.000000
6158 -36.348978 -26.110449 52.982253 0.000000
6160 -37.969586 -24.580693 52.762179 0.000000
6161 -39.465391 -22.975449 52.449874 0.000000
6174 -18.724174 -29.589235 52.460832 0.000000
6447 -43.773860 -17.112899 45.584645 0.000000
6448 -46.856320 -16.115192 46.977233 0.000000
6449 -45.530284 -16.945553 44.639512 0.000000
6450 -47.268354 -17.116537 43.498047 0.000000
6452 -45.477977 -15.159322 30.490821 0.000000
6453 -47.196776 -15.600423 34.079588 0.000000
6454 -48.848585 -14.187990 33.253167 0.000000
6532 -6.593472 -35.851959 66.735541 0.000000
7456 -39.737940 -20.025075 34.335276 0.000000
7458 -39.297458 -17.692242 30.317318 0.000000
7462 -42.055979 -15.071101 28.275465 0.000000
7463 -43.696776 -14.021554 27.551320 0.000000
7464 -45.424752 -13.086602 27.014374 0.000000
7465 -47.326168 -12.102537 26.523088 0.000000
7466 -48.931176 -11.215788 26.060109 0.000000
7467 -45.884505 -11.484996 23.861191 0.000000
7522 -12.022418 -31.698334 65.164884 0.000000
7523 -10.173309 -32.824279 66.148371 0.000000
7524 -8.182879 -34.160314 66.889867 0.000000
8075 -43.957395 -16.646332 49.703052 0.000000
8076 -41.371396 -18.502594 49.471106 0.000000
8077 -41.794442 -17.773186 48.022815 0.000000
8078 -42.629524 -17.320262 46.802817 0.000000
8079 -40.915313 -18.289774 43.688900 0.000000
8080 -39.113005 -19.240188 40.270896 0.000000
8081 -37.408889 -20.373408 37.029134 0.000000
8104 -24.566991 -27.527429 61.201717 0.000000
8111 -25.706739 -27.758439 50.665535 0.000000
8112 -28.006424 -28.012185 53.466235 0.000000
8113 -29.748165 -28.109501 50.248216 0.000000
8114 -30.143682 -28.241376 53.335651 0.000000
8115 -30.283168 -28.022190 56.333596 0.000000
8116 -32.257997 -27.707507 58.927918 0.000000
8149 -13.650367 -31.929344 56.438610 0.000000
8151 -15.348978 -31.129905 56.029509 0.000000
8152 -15.405873 -30.840689 59.158037 0.000000
8733 -43.074594 -19.188347 36.746051 0.000000
8734 -46.523205 -18.257033 39.073727 0.000000
8735 -49.581805 -16.794578 40.481839 0.000000
8736 -48.869692 -15.827794 37.081185 0.000000
8760 -50.729812 -10.382698 25.476592 0.000000
8761 -52.642240 -9.514139 24.651998 0.000000
8762 -54.549162 -8.472777 23.768047 0.000000
8764 -53.713163 -9.902489 21.433066 0.000000
8765 -56.343210 -8.018033 22.541657 0.000000
10450 -36.478370 -24.574326 45.800154 0.000000
10451 -36.975748 -23.973156 45.355439 0.000000
10452 -35.912166 -24.391520 44.280635 0.000000
10461 -34.773336 -25.717551 46.164509 0.000000
10462 -35.643289 -25.196415 45.995573 0.000000
10463 -36.793131 -24.780780 47.196394 0.000000
10623 -39.374542 -20.187873 37.340526 0.000000
10624 -41.104353 -19.662190 38.633578 0.000000
10625 -40.063713 -20.164226 36.773446 0.000000
10626 -49.724044 -12.011589 28.890943 0.000000
10627 -50.406792 -12.027050 30.340148 0.000000
10628 -51.406136 -11.324926 30.065283 0.000000
10630 -52.314631 -10.521850 29.674445 0.000000
10632 -51.589671 -10.560958 28.322950 0.000000
11267 -12.905218 -32.389544 58.161766 0.000000
11268 -12.111432 -32.786080 58.739804 0.000000
11269 -12.982302 -32.315876 60.157048 0.000000
11668 -36.669246 -20.243351 42.256132 0.000000
11669 -37.728239 -19.838630 43.267927 0.000000
11670 -36.581149 -19.875009 41.768498 0.000000
11671 -36.611432 -19.589431 41.196852 0.000000
11672 -35.436812 -19.899566 40.336644 0.000000
11687 -20.957788 -28.536959 61.149666 0.000000
11690 -27.419114 -27.621106 57.167322 0.000000
11691 -27.517305 -27.379183 58.811032 0.000000
11692 -28.415706 -27.488321 58.538907 0.000000
11693 -29.313189 -27.387368 59.656629 0.000000
11694 -29.326036 -27.573813 58.147156 0.000000
11698 -35.613923 -26.923530 54.508164 0.000000
11699 -34.657709 -27.450123 54.669796 0.000000
11700 -35.574463 -26.839857 56.106216 0.000000
11701 -35.432224 -26.843495 57.334432 0.000000
11727 -19.833640 -29.146315 57.536243 0.000000
11729 -19.922654 -28.968965 59.415552 0.000000
11730 -19.985973 -28.777973 61.276597 0.000000
12183 -45.522943 -16.408047 49.430927 0.000000
12191 -43.151679 -17.080157 31.749172 0.000000
12192 -43.979419 -17.383016 33.465936 0.000000
12193 -44.743839 -16.691806 33.084230 0.000000
14065 -40.108679 -22.025036 50.681973 0.000000
14066 -40.440877 -21.199222 50.219907 0.000000
14067 -39.811354 -22.064143 48.907679 0.000000
14069 -38.217358 -22.085971 45.335349 0.000000
14070 -37.266650 -21.928630 43.791175 0.000000
14071 -37.055585 -21.320184 43.210397 0.000000
14087 -20.550341 -29.063552 53.858899 0.000000
14088 -21.475354 -28.589709 55.202175 0.000000
14089 -21.433141 -28.688843 53.564857 0.000000
14090 -22.991348 -27.986720 51.239921 0.000000
14091 -23.118904 -27.985810 52.968556 0.000000
14092 -24.023729 -27.832107 52.703736 0.000000
14093 -25.112088 -27.780266 54.213210 0.000000
14094 -24.978107 -27.816646 52.585937 0.000000
14096 -30.416230 -27.304605 46.159030 0.000000
14098 -35.046802 -26.212312 48.712260 0.000000
14099 -34.115365 -26.695249 48.882110 0.000000
14100 -35.214736 -26.444231 50.144114 0.000000
14101 -35.400106 -26.637042 51.587839 0.000000
14102 -36.353567 -25.950379 51.602450 0.000000
14103 -37.158365 -25.339205 52.895502 0.000000
14104 -37.186812 -25.289183 51.445385 0.000000
14105 -38.820268 -23.674844 49.650088 0.000000
14106 -38.873493 -23.813996 51.145864 0.000000
14107 -39.514946 -22.968173 50.887436 0.000000
14108 -40.105009 -22.055049 52.266326 0.000000
14129 -19.586786 -29.351859 52.309245 0.000000
14583 -42.973651 -17.724074 44.171054 0.000000
14584 -44.680520 -16.952829 45.121667 0.000000
14585 -43.877557 -17.671323 43.696205 0.000000
14586 -44.633719 -18.465305 41.216942 0.000000
14587 -45.620216 -17.772277 42.785772 0.000000
14588 -46.400237 -17.790466 42.210474 0.000000
14589 -47.998821 -17.142912 42.779380 0.000000
14590 -47.114186 -17.744082 41.546597 0.000000
14591 -46.254327 -14.511767 30.092678 0.000000
14592 -47.129786 -14.797346 31.801223 0.000000
14593 -47.914395 -14.133421 31.372946 0.000000
14594 -51.856713 -12.043421 33.825726 0.000000
16399 -42.831411 -14.523591 27.930286 0.000000
16400 -42.186288 -13.692320 26.679240 0.000000
16402 -43.862874 -12.882877 26.030888 0.000000
16403 -44.795229 -12.534544 25.750544 0.000000
16404 -46.346094 -12.623673 26.769644 0.000000
16405 -45.742266 -12.174387 25.400799 0.000000
16406 -46.558076 -11.890627 25.139632 0.000000
16520 -10.471552 -33.676468 59.903186 0.000000
16524 -9.764945 -34.142125 62.557778 0.000000
16525 -13.462245 -30.296816 65.881724 0.000000
16526 -12.866676 -31.236315 64.567670 0.000000
16527 -12.539985 -30.737917 66.474373 0.000000
16529 -10.815679 -31.959357 67.221348 0.000000
16530 -9.947562 -32.748791 67.564701 0.000000
16531 -9.199659 -33.443639 66.568430 0.000000
16532 -9.073021 -33.585519 67.750988 0.000000
16533 -8.276482 -34.405876 67.820389 0.000000
17718 -40.653776 -19.816802 49.018173 0.000000
17719 -41.280546 -19.028277 50.193425 0.000000
17720 -40.644600 -19.310218 48.350644 0.000000
17721 -39.959099 -18.800906 45.365484 0.000000
17722 -40.804275 -18.487133 47.008281 0.000000
17723 -41.074988 -18.183364 46.388237 0.000000
17724 -42.178029 -17.475784 47.368984 0.000000
17725 -41.491611 -17.921432 45.822983 0.000000
17726 -41.914657 -17.838669 45.286038 0.000000
17727 -40.535397 -18.368900 44.244108 0.000000
17728 -37.180389 -19.415719 39.918411 0.000000
17729 -38.520190 -19.085575 40.878155 0.000000
17730 -37.713556 -19.561237 39.231706 0.000000
17731 -38.209099 -19.774056 38.617141 0.000000
17732 -36.825250 -20.124209 37.692097 0.000000
17785 -23.563975 -27.895771 58.252170 0.000000
17786 -23.657578 -27.788452 59.989024 0.000000
17787 -24.586262 -27.601098 59.588141 0.000000
17803 -26.399581 -27.749344 49.009041 0.000000
17804 -25.466309 -27.616559 49.139625 0.000000
17805 -26.609728 -27.871215 50.551389 0.000000
17806 -26.875853 -27.927603 52.165877 0.000000
17807 -27.851338 -28.056750 51.959501 0.000000
17808 -30.721815 -27.808460 48.854715 0.000000
17809 -29.505900 -27.991267 48.693997 0.000000
17810 -30.976928 -27.966711 50.342272 0.000000
17811 -32.496592 -28.163160 54.760200 0.000000
17812 -31.284348 -28.225005 53.300037 0.000000
17813 -31.455952 -28.233191 54.954705 0.000000
17814 -30.247379 -28.210454 54.901741 0.000000
17815 -31.422916 -28.124962 56.286111 0.000000
17816 -31.315549 -27.863939 57.732575 0.000000
17817 -32.425014 -27.883038 57.642171 0.000000
17830 -38.405481 -23.923134 55.290753 0.000000
17901 -16.217095 -30.664248 55.881575 0.000000
17902 -16.207001 -30.583304 57.446753 0.000000
17903 -15.358154 -31.080793 57.568204 0.000000
17908 -19.164657 -28.583343 64.747565 0.000000
19286 -40.401417 -19.560327 33.748107 0.000000
19287 -41.353042 -19.609439 35.508703 0.000000
19288 -42.037625 -19.155606 34.960799 0.000000
19289 -45.885423 -17.821389 36.741485 0.000000
19290 -45.367856 -18.415283 37.314044 0.000000
19291 -47.014159 -17.821389 38.319447 0.000000
19292 -48.115365 -17.483060 39.876405 0.000000
19293 -48.541165 -17.159283 39.115733 0.000000
19294 -48.809125 -15.049274 35.379032 0.000000
19295 -48.047458 -15.730479 35.678553 0.000000
19296 -49.582723 -15.149317 36.806320 0.000000
19353 -48.277793 -11.314013 24.578031 0.000000
19354 -49.871789 -10.769230 25.825424 0.000000
19355 -49.262455 -11.047533 24.311385 0.000000
19357 -51.158365 -10.453638 23.740652 0.000000
19358 -52.166886 -10.070744 23.407344 0.000000
19359 -53.522287 -9.020288 24.195412 0.000000
19360 -53.207526 -9.639648 23.060339 0.000000
19364 -53.977453 -9.923408 19.605808 0.000000
19365 -53.020321 -10.178973 20.163756 0.000000
19366 -54.660200 -9.493221 20.861420 0.000000
19367 -55.129131 -8.823838 22.093289 0.000000
19368 -55.945858 -8.494604 21.385581 0.000000
19370 -56.777269 -8.382737 20.676959 0.000000
19372 -57.973913 -8.882046 18.995809 0.000000
23416 -38.607368 -23.507499 48.198144 0.000000
23417 -38.926718 -22.858125 47.589971 0.000000
23418 -38.007211 -23.468391 46.444853 0.000000
23419 -37.229025 -23.364709 44.806622 0.000000
23430 -21.337704 -28.715219 51.916581 0.000000
23436 -33.718931 -26.225954 46.183686 0.000000
23437 -35.001836 -25.933099 47.503220 0.000000
23438 -36.138831 -25.589313 48.781661 0.000000
23439 -37.163871 -25.166402 50.032707 0.000000
23440 -37.006949 -25.010880 48.572545 0.000000
23441 -37.845701 -24.327855 48.393563 0.000000
23727 -41.247510 -18.999174 40.901898 0.000000
23728 -43.041558 -18.389818 42.137420 0.000000
23729 -42.067909 -19.050105 40.419743 0.000000
23730 -42.851600 -19.071023 39.935762 0.000000
23731 -43.591244 -19.053743 39.394250 0.000000
23732 -47.829969 -13.303969 29.362140 0.000000
23733 -48.634768 -13.530431 30.950147 0.000000
23734 -49.401024 -12.797385 30.598575 0.000000
23735 -50.979419 -11.968843 32.096178 0.000000
23744 -53.190090 -9.273125 27.595152 0.000000
24890 -11.280939 -33.202625 59.357109 0.000000
24891 -11.393812 -33.174431 61.339606 0.000000
25608 -38.926718 -20.240623 45.403837 0.000000
25609 -39.885685 -19.613077 46.567218 0.000000
25610 -38.834033 -19.735858 44.842236 0.000000
25611 -38.805585 -19.380249 44.287941 0.000000
25612 -38.905612 -19.061928 43.727253 0.000000
25613 -39.158889 -18.840923 43.213137 0.000000
25614 -37.869560 -19.215632 42.179426 0.000000
25615 -36.820661 -19.440275 40.594159 0.000000
25616 -35.875460 -19.770418 39.027155 0.000000
25648 -25.408496 -27.600188 57.586468 0.000000
25649 -25.547982 -27.451032 59.379025 0.000000
25650 -26.501443 -27.383730 59.026540 0.000000
25651 -27.520058 -27.281868 60.331464 0.000000
25655 -30.181306 -27.613830 60.512272 0.000000
25660 -26.198611 -27.536524 47.516004 0.000000
25661 -27.398008 -27.904866 48.908592 0.000000
25662 -33.366545 -27.593822 51.710204 0.000000
25663 -32.242397 -27.932151 51.750384 0.000000
25664 -33.502360 -27.786633 53.163062 0.000000
25665 -33.601469 -27.897590 54.703583 0.000000
25666 -33.625328 -27.803004 56.234060 0.000000
25667 -33.515208 -27.659305 57.577336 0.000000
25668 -34.541165 -27.274592 57.529851 0.000000
25715 -17.926718 -29.969401 54.082626 0.000000
25717 -17.943236 -29.962125 55.636845 0.000000
25719 -18.035921 -29.565588 59.210088 0.000000
25720 -18.094652 -29.207251 61.198064 0.000000
25721 -19.035265 -28.977151 61.344172 0.000000
26549 -41.687075 -18.350710 32.693393 0.000000
26550 -42.637783 -18.650841 34.399198 0.000000
26551 -43.270976 -18.066041 33.885996 0.000000
26552 -44.944809 -17.603112 35.148913 0.000000
26553 -46.518617 -17.119265 36.342429 0.000000
26589 -47.060961 -10.645540 22.128903 0.000000
26590 -48.582460 -11.017520 23.122434 0.000000
26591 -48.027269 -10.648268 21.883260 0.000000
26598 -54.873100 -9.577803 18.930974 0.000000
26599 -56.404694 -8.763812 19.456048 0.000000
26600 -55.712770 -9.228560 18.264358 0.000000
26601 -56.457919 -8.921153 17.510078 0.000000
29117 -14.610252 -30.978021 61.240983 0.000000
29118 -13.836655 -31.450045 61.756925 0.000000
29675 -41.461328 -19.672194 52.575892 0.000000
29676 -40.952020 -20.338848 51.495609 0.000000
29677 -40.587704 -20.452533 49.614474 0.000000
29678 -39.953593 -20.636250 47.717815 0.000000
29679 -39.176325 -22.091428 47.072203 0.000000
29680 -39.179996 -21.372934 46.567218 0.000000
29681 -39.068040 -20.807233 45.966351 0.000000
29682 -37.992528 -20.834518 44.293420 0.000000
29683 -36.872969 -20.754483 42.720024 0.000000
29705 -20.733876 -28.783430 57.499716 0.000000
29706 -21.711196 -28.383256 58.802813 0.000000
29707 -21.611170 -28.486028 57.020301 0.000000
29708 -22.479287 -28.203178 56.627637 0.000000
29709 -23.384112 -27.909413 56.418521 0.000000
29710 -22.243446 -28.318682 53.251639 0.000000
29711 -23.228107 -27.965802 54.649706 0.000000
29712 -24.310960 -27.776628 56.110782 0.000000
29713 -25.248821 -27.701141 55.920842 0.000000
29714 -26.270189 -27.764805 55.629540 0.000000
29715 -27.264028 -27.846659 55.403073 0.000000
29719 -30.573152 -27.581089 47.455735 0.000000
29720 -31.888176 -27.506511 48.787140 0.000000
29721 -32.768223 -26.934444 47.435645 0.000000
29722 -33.040771 -27.168182 48.888502 0.000000
29723 -33.101338 -27.407377 50.205297 0.000000
29724 -34.431044 -27.170910 51.733034 0.000000
29725 -35.549686 -26.811663 53.091834 0.000000
29726 -36.427898 -26.157742 54.439676 0.000000
29727 -37.109728 -25.534744 55.499869 0.000000
29728 -37.105140 -25.361032 54.214123 0.000000
29729 -37.806241 -24.579783 54.132850 0.000000
29730 -38.511930 -23.820362 53.992222 0.000000
29731 -38.006293 -24.595245 51.235355 0.000000
29732 -38.722995 -23.783073 52.604200 0.000000
29733 -39.272680 -22.986363 53.870770 0.000000
29734 -39.984794 -22.166006 53.673525 0.000000
29765 -18.826954 -29.697464 54.032401 0.000000
30399 -44.563058 -16.510819 47.001888 0.000000
30401 -45.471553 -16.385310 46.443027 0.000000
30402 -46.254327 -16.313460 45.875947 0.000000
30403 -47.157316 -16.357115 45.342654 0.000000
30404 -44.809912 -17.674052 43.298975 0.000000
30405 -46.463556 -17.020131 44.134528 0.000000
30410 -44.727321 -15.797781 30.876180 0.000000
30411 -45.550473 -16.078813 32.708916 0.000000
30412 -46.380048 -15.440353 32.261462 0.000000
30413 -48.067646 -14.928312 33.685098 0.000000
30414 -49.654301 -14.302585 35.017416 0.000000
30415 -49.570793 -13.485866 32.832195 0.000000
30416 -50.393027 -13.566811 34.603749 0.000000
32847 -37.407054 -20.569857 33.996489 0.000000
32848 -39.081805 -20.367951 34.976323 0.000000
32849 -38.164133 -20.254265 33.341745 0.000000
32850 -38.852387 -19.774966 32.723527 0.000000
32851 -39.545229 -19.198351 32.161013 0.000000
32854 -40.217882 -18.523512 31.660595 0.000000
32855 -40.847405 -17.812294 31.172048 0.000000
32856 -41.502623 -17.128360 30.688979 0.000000
32857 -42.264290 -16.487172 30.150208 0.000000
32866 -42.986498 -15.862355 29.708233 0.000000
32867 -43.725224 -15.250270 29.311916 0.000000
32868 -44.497903 -14.681841 28.938428 0.000000
32869 -45.302701 -14.114322 28.576812 0.000000
32870 -42.922261 -13.243034 26.307579 0.000000
32871 -44.585082 -13.518608 27.306590 0.000000
32872 -46.196514 -13.576815 28.286423 0.000000
32873 -47.095832 -12.982920 28.022517 0.000000
32874 -48.020845 -12.392664 27.755870 0.000000
32875 -48.960541 -11.739652 27.548580 0.000000
32876 -49.785528 -11.159400 27.338551 0.000000
32877 -48.125460 -11.645066 26.289316 0.000000
32878 -47.404170 -11.593225 24.846504 0.000000
32879 -46.763635 -11.318560 23.574455 0.000000
32882 -46.206608 -10.747402 22.465863 0.000000
33028 -13.007997 -31.911154 62.346835 0.000000
33029 -12.207787 -32.355893 62.965966 0.000000
33030 -11.389224 -32.814274 63.627102 0.000000
33031 -11.659937 -31.315441 66.952876 0.000000
33032 -11.138700 -32.272220 65.663476 0.000000
33033 -10.519271 -33.285388 64.232535 0.000000
33034 -9.536445 -33.772873 64.834316 0.000000
33035 -8.513241 -34.239440 65.331082 0.000000
33036 -7.504720 -34.801503 65.775797 0.000000
33037 -7.353304 -34.933378 66.953789 0.000000
34535 -44.456608 -16.451702 49.016346 0.000000
34538 -42.216571 -17.784100 50.458245 0.000000
34539 -40.705166 -18.885488 47.661199 0.000000
34540 -41.565942 -18.063312 48.757919 0.000000
34542 -42.908496 -17.085614 48.965209 0.000000
34543 -43.335213 -16.867337 48.283069 0.000000
34544 -43.853698 -16.691806 47.635630 0.000000
34545 -43.249870 -17.193843 46.236650 0.000000
34546 -42.433142 -17.741354 44.760964 0.000000
34547 -41.498952 -18.276132 43.152867 0.000000
34548 -39.480074 -18.717233 42.586701 0.000000
34549 -39.921474 -18.734513 41.979441 0.000000
34550 -40.578527 -18.887307 41.396837 0.000000
34551 -39.665444 -19.410262 39.695597 0.000000
34552 -38.831280 -20.036898 38.010795 0.000000
34553 -37.925538 -20.543482 36.354300 0.000000
34571 -34.189697 -20.200606 39.507484 0.000000
34572 -34.241086 -20.063273 38.893832 0.000000
34573 -34.569613 -20.053269 38.239088 0.000000
34574 -34.903645 -20.194239 37.519508 0.000000
34577 -35.356057 -20.424339 36.806320 0.000000
34578 -35.891060 -20.638978 36.100438 0.000000
34579 -36.345307 -20.733565 35.348897 0.000000
34580 -36.891322 -20.716284 34.632057 0.000000
34621 -25.546146 -27.351898 60.899457 0.000000
34638 -23.713556 -27.678404 49.563337 0.000000
34640 -24.549555 -27.593822 49.351481 0.000000
34641 -24.745019 -27.731154 50.841778 0.000000
34642 -25.923309 -27.845749 52.364949 0.000000
34643 -27.065811 -27.923056 53.816893 0.000000
34644 -28.215653 -27.895771 55.187564 0.000000
34645 -28.237678 -27.781176 47.312367 0.000000
34646 -28.458836 -28.035832 48.840104 0.000000
34647 -28.647877 -28.097677 50.267392 0.000000
34648 -31.084295 -28.122233 51.718423 0.000000
34649 -29.924358 -28.195902 51.761342 0.000000
34650 -28.855271 -28.185897 51.791477 0.000000
34651 -29.098454 -28.163160 53.507327 0.000000
34652 -29.189303 -28.098587 54.971143 0.000000
34653 -29.286576 -27.847568 56.576499 0.000000
34654 -30.305192 -27.754801 57.951737 0.000000
34655 -31.231123 -27.646572 59.086810 0.000000
34752 -12.797850 -32.231294 56.713475 0.000000
34753 -13.754982 -31.971180 57.938039 0.000000
34758 -15.344389 -30.980750 54.618658 0.000000
34759 -14.424882 -31.319988 54.812251 0.000000
34760 -14.511143 -31.561002 56.253236 0.000000
34761 -14.566204 -31.541903 57.717965 0.000000
34762 -14.598322 -31.371829 59.397288 0.000000
34763 -15.412297 -30.455976 61.099441 0.000000
34766 -18.178160 -28.815262 63.195172 0.000000
36447 -40.717096 -19.937764 36.140618 0.000000
36448 -42.430389 -19.481202 37.405361 0.000000
36449 -44.202413 -19.013726 38.721243 0.000000
36450 -43.667410 -18.820914 36.142444 0.000000
36451 -44.816335 -18.810910 38.013534 0.000000
36452 -45.993708 -18.428016 39.905627 0.000000
36453 -47.560174 -17.720436 40.715611 0.000000
36456 -46.363530 -16.230697 34.417462 0.000000
36457 -47.264684 -16.411685 35.966202 0.000000
36458 -48.109859 -16.519004 37.401709 0.000000
36528 -50.637127 -10.548225 27.128521 0.000000
36529 -51.452938 -9.994348 26.795213 0.000000
36530 -52.270583 -9.467755 26.427205 0.000000
36531 -50.214998 -10.743765 24.085831 0.000000
36532 -51.709886 -9.984343 25.091234 0.000000
36533 -53.146042 -9.019378 25.940484 0.000000
36534 -54.071055 -8.534622 25.427281 0.000000
36535 -54.952020 -8.070784 24.902207 0.000000
36542 -52.703724 -10.205348 21.895131 0.000000
36543 -54.241742 -9.171262 22.628408 0.000000
36544 -55.532906 -8.154456 23.224710 0.000000
36549 -57.451758 -8.504609 19.856930 0.000000
41170 -36.002098 -24.753495 45.333523 0.000000
41171 -36.214998 -24.478830 45.068703 0.000000
41181 -35.111957 -25.350118 45.442190 0.000000
41182 -35.567122 -25.051807 45.405663 0.000000
41183 -36.099371 -24.884461 45.911561 0.000000
41343 -38.875329 -20.413425 36.483057 0.000000
41344 -39.723257 -20.190601 37.051051 0.000000
41345 -39.229550 -20.390688 36.189929 0.000000
41346 -50.240693 -11.662346 28.762186 0.000000
41347 -50.590326 -11.699635 29.484505 0.000000
41348 -51.163871 -11.301280 29.363053 0.000000
41349 -51.873231 -10.914748 29.901825 0.000000
41350 -51.567647 -10.937485 29.142979 0.000000
41351 -51.969587 -10.576419 29.006003 0.000000
41352 -51.160200 -10.927481 28.459013 0.000000
41987 -13.364971 -32.157625 58.930657 0.000000
41988 -12.966702 -32.394092 59.164429 0.000000
41989 -13.388831 -32.093961 59.898620 0.000000
42388 -36.101207 -20.207881 41.575819 0.000000
42389 -36.598585 -20.034170 42.017794 0.000000
42390 -36.059912 -20.039626 41.325610 0.000000
42391 -36.020452 -19.871371 41.051658 0.000000
42392 -35.447825 -20.018708 40.631599 0.000000
42408 -21.394599 -28.419635 60.897630 0.000000
42409 -21.357892 -28.481481 60.020072 0.000000
42410 -27.870609 -27.666581 56.959119 0.000000
42411 -27.922916 -27.526520 57.802890 0.000000
42412 -28.374411 -27.587455 57.703354 0.000000
42413 -28.887389 -27.505601 58.421107 0.000000
42414 -28.836000 -27.628382 57.547201 0.000000
42418 -36.031464 -26.613395 55.134600 0.000000
42419 -35.653383 -26.877146 55.324540 0.000000
42420 -36.001181 -26.559735 55.919015 0.000000
42422 -36.355402 -26.280523 56.486095 0.000000
42450 -20.421867 -28.771607 60.348814 0.000000
42911 -43.601338 -16.758199 31.509921 0.000000
42912 -44.000525 -16.920997 32.422180 0.000000
42913 -44.384112 -16.613591 32.194801 0.000000
44785 -39.803095 -22.442490 50.051884 0.000000
44786 -39.951757 -22.032311 49.766974 0.000000
44787 -39.622313 -22.438852 49.123188 0.000000
44788 -36.819744 -22.548900 43.488002 0.000000
44789 -37.262062 -22.299701 43.991160 0.000000
44808 -20.973388 -28.898935 53.626040 0.000000
44809 -20.919245 -28.920763 52.792314 0.000000
44810 -23.441007 -27.893043 51.170520 0.000000
44811 -23.507080 -27.909413 51.975024 0.000000
44812 -23.964998 -27.833017 51.903797 0.000000
44813 -24.456870 -27.814827 52.637074 0.000000
44814 -24.383456 -27.795728 51.791477 0.000000
44818 -35.623100 -26.038600 49.396226 0.000000
44819 -35.202806 -26.305079 49.490283 0.000000
44820 -35.721291 -26.140462 50.112153 0.000000
44821 -35.795622 -26.232320 50.872826 0.000000
44822 -36.237022 -25.945832 50.800685 0.000000
44823 -36.733483 -25.664801 51.473693 0.000000
44824 -36.703199 -25.610232 50.719413 0.000000
44825 -39.168066 -23.246476 49.564250 0.000000
44826 -39.233220 -23.331968 50.269219 0.000000
44827 -39.555323 -22.857216 50.214428 0.000000
44828 -39.893026 -22.451585 50.864607 0.000000
44849 -20.025433 -29.216346 52.272719 0.000000
44850 -20.077740 -29.262729 53.071744 0.000000
45303 -42.590981 -18.020566 43.394858 0.000000
45304 -43.440745 -17.672233 43.947327 0.000000
45305 -43.004851 -18.043303 43.170218 0.000000
45306 -45.006293 -18.467124 40.922901 0.000000
45307 -45.504589 -18.126976 41.806852 0.000000
45308 -45.919377 -18.133343 41.469891 0.000000
45309 -46.759964 -17.795014 41.892690 0.000000
45310 -46.220373 -18.135162 41.135670 0.000000
45311 -46.599372 -14.210727 29.902738 0.000000
45312 -47.060043 -14.342603 30.690806 0.000000
45313 -47.439959 -14.047929 30.501779 0.000000
45315 -52.181569 -12.226228 34.635710 0.000000
47119 -41.782513 -13.909687 26.887443 0.000000
47124 -45.247641 -12.351737 25.563344 0.000000
47125 -44.953069 -12.059792 24.887596 0.000000
47126 -45.364185 -11.942468 24.772537 0.000000
47240 -10.533036 -33.720123 60.861104 0.000000
47242 -10.135685 -33.957499 61.164277 0.000000
47243 -9.751180 -34.216703 61.391657 0.000000
47244 -10.190745 -33.902020 62.303002 0.000000
47246 -13.017174 -30.528735 66.180332 0.000000
47247 -12.887782 -30.447790 66.972965 0.000000
47251 -9.499738 -33.184435 67.693458 0.000000
47253 -9.138175 -33.784697 68.140913 0.000000
48438 -40.305979 -19.955044 48.093129 0.000000
48439 -40.630835 -19.573060 48.653817 0.000000
48440 -40.288543 -19.719487 47.761648 0.000000
48441 -40.080232 -18.654478 45.060484 0.000000
48442 -40.506949 -18.495318 45.871381 0.000000
48443 -40.695989 -18.338887 45.591037 0.000000
48444 -41.286052 -18.032390 46.125243 0.000000
48445 -40.861170 -18.219744 45.315259 0.000000
48446 -41.041952 -18.157899 45.036742 0.000000
48447 -40.387652 -18.430745 44.527192 0.000000
48448 -36.785790 -19.655823 39.120299 0.000000
48449 -37.419901 -19.481202 39.565014 0.000000
48450 -37.013373 -19.716759 38.795209 0.000000
48451 -37.211590 -19.825897 38.470120 0.000000
48452 -36.541689 -19.985967 38.018100 0.000000
48505 -23.990693 -27.756620 58.012919 0.000000
48506 -24.067777 -27.732973 58.968097 0.000000
48507 -24.551390 -27.649300 58.738891 0.000000
48523 -26.974961 -27.914870 49.609908 0.000000
48524 -26.475748 -27.814827 49.791630 0.000000
48525 -27.075905 -27.926694 50.393410 0.000000
48526 -27.193367 -27.979444 51.244487 0.000000
48527 -27.727452 -28.045836 51.220744 0.000000
48528 -31.381621 -27.741158 49.545073 0.000000
48529 -30.775040 -27.862120 49.411750 0.000000
48530 -31.438517 -27.846659 50.209862 0.000000
48531 -32.547982 -28.123143 55.509001 0.000000
48532 -31.892764 -28.194083 54.663404 0.000000
48533 -31.958836 -28.147699 55.540049 0.000000
48534 -31.389880 -28.168617 55.563791 0.000000
48535 -31.966178 -28.112229 56.300721 0.000000
48536 -31.940483 -27.980353 57.018475 0.000000
48537 -32.476403 -27.975806 56.940855 0.000000
48550 -38.736760 -23.509318 55.200349 0.000000
48626 -17.104484 -29.724749 60.189922 0.000000
50006 -40.790509 -19.262015 33.535337 0.000000
50007 -41.242004 -19.351145 34.395546 0.000000
50008 -41.564107 -19.073752 34.132552 0.000000
50009 -46.704904 -17.550362 37.295781 0.000000
50010 -46.490169 -17.860497 37.577951 0.000000
50011 -47.272025 -17.541267 38.040016 0.000000
50012 -47.830887 -17.496702 38.772380 0.000000
50013 -48.053881 -17.222947 38.485644 0.000000
50014 -49.697432 -14.700940 35.968941 0.000000
50015 -49.242266 -15.066554 36.124181 0.000000
50073 -47.969456 -11.257624 23.936071 0.000000
50074 -48.778842 -11.183047 24.449274 0.000000
50075 -48.459492 -11.147577 23.834709 0.000000
50078 -51.941139 -10.318125 22.826567 0.000000
50079 -52.703724 -9.871567 23.244799 0.000000
50080 -52.470636 -10.147141 22.672240 0.000000
50084 -54.850158 -9.547790 19.899849 0.000000
50085 -54.386734 -9.769704 20.240463 0.000000
50086 -55.120872 -9.282220 20.517154 0.000000
50087 -55.331018 -8.976632 21.128066 0.000000
50088 -55.757736 -8.792916 20.786540 0.000000
50089 -56.367070 -8.415479 21.078755 0.000000
50090 -56.184453 -8.611019 20.446840 0.000000
54385 -38.147615 -23.809448 47.624672 0.000000
54386 -38.297195 -23.492037 47.272187 0.000000
54387 -37.756687 -23.778526 46.656709 0.000000
54388 -36.711459 -23.874022 44.623988 0.000000
54389 -37.089539 -23.697581 45.043134 0.000000
54390 -36.725224 -23.609361 44.277896 0.000000
54417 -33.720766 -26.093169 45.653133 0.000000
54418 -35.391847 -25.578399 46.832038 0.000000
54419 -34.860515 -25.852155 46.796425 0.000000
54420 -35.373493 -25.705728 47.333370 0.000000
54421 -35.570793 -25.763935 48.135135 0.000000
54422 -35.959885 -25.527468 47.982635 0.000000
54423 -36.496723 -25.330110 48.599940 0.000000
54424 -36.479288 -25.199144 47.996333 0.000000
54425 -37.175800 -24.474283 47.041155 0.000000
54426 -37.317122 -24.573417 47.778998 0.000000
54427 -37.733745 -24.207803 47.675810 0.000000
54428 -38.251312 -23.930410 48.285809 0.000000
54903 -40.703331 -19.284753 39.940327 0.000000
54904 -41.687992 -19.017364 40.667213 0.000000
54905 -41.133719 -19.344779 39.737603 0.000000
54906 -41.497117 -19.654914 38.373324 0.000000
54907 -41.939434 -19.395710 39.228053 0.000000
54908 -42.317515 -19.358421 38.990628 0.000000
54909 -43.208575 -19.058290 39.643546 0.000000
54910 -42.691925 -19.330227 38.742245 0.000000
54911 -48.287888 -12.981101 29.190464 0.000000
54912 -48.656792 -13.081145 29.926481 0.000000
54913 -49.095439 -12.736450 29.803202 0.000000
54916 -51.371265 -11.564121 31.876103 0.000000
54917 -51.752099 -11.579583 32.752749 0.000000
54918 -52.159545 -11.231249 32.502540 0.000000
54930 -53.152466 -9.505044 28.452621 0.000000
54931 -53.565418 -9.204004 28.242591 0.000000
54932 -52.803750 -9.562341 27.807921 0.000000
56840 -12.160068 -32.797904 59.705941 0.000000
56841 -11.689303 -33.004357 59.067633 0.000000
56842 -11.742528 -33.019818 60.025551 0.000000
56843 -11.333246 -33.236276 60.304982 0.000000
56844 -11.796670 -32.966159 60.994427 0.000000
58038 -38.410069 -20.299740 44.588374 0.000000
58039 -38.892764 -20.004156 45.135364 0.000000
58040 -38.340326 -20.042355 44.291593 0.000000
58041 -37.709885 -19.649457 43.016805 0.000000
58042 -38.267830 -19.619444 43.774738 0.000000
58043 -38.293525 -19.436637 43.515397 0.000000
58044 -38.862481 -19.210175 44.015815 0.000000
58045 -38.276089 -19.274748 43.223182 0.000000
58046 -38.416493 -19.121955 42.978452 0.000000
58047 -37.731910 -19.342050 42.439680 0.000000
58048 -36.115890 -19.658552 40.457183 0.000000
58049 -36.696776 -19.499391 40.884548 0.000000
58050 -36.221422 -19.610349 40.145791 0.000000
58051 -36.339801 -19.594888 39.788741 0.000000
58052 -35.757998 -19.752229 39.388771 0.000000
58105 -25.921474 -27.567447 57.538983 0.000000
58106 -25.996723 -27.501964 58.351706 0.000000
58107 -26.468406 -27.457399 58.265868 0.000000
58108 -27.975223 -27.328252 59.409160 0.000000
58109 -27.535659 -27.305514 59.597273 0.000000
58110 -27.977976 -27.289144 60.145176 0.000000
58115 -29.806896 -27.456489 59.483127 0.000000
58116 -29.769272 -27.472860 60.081254 0.000000
58117 -30.227190 -27.551985 59.989024 0.000000
58125 -26.709754 -27.654757 47.464867 0.000000
58126 -26.805192 -27.725697 48.214581 0.000000
58127 -27.290640 -27.806642 48.138788 0.000000
58128 -33.966702 -27.515606 52.433437 0.000000
58129 -33.433535 -27.743887 52.443482 0.000000
58130 -34.052963 -27.616559 53.137493 0.000000
58131 -34.638438 -27.440118 55.422250 0.000000
58132 -34.158496 -27.722969 54.715454 0.000000
58133 -34.158496 -27.658395 55.472474 0.000000
58134 -33.643682 -27.823012 55.531830 0.000000
58135 -34.146566 -27.584727 56.246844 0.000000
58136 -34.088753 -27.521063 56.888804 0.000000
58137 -34.582460 -27.301876 56.893370 0.000000
58139 -35.404694 -26.839857 57.997395 0.000000
58217 -18.367200 -29.839344 54.804032 0.000000
58218 -17.933141 -29.980314 54.884391 0.000000
58219 -18.383718 -29.797508 55.637758 0.000000
58220 -18.967357 -29.371868 58.391886 0.000000
58224 -18.502098 -29.416433 59.286795 0.000000
58225 -18.524122 -29.264548 60.228275 0.000000
58226 -19.004064 -29.123578 60.391733 0.000000
58227 -20.524646 -28.543326 62.138631 0.000000
58228 -20.047457 -28.662468 62.197074 0.000000
59606 -42.036708 -18.026933 32.493408 0.000000
59607 -42.499214 -18.218834 33.301565 0.000000
59608 -42.815811 -17.911428 33.057748 0.000000
59609 -44.768617 -17.161102 34.093286 0.000000
59610 -44.382277 -17.540357 34.269528 0.000000
59611 -45.230205 -17.293887 34.923359 0.000000
59612 -45.758784 -17.353913 35.755259 0.000000
59613 -46.060698 -17.034683 35.553448 0.000000
59674 -47.537232 -10.651906 22.022062 0.000000
59687 -54.053619 -9.834278 18.671633 0.000000
59688 -54.517961 -9.692398 18.308190 0.000000
59689 -55.297065 -9.402272 18.593100 0.000000
59690 -54.935502 -9.515958 18.001364 0.000000
64038 -14.605664 -30.700628 62.310308 0.000000
64043 -14.261537 -29.760219 66.292652 0.000000
65230 -40.875853 -20.729927 52.593242 0.000000
65231 -41.026351 -20.313382 52.353078 0.000000
65232 -40.787756 -20.753573 51.749471 0.000000
65233 -40.274778 -21.235601 49.302169 0.000000
65234 -40.573021 -20.792681 49.963306 0.000000
65235 -40.294967 -20.908186 48.956990 0.000000
65236 -40.345439 -20.542573 48.715000 0.000000
65237 -39.975617 -20.975488 48.046557 0.000000
65238 -38.589015 -22.829022 46.738895 0.000000
65239 -39.060698 -22.457042 47.356199 0.000000
65240 -38.662429 -22.458861 46.482293 0.000000
65241 -38.257735 -21.708534 45.141757 0.000000
65242 -38.739513 -21.720358 45.982788 0.000000
65243 -38.710148 -21.412951 45.687834 0.000000
65244 -39.101076 -21.116459 46.214734 0.000000
65245 -38.595439 -21.126463 45.390139 0.000000
65246 -38.519272 -20.826332 45.116188 0.000000
65247 -38.086131 -21.105545 44.574677 0.000000
65249 -36.961065 -21.032786 42.982104 0.000000
65298 -21.164264 -28.614266 57.292426 0.000000
65299 -21.098191 -28.688843 56.342727 0.000000
65300 -21.925931 -28.421454 55.073418 0.000000
65301 -21.969062 -28.381437 55.962848 0.000000
65302 -22.395779 -28.209544 55.764689 0.000000
65303 -22.925276 -28.026737 56.596589 0.000000
65304 -22.861039 -28.052203 55.758297 0.000000
65306 -21.799293 -28.544235 52.613332 0.000000
65307 -22.216833 -28.319592 52.464485 0.000000
65308 -23.602518 -27.887586 53.621474 0.000000
65309 -23.171212 -27.983991 53.826025 0.000000
65310 -23.657578 -27.875762 54.472551 0.000000
65311 -23.726403 -27.858482 55.392115 0.000000
65312 -24.239382 -27.801185 55.301711 0.000000
65313 -24.803750 -27.721150 56.051425 0.000000
65314 -24.719324 -27.750253 55.172954 0.000000
65315 -25.600289 -27.815736 54.053404 0.000000
65316 -25.646173 -27.772991 54.847864 0.000000
65317 -26.210541 -27.823012 54.859736 0.000000
65318 -26.788674 -27.788452 55.539136 0.000000
65319 -26.697824 -27.868487 54.723673 0.000000
65323 -31.121002 -27.302786 46.853955 0.000000
65324 -30.536445 -27.436480 46.812862 0.000000
65325 -31.188910 -27.431933 47.472172 0.000000
65326 -31.275171 -27.550166 48.227366 0.000000
65327 -31.877164 -27.390097 48.222800 0.000000
65328 -33.300473 -26.589749 46.880437 0.000000
65329 -32.811354 -26.789836 46.874957 0.000000
65330 -33.442712 -26.691611 47.560750 0.000000
65331 -34.213556 -26.816211 49.594384 0.000000
65332 -33.490431 -26.934444 48.781661 0.000000
65333 -33.642764 -27.072686 49.601690 0.000000
65334 -33.141715 -27.260040 49.611735 0.000000
65335 -33.767568 -27.169091 50.315790 0.000000
65336 -33.810698 -27.305514 51.034457 0.000000
65337 -34.331018 -27.068138 50.978754 0.000000
65338 -35.911249 -26.425131 52.307419 0.000000
65339 -35.432224 -26.743452 52.374081 0.000000
65340 -35.980992 -26.511533 53.034304 0.000000
65341 -36.024122 -26.495162 53.801369 0.000000
65342 -36.422392 -26.149557 53.697267 0.000000
65343 -36.786708 -25.778487 54.331009 0.000000
65344 -36.767436 -25.739379 53.657088 0.000000
65345 -37.563058 -24.965406 52.789574 0.000000
65346 -37.494233 -24.949035 53.520112 0.000000
65347 -37.887914 -24.597064 53.426055 0.000000
65348 -38.159545 -24.215989 54.018704 0.000000
65349 -38.253147 -24.203256 53.380397 0.000000
65350 -37.586917 -24.814431 49.921300 0.000000
65351 -37.596094 -24.898104 50.627182 0.000000
65352 -38.066860 -24.544313 50.565086 0.000000
65353 -39.191925 -23.391994 51.800609 0.000000
65354 -38.771632 -23.820362 51.854486 0.000000
65355 -39.086393 -23.418369 52.479096 0.000000
65356 -39.001967 -23.379261 53.257118 0.000000
65357 -39.341506 -22.996367 53.101879 0.000000
65358 -39.635161 -22.593465 53.719183 0.000000
65359 -39.703986 -22.572546 53.073571 0.000000
65360 -40.350027 -21.598486 52.125698 0.000000
65361 -40.337180 -21.651237 52.870846 0.000000
65362 -40.577610 -21.212864 52.709215 0.000000
65426 -18.767305 -29.672908 53.211460 0.000000
65429 -20.175014 -29.144496 55.601231 0.000000
66783 -44.142764 -16.793669 46.314270 0.000000
66784 -44.980599 -16.421689 46.708760 0.000000
66785 -44.646566 -16.706358 46.053102 0.000000
66786 -45.144862 -16.896441 44.886981 0.000000
66787 -45.498166 -16.571754 45.546292 0.000000
66788 -45.945072 -16.559021 45.269601 0.000000
66789 -46.675538 -16.330740 45.589211 0.000000
66790 -46.360777 -16.622686 45.005694 0.000000
66791 -43.517830 -18.398913 41.960264 0.000000
66792 -43.959230 -18.030571 42.780293 0.000000
66793 -44.377688 -18.062403 42.568437 0.000000
66794 -46.477321 -17.429400 43.179349 0.000000
66795 -46.026744 -17.380288 43.469738 0.000000
66796 -46.871920 -17.068334 43.814917 0.000000
66797 -47.244495 -16.737281 44.445919 0.000000
66798 -47.709754 -16.790031 44.108959 0.000000
66800 -48.062140 -16.838234 43.730905 0.000000
66802 -48.743053 -16.915540 42.955622 0.000000
66806 -45.132015 -15.474914 30.713635 0.000000
66807 -45.574332 -15.658630 31.537317 0.000000
66808 -45.934060 -15.327577 31.332766 0.000000
66809 -48.000656 -14.506310 32.530848 0.000000
66810 -47.631752 -14.851915 32.720788 0.000000
66811 -48.452151 -14.558151 33.440367 0.000000
66812 -48.846750 -14.634548 34.353540 0.000000
66813 -49.237678 -14.259839 34.124333 0.000000
66814 -49.481779 -13.155723 31.708993 0.000000
66815 -49.139487 -13.494961 31.890714 0.000000
66816 -49.936026 -13.111158 32.648647 0.000000
66818 -50.795885 -13.167546 34.460381 0.000000
67210 -6.523728 -35.643687 66.380317 0.000000
67211 -6.114447 -35.962917 65.846111 0.000000
67212 -6.130965 -36.153909 66.234209 0.000000
72188 -38.474306 -19.461193 32.014906 0.000000
72189 -39.222208 -19.480292 32.423094 0.000000
72190 -38.774385 -19.171067 31.742780 0.000000
72197 -39.408496 -18.528060 31.220446 0.000000
72198 -39.759046 -18.151532 30.956539 0.000000
72199 -40.536314 -18.161537 31.413125 0.000000
72200 -40.071055 -17.782281 30.686240 0.000000
72202 -40.718931 -17.107442 30.171211 0.000000
72203 -41.052046 -16.765475 29.899999 0.000000
72204 -41.895386 -16.793669 30.386719 0.000000
72205 -41.402597 -16.449883 29.671706 0.000000
72227 -42.136734 -15.816880 29.157590 0.000000
72228 -42.508391 -15.505836 28.938428 0.000000
72229 -43.353567 -15.563134 29.508248 0.000000
72230 -42.888307 -15.187516 28.769491 0.000000
72231 -43.255376 -14.254383 27.729388 0.000000
72232 -43.640798 -14.608173 28.425226 0.000000
72233 -44.051915 -14.323504 28.247157 0.000000
72234 -44.900761 -14.379892 28.762186 0.000000
72235 -44.497903 -14.111593 28.070002 0.000000
72239 -44.652990 -13.032942 26.486561 0.000000
72240 -44.189566 -13.239396 26.608926 0.000000
72241 -44.992528 -13.308517 27.154090 0.000000
72242 -45.381621 -13.595914 27.775960 0.000000
72243 -45.817515 -13.342168 27.639897 0.000000
72244 -46.661773 -13.259404 28.143968 0.000000
72245 -46.224044 -13.110248 27.491050 0.000000
72246 -46.822366 -12.379931 26.646366 0.000000
72247 -47.142633 -12.536362 27.229883 0.000000
72248 -47.633588 -12.240779 27.126695 0.000000
72249 -48.522812 -12.059792 27.662727 0.000000
72250 -48.122707 -11.940649 27.039943 0.000000
72251 -48.476928 -11.683264 26.935842 0.000000
72252 -47.735449 -11.869709 26.411681 0.000000
72253 -46.166231 -11.709639 24.487627 0.000000
72254 -46.968276 -11.744200 24.988045 0.000000
72255 -46.651679 -11.593225 24.348825 0.000000
72256 -47.094914 -11.479539 24.205457 0.000000
72605 -8.939041 -34.655075 62.053706 0.000000
72610 -13.789853 -31.135362 62.874648 0.000000
72611 -13.401678 -31.691059 62.076536 0.000000
72612 -13.363136 -31.359096 63.201564 0.000000
72613 -12.408757 -31.494609 64.858058 0.000000
72614 -12.571185 -31.824753 63.752207 0.000000
72615 -12.138962 -32.026659 64.140305 0.000000
72616 -11.802176 -32.560528 63.309318 0.000000
72617 -11.724174 -32.276768 64.416996 0.000000
72619 -12.030677 -30.996211 67.392111 0.000000
72621 -10.500918 -32.357712 66.765675 0.000000
72622 -10.976272 -32.057582 66.513640 0.000000
72623 -10.657840 -32.516872 65.936515 0.000000
72624 -10.835868 -32.786990 64.967639 0.000000
72625 -10.364185 -33.028913 65.309165 0.000000
72626 -10.054012 -33.523674 64.535709 0.000000
72627 -9.862218 -33.300850 65.535632 0.000000
72628 -8.666492 -33.807434 66.751064 0.000000
72629 -8.796801 -33.868369 65.968476 0.000000
72630 -8.314106 -34.177595 66.175766 0.000000
72631 -8.003933 -34.509557 65.547503 0.000000
72632 -7.838752 -34.460445 66.309089 0.000000
72633 -7.386340 -34.826968 66.421409 0.000000
72634 -7.747903 -34.520471 66.987576 0.000000
72635 -8.436156 -34.649618 68.097994 0.000000
76185 -44.520845 -16.609953 49.966959 0.000000
76186 -44.786970 -16.452612 49.650088 0.000000
76187 -44.220766 -16.553565 49.347828 0.000000
76188 -41.329183 -19.626720 51.724815 0.000000
76189 -41.643944 -19.312947 52.272719 0.000000
76190 -41.492528 -19.217451 51.449950 0.000000
76191 -41.386078 -18.707229 49.850073 0.000000
76192 -41.638438 -18.648112 50.726718 0.000000
76193 -41.743053 -18.353438 50.383365 0.000000
76194 -42.147746 -18.030571 50.863694 0.000000
76195 -41.764159 -18.130614 49.977917 0.000000
76196 -39.817777 -19.397529 46.234824 0.000000
76197 -40.312402 -19.261106 47.119688 0.000000
76198 -40.311485 -19.036463 46.819254 0.000000
76199 -41.280546 -18.151532 47.507786 0.000000
76200 -41.205297 -18.297050 47.864836 0.000000
76201 -41.667804 -17.900514 48.386258 0.000000
76202 -41.984400 -17.721345 49.230942 0.000000
76203 -42.125722 -17.562185 48.841930 0.000000
76204 -42.619429 -17.245684 49.299430 0.000000
76205 -42.374411 -17.383926 48.544236 0.000000
76206 -42.421212 -17.383016 47.078595 0.000000
76207 -42.737809 -17.159283 47.835615 0.000000
76208 -43.011275 -17.038321 47.491349 0.000000
76209 -43.605009 -16.738190 47.903189 0.000000
76210 -43.222340 -16.994666 47.215571 0.000000
76211 -43.533430 -16.920088 46.904179 0.000000
76212 -42.908496 -17.247503 46.480467 0.000000
76213 -41.450315 -18.060584 44.483359 0.000000
76214 -42.128475 -17.794104 44.998389 0.000000
76215 -41.658627 -18.040575 44.224018 0.000000
76216 -41.886210 -18.022385 43.929977 0.000000
76217 -41.168590 -18.276132 43.394858 0.000000
76218 -38.631228 -18.958247 42.383976 0.000000
76219 -39.333247 -18.756341 42.922748 0.000000
76220 -38.768879 -18.921867 42.064366 0.000000
76221 -38.799162 -19.147420 40.555806 0.000000
76222 -39.213032 -18.929143 41.415101 0.000000
76223 -39.492004 -18.990988 41.106448 0.000000
76224 -40.218800 -18.811820 41.664397 0.000000
76225 -39.834295 -19.072842 40.812407 0.000000
76226 -40.142633 -19.138325 40.583201 0.000000
76227 -39.354353 -19.318404 39.970462 0.000000
76228 -37.805323 -20.105109 37.835465 0.000000
76229 -38.560567 -19.929579 38.330405 0.000000
76230 -38.093472 -20.237895 37.497592 0.000000
76231 -38.404563 -20.314291 37.171589 0.000000
76232 -37.641060 -20.500736 36.665692 0.000000
76279 -34.210803 -20.113295 39.216182 0.000000
76280 -33.604222 -20.169683 38.544087 0.000000
76283 -33.995150 -20.242442 37.518595 0.000000
76284 -34.762324 -20.123299 37.905780 0.000000
76285 -34.202544 -20.300649 37.150586 0.000000
76292 -34.640273 -20.498008 36.436486 0.000000
76293 -34.897221 -20.607146 36.064824 0.000000
76294 -35.662560 -20.518016 36.478492 0.000000
76295 -35.109204 -20.680814 35.679466 0.000000
76299 -36.637127 -20.739931 34.996413 0.000000
76390 -22.180126 -28.275027 58.580912 0.000000
76391 -22.239775 -28.238648 59.485866 0.000000
76392 -22.685763 -28.074031 59.407333 0.000000
76393 -24.132932 -27.649300 60.637376 0.000000
76398 -26.038936 -27.343713 60.032856 0.000000
76399 -25.564500 -27.379183 60.173485 0.000000
76400 -26.037101 -27.332799 60.749696 0.000000
76446 -25.580100 -27.692046 49.934084 0.000000
76447 -25.011144 -27.600188 49.224550 0.000000
76448 -25.130441 -27.682042 50.033620 0.000000
76450 -25.248821 -27.762986 50.846344 0.000000
76451 -25.349765 -27.791180 51.642630 0.000000
76452 -25.823283 -27.808460 51.533049 0.000000
76453 -27.479681 -27.984901 52.897328 0.000000
76454 -26.943760 -27.920327 52.939334 0.000000
76455 -27.583378 -27.957616 53.657088 0.000000
76456 -27.680651 -27.911232 54.497206 0.000000
76457 -28.144993 -27.952159 54.362057 0.000000
76460 -28.858941 -27.804823 47.388160 0.000000
76461 -29.730729 -28.050384 49.598950 0.000000
76462 -29.011275 -28.004000 48.885763 0.000000
76463 -29.046146 -28.092220 49.430013 0.000000
76464 -28.538674 -28.051293 49.542334 0.000000
76465 -29.179209 -28.119505 50.288395 0.000000
76466 -32.349765 -28.007638 52.488227 0.000000
76467 -31.650499 -28.024009 51.745818 0.000000
76468 -31.700971 -28.090401 52.370428 0.000000
76469 -30.703462 -28.253199 53.300037 0.000000
76470 -30.617200 -28.225915 52.575892 0.000000
76471 -30.005113 -28.243195 52.458093 0.000000
76472 -29.348978 -28.197721 51.707465 0.000000
76473 -29.464605 -28.206816 52.571326 0.000000
76474 -28.958050 -28.184078 52.565847 0.000000
76475 -29.586655 -28.225005 53.321953 0.000000
76476 -30.281333 -28.174074 55.596666 0.000000
76477 -29.715129 -28.151337 54.902655 0.000000
76478 -29.772942 -28.063117 55.709899 0.000000
76479 -29.295753 -27.983991 55.887967 0.000000
76480 -29.826167 -27.962164 56.549104 0.000000
76481 -29.829838 -27.809370 57.269597 0.000000
76482 -30.307945 -27.861211 57.264118 0.000000
76483 -31.810174 -27.764805 58.439371 0.000000
76484 -31.274253 -27.725697 58.424760 0.000000
76485 -31.731254 -27.696594 58.980882 0.000000
76488 -33.963032 -27.463765 58.127979 0.000000
76489 -33.458312 -27.594731 58.308787 0.000000
76490 -33.877688 -27.497416 58.746197 0.000000
76525 -37.437337 -25.094553 55.487998 0.000000
76725 -13.273204 -32.153078 57.279642 0.000000
76726 -13.701757 -31.969361 57.176454 0.000000
76735 -17.065024 -30.292268 54.997625 0.000000
76736 -16.616282 -30.440515 54.305440 0.000000
76737 -16.627295 -30.475985 55.048762 0.000000
76738 -15.776613 -30.897986 56.000288 0.000000
76739 -15.798637 -30.871611 55.208567 0.000000
76740 -15.337966 -31.081703 55.320888 0.000000
76741 -14.882801 -31.150824 54.733718 0.000000
76742 -14.921343 -31.274514 55.435034 0.000000
76743 -14.466178 -31.459139 55.509914 0.000000
76744 -14.933272 -31.350001 56.114434 0.000000
76745 -15.385685 -30.981659 58.360838 0.000000
76746 -14.974568 -31.331811 57.576423 0.000000
76747 -14.987415 -31.238134 58.417455 0.000000
76748 -14.577216 -31.487334 58.523383 0.000000
76749 -14.995674 -31.101711 59.329714 0.000000
76750 -14.982827 -30.928909 60.275760 0.000000
76751 -15.398532 -30.665158 60.168006 0.000000
76757 -18.621395 -28.916215 62.270128 0.000000
76758 -18.153383 -28.996250 62.241820 0.000000
76759 -18.658102 -28.758874 63.272791 0.000000
80848 -47.093079 -16.130653 47.452082 0.000000
80891 -39.451626 -20.205153 34.655800 0.000000
80892 -39.897615 -20.193330 35.563493 0.000000
80893 -40.253671 -20.019618 35.227446 0.000000
80894 -42.230336 -19.400257 36.130573 0.000000
80895 -41.926587 -19.528495 36.468447 0.000000
80896 -42.769927 -19.357512 37.104014 0.000000
80897 -43.297589 -19.263834 38.061932 0.000000
80898 -43.633457 -19.150149 37.724972 0.000000
80899 -43.489382 -18.477129 34.989108 0.000000
80900 -43.161773 -18.763617 35.262146 0.000000
80901 -43.981254 -18.576263 35.877624 0.000000
80902 -45.923965 -18.370719 38.180645 0.000000
80903 -45.110908 -18.629013 37.651918 0.000000
80904 -45.663346 -18.551706 38.568743 0.000000
80905 -45.365103 -18.681763 38.949536 0.000000
80906 -46.213032 -18.401641 39.469131 0.000000
80907 -46.754458 -18.106058 40.333905 0.000000
80908 -47.028842 -18.019657 39.909280 0.000000
80909 -48.848585 -17.088343 40.193276 0.000000
80910 -48.585213 -17.217490 40.574982 0.000000
80911 -49.351469 -16.895531 40.828844 0.000000
80914 -46.367201 -15.859626 33.394709 0.000000
80915 -45.923965 -16.151571 33.566385 0.000000
80916 -46.758129 -15.907829 34.251264 0.000000
80917 -48.460410 -15.800510 36.396306 0.000000
80918 -47.665706 -16.063351 35.814615 0.000000
80919 -48.058470 -16.147934 36.524150 0.000000
80920 -47.659283 -16.495357 36.676650 0.000000
80921 -48.498035 -16.151571 37.249209 0.000000
81093 -49.354222 -11.150305 26.753207 0.000000
81094 -50.224175 -10.855631 27.223491 0.000000
81095 -49.785528 -10.892011 26.625363 0.000000
81096 -50.284741 -10.577328 25.651008 0.000000
81097 -50.658234 -10.359961 26.382459 0.000000
81098 -51.062009 -10.150779 26.174256 0.000000
81099 -51.872314 -9.714226 26.627189 0.000000
81100 -51.508916 -9.895214 26.026322 0.000000
81102 -49.420295 -10.923843 23.649335 0.000000
81103 -49.884637 -10.820161 23.469440 0.000000
81104 -51.920950 -10.035274 24.169843 0.000000
81105 -51.414395 -10.252642 24.371654 0.000000
81106 -52.174228 -9.756972 24.877551 0.000000
81107 -52.384374 -9.490492 25.532296 0.000000
81108 -52.876246 -9.230379 25.321353 0.000000
81109 -53.624149 -8.773817 25.675664 0.000000
81110 -53.307552 -8.999369 25.043749 0.000000
81111 -54.001312 -8.743804 24.001819 0.000000
81112 -54.238989 -8.476415 24.542417 0.000000
81113 -54.749215 -8.222668 24.309558 0.000000
81114 -55.420950 -7.926175 24.589902 0.000000
81115 -55.240169 -8.064417 24.055696 0.000000
81127 -53.358942 -10.106214 20.778321 0.000000
81129 -52.872576 -10.228995 21.010267 0.000000
81130 -52.377033 -10.329039 21.233081 0.000000
81131 -53.200185 -10.068016 21.670490 0.000000
81132 -53.479157 -9.769704 22.273184 0.000000
81133 -53.982041 -9.593264 22.057675 0.000000
81134 -55.758653 -8.334535 22.337106 0.000000
81135 -55.345701 -8.444583 22.677719 0.000000
81136 -55.976142 -8.055322 22.885923 0.000000
81137 -56.107369 -7.897981 23.407344 0.000000
81138 -56.489120 -7.913442 23.052120 0.000000
81146 -56.736892 -8.724704 19.089866 0.000000
81147 -56.950709 -8.543717 19.693473 0.000000
81148 -57.252623 -8.595557 19.296243 0.000000
92536 -37.057421 -24.329674 46.411979 0.000000
92537 -37.206084 -24.066833 46.082324 0.000000
92538 -36.722471 -24.286019 45.556337 0.000000
92539 -36.424227 -24.199618 44.789272 0.000000
92555 -34.179602 -25.849426 45.557250 0.000000
92556 -34.654956 -25.622055 45.501546 0.000000
92557 -35.301915 -25.446524 46.153551 0.000000
92558 -35.847929 -25.280997 46.706934 0.000000
92559 -36.342554 -25.111833 47.228355 0.000000
92560 -36.254458 -24.975410 46.640272 0.000000
92561 -36.631621 -24.698926 46.444853 0.000000
92847 -39.837966 -19.913208 38.218998 0.000000
92848 -40.743708 -19.641271 38.894745 0.000000
92849 -40.216047 -19.935035 37.976094 0.000000
92850 -40.601469 -19.930488 37.705795 0.000000
92851 -40.938255 -19.895928 37.427277 0.000000
92852 -49.233090 -12.349008 28.974955 0.000000
92854 -50.073677 -12.053425 29.589520 0.000000
92855 -50.877557 -11.677807 30.207738 0.000000
92859 -52.540379 -10.503660 30.445163 0.000000
92860 -52.949660 -10.157146 30.075328 0.000000
92861 -53.337835 -9.796080 29.888127 0.000000
92862 -52.710148 -10.138956 29.521032 0.000000
92863 -52.341244 -10.194435 28.870854 0.000000
92864 -52.022812 -10.203530 28.177756 0.000000
94007 -12.421605 -32.525967 57.570944 0.000000
94008 -12.045359 -32.696951 57.846722 0.000000
94009 -12.502360 -32.579627 58.445763 0.000000
94010 -12.553750 -32.591450 59.465776 0.000000
94011 -12.593209 -32.517782 60.454742 0.000000
94728 -37.207919 -20.275183 42.974799 0.000000
94729 -37.723650 -20.054178 43.469738 0.000000
94730 -37.206084 -20.064183 42.778467 0.000000
94731 -37.135423 -19.849544 42.489904 0.000000
94732 -37.142764 -19.681289 42.242435 0.000000
94733 -37.162953 -19.531223 41.975788 0.000000
94734 -36.567384 -19.709483 41.481762 0.000000
94735 -36.021369 -19.747681 40.744832 0.000000
94736 -35.463425 -19.816802 40.010642 0.000000
94763 -21.000918 -28.456015 62.030877 0.000000
94768 -26.900630 -27.611102 57.113445 0.000000
94769 -26.985973 -27.507420 58.033009 0.000000
94770 -27.480598 -27.505601 57.945345 0.000000
94771 -27.950446 -27.416472 58.632963 0.000000
94772 -28.452413 -27.360084 59.243875 0.000000
94773 -28.881883 -27.362812 59.802737 0.000000
94774 -28.884636 -27.405558 59.096855 0.000000
94775 -29.319613 -27.468313 58.895957 0.000000
94776 -29.838097 -27.563809 58.814685 0.000000
94782 -35.150499 -27.179096 53.845201 0.000000
94783 -34.620085 -27.440118 53.835156 0.000000
94784 -35.127557 -27.185462 54.555649 0.000000
94785 -35.139487 -27.161816 55.359241 0.000000
94786 -35.082591 -27.139988 56.076994 0.000000
94787 -35.072497 -27.039035 56.901589 0.000000
94788 -35.515732 -26.826215 56.710736 0.000000
94789 -35.887389 -26.561554 57.295166 0.000000
94838 -19.390404 -29.220893 58.430239 0.000000
94839 -19.436288 -29.112664 59.392723 0.000000
94840 -19.466571 -28.998978 60.373470 0.000000
94841 -19.952937 -28.884383 60.344248 0.000000
94842 -20.476010 -28.657921 61.244636 0.000000
95669 -42.749739 -17.380288 32.004861 0.000000
95670 -43.175538 -17.593108 32.829455 0.000000
95671 -43.516912 -17.263874 32.622165 0.000000
95672 -44.340064 -17.051963 33.276910 0.000000
95673 -45.135685 -16.815497 33.919783 0.000000
99043 -40.383981 -21.583935 51.333978 0.000000
99044 -40.546409 -21.179213 51.124861 0.000000
99045 -40.291296 -21.595758 50.474682 0.000000
99046 -40.151810 -21.635775 49.576121 0.000000
99047 -39.910462 -21.690345 48.588982 0.000000
99048 -37.778711 -22.725340 45.077834 0.000000
99049 -38.242135 -22.406110 45.645828 0.000000
99050 -37.742004 -22.396106 44.766443 0.000000
99051 -37.761275 -22.008665 44.558239 0.000000
99052 -37.682355 -21.666698 44.302551 0.000000
99053 -37.624542 -21.380210 44.020381 0.000000
99054 -37.142764 -21.637594 43.435951 0.000000
99083 -20.589801 -29.003526 54.739197 0.000000
99084 -21.054143 -28.768878 55.419510 0.000000
99085 -21.020189 -28.845275 54.524601 0.000000
99086 -21.453330 -28.642460 54.363883 0.000000
99087 -21.870871 -28.480571 54.221428 0.000000
99088 -22.600420 -28.135876 51.518438 0.000000
99089 -22.639880 -28.144061 52.346686 0.000000
99090 -23.054667 -27.993996 52.064515 0.000000
99091 -23.558469 -27.902138 52.843451 0.000000
99092 -24.072365 -27.811189 53.528330 0.000000
99093 -24.631228 -27.776628 54.259781 0.000000
99094 -24.548637 -27.807551 53.447971 0.000000
99095 -25.036838 -27.801185 53.383136 0.000000
99096 -25.510357 -27.833926 53.287253 0.000000
99102 -34.540247 -26.323269 48.179881 0.000000
99103 -33.998821 -26.577925 48.163443 0.000000
99104 -34.587048 -26.467877 48.817275 0.000000
99105 -34.688910 -26.594296 49.507633 0.000000
99106 -34.783430 -26.706163 50.243650 0.000000
99107 -34.868774 -26.793474 50.965056 0.000000
99108 -35.325774 -26.562464 50.887436 0.000000
99109 -35.822235 -26.370562 51.535789 0.000000
99110 -36.349896 -26.047695 52.264500 0.000000
99111 -36.746330 -25.721189 52.909200 0.000000
99112 -36.770190 -25.688447 52.241671 0.000000
99113 -37.212507 -25.323743 52.160398 0.000000
99114 -37.612612 -24.946306 52.129351 0.000000
99115 -38.470635 -24.137773 49.749624 0.000000
99116 -38.455953 -24.179609 50.463724 0.000000
99117 -38.836786 -23.808539 50.362362 0.000000
99118 -39.182749 -23.433830 50.996104 0.000000
99119 -39.536970 -23.000915 51.681896 0.000000
99120 -39.783824 -22.569818 52.290069 0.000000
99121 -39.810436 -22.525253 51.567750 0.000000
99122 -40.148139 -21.998660 51.517525 0.000000
99160 -19.194022 -29.548308 53.072657 0.000000
99161 -19.629916 -29.394605 53.090921 0.000000
99162 -20.123624 -29.247268 53.861638 0.000000
99975 -43.396697 -17.412120 44.922595 0.000000
99976 -44.241873 -16.997394 45.386487 0.000000
99977 -43.828921 -17.357551 44.664167 0.000000
99978 -44.272156 -17.293887 44.422177 0.000000
99979 -44.737416 -17.281154 44.205755 0.000000
99980 -44.300604 -18.442568 41.487241 0.000000
99981 -44.774123 -18.106058 42.318228 0.000000
99982 -45.165968 -18.117881 42.038797 0.000000
99983 -46.053357 -17.796833 42.514560 0.000000
99984 -46.882015 -17.442133 42.866131 0.000000
99985 -47.702413 -17.117446 43.141909 0.000000
99986 -47.209623 -17.463961 42.542868 0.000000
99987 -47.534479 -17.471236 42.223258 0.000000
99988 -47.832722 -17.410301 41.847944 0.000000
99989 -45.850552 -14.821902 30.280792 0.000000
99990 -46.288281 -14.994705 31.100820 0.000000
99991 -46.698480 -14.650009 30.887138 0.000000
99992 -47.530808 -14.456289 31.612197 0.000000
99993 -48.346619 -14.157977 32.304381 0.000000
99994 -51.117987 -12.327181 33.223032 0.000000
99995 -50.743577 -12.732812 33.398362 0.000000
99996 -51.503410 -12.418129 34.084154 0.000000
100028 -55.164920 -8.108982 26.282923 0.000000
103225 -39.636996 -17.347546 30.009579 0.000000
103242 -41.689828 -14.650919 27.680077 0.000000
103243 -42.433142 -14.820993 28.125705 0.000000
103244 -42.089015 -14.399900 27.475526 0.000000
103245 -42.523074 -14.137968 27.291066 0.000000
103246 -42.935108 -13.908778 27.102952 0.000000
103250 -44.344652 -12.740997 25.868343 0.000000
103251 -45.109073 -12.820122 26.391591 0.000000
103252 -45.870740 -12.859230 26.877399 0.000000
103253 -45.576168 -12.614578 26.266486 0.000000
103254 -46.030415 -12.416310 26.110334 0.000000
103255 -46.536970 -12.192577 25.985229 0.000000
103256 -46.955428 -12.000675 25.846427 0.000000
103257 -46.152466 -12.036145 25.285739 0.000000
103258 -45.770714 -11.824235 24.638300 0.000000
103469 -9.342816 -34.435889 61.747794 0.000000
103470 -9.329051 -34.357673 62.881954 0.000000
103471 -13.606319 -30.475075 64.964900 0.000000
103473 -13.153907 -30.727912 65.281770 0.000000
103474 -12.702412 -30.947099 65.562114 0.000000
103475 -12.258259 -31.224492 65.836066 0.000000
103477 -11.190089 -31.668321 67.729072 0.000000
103479 -10.406398 -32.339522 67.388459 0.000000
103480 -10.018223 -32.726054 66.955615 0.000000
103481 -9.675931 -33.124409 66.400406 0.000000
103482 -9.558469 -33.080754 67.143729 0.000000
103483 -9.080362 -33.465467 67.246917 0.000000
103484 -8.614185 -33.849270 67.381153 0.000000
103485 -8.159937 -34.183052 67.416767 0.000000
103486 -8.653645 -33.995697 67.834087 0.000000
103487 -8.769271 -34.222160 68.163742 0.000000
105618 -40.900630 -19.721306 49.924040 0.000000
105619 -41.231910 -19.319313 50.518515 0.000000
105620 -40.988727 -19.405714 49.632738 0.000000
105621 -40.993315 -19.134687 49.235508 0.000000
105622 -41.010751 -18.905497 48.909505 0.000000
105623 -39.861826 -18.991898 45.632130 0.000000
105624 -40.301390 -18.832738 46.468596 0.000000
105625 -40.400499 -18.666302 46.173641 0.000000
105626 -40.921737 -18.324335 46.698715 0.000000
105627 -41.441139 -17.976911 47.181783 0.000000
105628 -41.955035 -17.636763 47.653893 0.000000
105629 -41.617332 -17.836850 46.879523 0.000000
105630 -41.864185 -17.731350 46.630227 0.000000
105631 -42.050473 -17.624940 46.297833 0.000000
105632 -42.339539 -17.550362 46.054016 0.000000
105633 -41.710934 -17.850492 45.560903 0.000000
105634 -41.223651 -18.132433 44.759137 0.000000
105635 -40.728108 -18.300688 43.962851 0.000000
105636 -37.634636 -19.246554 40.717437 0.000000
105637 -38.337573 -19.071933 41.258948 0.000000
105638 -37.841112 -19.247464 40.385042 0.000000
105639 -38.110908 -19.306580 40.049908 0.000000
105640 -38.389880 -19.378430 39.737603 0.000000
105641 -38.667017 -19.473926 39.436256 0.000000
105642 -37.992528 -19.639452 38.953188 0.000000
105643 -37.496986 -19.945949 38.135899 0.000000
105644 -37.049162 -20.274274 37.343266 0.000000
105739 -23.066597 -28.003091 58.251257 0.000000
105740 -23.131752 -27.951250 59.187259 0.000000
105741 -23.645648 -27.870306 59.084984 0.000000
105742 -24.110908 -27.686589 59.819174 0.000000
105743 -24.591768 -27.535615 60.474832 0.000000
105744 -26.981385 -27.338256 61.136882 0.000000
105745 -26.517961 -27.360084 61.370654 0.000000
105771 -25.820530 -27.564718 48.324162 0.000000
105772 -25.355271 -27.484683 48.395389 0.000000
105773 -25.908627 -27.664762 49.049221 0.000000
105774 -26.008653 -27.746615 49.790716 0.000000
105775 -26.144468 -27.808460 50.636314 0.000000
105776 -26.253671 -27.850297 51.416163 0.000000
105777 -26.766650 -27.916689 51.345849 0.000000
105778 -27.298899 -27.979444 52.011551 0.000000
105779 -27.948611 -28.054931 52.778616 0.000000
105780 -30.081280 -27.809370 48.090390 0.000000
105781 -29.498559 -27.881219 48.123264 0.000000
105782 -30.193236 -27.873944 48.753353 0.000000
105783 -30.232696 -27.990358 49.555118 0.000000
105784 -30.282250 -28.036742 50.143201 0.000000
105785 -32.459885 -28.118595 53.958435 0.000000
105786 -31.803750 -28.179531 53.179499 0.000000
105787 -31.909282 -28.211363 54.008659 0.000000
105788 -31.366938 -28.227734 54.107282 0.000000
105789 -30.763110 -28.242286 54.068928 0.000000
105790 -30.202413 -28.211363 54.104542 0.000000
105791 -30.851207 -28.252290 54.889870 0.000000
105792 -30.854877 -28.175893 55.622234 0.000000
105793 -30.815417 -28.102225 56.276979 0.000000
105794 -30.814500 -27.962164 57.069612 0.000000
105795 -31.349502 -28.013095 56.942681 0.000000
105796 -31.847798 -27.890314 57.666827 0.000000
105797 -32.397484 -27.739340 58.347140 0.000000
105946 -17.067777 -30.237699 56.581065 0.000000
105947 -16.649319 -30.470528 55.832264 0.000000
105948 -16.645648 -30.432329 56.592936 0.000000
105949 -16.221684 -30.637873 56.638595 0.000000
105950 -15.767436 -30.879797 56.757307 0.000000
105951 -15.351731 -31.139000 56.788355 0.000000
105952 -15.758259 -30.826137 57.554507 0.000000
105953 -15.777530 -30.725184 58.337095 0.000000
105954 -15.795884 -30.589670 59.197304 0.000000
105955 -15.828002 -30.424144 60.076689 0.000000
105959 -19.635423 -28.572429 64.013374 0.000000
105960 -19.156398 -28.599714 64.062685 0.000000
108440 -40.060960 -19.799522 34.043061 0.000000
108441 -40.575774 -19.823169 34.929751 0.000000
108442 -40.896959 -19.588521 34.659452 0.000000
108443 -41.691663 -19.372973 35.262146 0.000000
108444 -42.510226 -19.199261 35.830139 0.000000
108445 -45.120085 -18.050579 36.197234 0.000000
108446 -44.810829 -18.361624 36.483057 0.000000
108447 -45.624804 -18.116972 37.026395 0.000000
108448 -46.174490 -18.156989 37.834552 0.000000
108449 -46.747117 -18.066950 38.671931 0.000000
108450 -47.323415 -17.936894 39.509310 0.000000
108451 -47.582198 -17.737716 39.091990 0.000000
108452 -48.300735 -17.363917 39.457259 0.000000
108453 -49.025696 -16.980114 39.807004 0.000000
108454 -48.042869 -15.333034 34.768120 0.000000
108455 -47.586786 -15.667725 34.910575 0.000000
108456 -48.421868 -15.376689 35.554361 0.000000
108457 -48.875198 -15.446719 36.299510 0.000000
108458 -49.245019 -15.469457 36.946949 0.000000
108561 -48.587049 -11.281271 25.298524 0.000000
108562 -49.379917 -10.984778 25.911262 0.000000
108563 -49.050473 -11.123930 25.161548 0.000000
108564 -49.522156 -10.973865 25.036443 0.000000
108565 -50.003016 -10.791967 24.910426 0.000000
108569 -51.642896 -10.272650 23.571715 0.000000
108570 -52.417411 -9.809722 23.982643 0.000000
108571 -53.060698 -9.284948 24.397223 0.000000
108572 -52.889094 -9.574165 23.808227 0.000000
108573 -53.371789 -9.327694 23.638377 0.000000
108574 -53.882932 -9.074857 23.463961 0.000000
108580 -53.113006 -10.054374 19.298982 0.000000
108582 -53.508522 -10.061650 19.898936 0.000000
108583 -53.866414 -9.966154 20.523546 0.000000
108584 -54.200447 -9.712407 21.151809 0.000000
108585 -54.472078 -9.397724 21.813858 0.000000
108586 -54.909807 -9.188543 21.469593 0.000000
108587 -55.541165 -8.660131 21.736239 0.000000
108588 -56.175276 -8.210844 21.963619 0.000000
108590 -56.542345 -8.210844 21.612047 0.000000
108593 -57.331543 -8.694691 18.261618 0.000000
108594 -57.554537 -8.658312 18.882576 0.000000
108595 -57.817909 -8.848395 18.424163 0.000000
116074 -39.057028 -23.165532 48.819101 0.000000
116075 -39.265339 -22.822655 48.526886 0.000000
116076 -38.818433 -23.197364 47.918713 0.000000
116077 -38.477977 -23.180083 47.016499 0.000000
116078 -38.074201 -23.160984 46.145333 0.000000
116079 -37.521763 -23.719409 45.919779 0.000000
116080 -37.571317 -23.446563 45.578253 0.000000
116081 -37.721815 -23.090954 45.365484 0.000000
116082 -37.327216 -22.999096 44.564632 0.000000
116106 -20.869691 -28.912577 52.006985 0.000000
116112 -22.102124 -28.285031 50.866433 0.000000
116114 -22.943629 -27.938517 50.549563 0.000000
116115 -23.371264 -27.845749 50.431763 0.000000
116118 -32.603960 -26.555188 45.639435 0.000000
116119 -33.199529 -26.473334 46.207429 0.000000
116120 -33.785921 -26.369653 46.857607 0.000000
116121 -34.296146 -26.002220 46.226605 0.000000
116122 -34.353960 -26.082255 46.814688 0.000000
116123 -34.414526 -26.255967 47.468519 0.000000
116124 -35.036708 -26.102264 48.125090 0.000000
116125 -35.613923 -25.923095 48.752440 0.000000
116126 -36.220504 -25.745745 49.481151 0.000000
116127 -36.712376 -25.507460 50.082932 0.000000
116128 -36.650892 -25.412873 49.408097 0.000000
116129 -37.058338 -25.080001 49.262903 0.000000
116130 -37.554799 -24.792603 49.261990 0.000000
116131 -36.869298 -24.912655 47.826483 0.000000
116132 -37.462114 -24.656180 48.510449 0.000000
116133 -38.003540 -24.400614 49.143277 0.000000
116134 -38.347667 -24.015902 49.019999 0.000000
116135 -38.717489 -23.637555 48.869326 0.000000
116799 -41.665968 -18.699043 41.722840 0.000000
116800 -42.594652 -18.392546 42.363887 0.000000
116801 -42.138569 -18.727237 41.498199 0.000000
116802 -42.617594 -18.722690 41.314652 0.000000
116803 -42.996592 -18.742699 41.074487 0.000000
116804 -41.551259 -19.341141 39.530313 0.000000
116805 -42.453331 -19.059200 40.192363 0.000000
116806 -43.397615 -18.740880 40.853500 0.000000
116807 -43.767437 -18.752703 40.603291 0.000000
116808 -44.133588 -18.759069 40.332078 0.000000
116809 -44.476797 -18.776350 40.042603 0.000000
116810 -47.372051 -13.623199 29.521032 0.000000
116811 -47.822628 -13.752346 30.289010 0.000000
116812 -48.220898 -13.430388 30.100897 0.000000
116813 -49.000001 -13.148447 30.762033 0.000000
116814 -49.874542 -12.774648 31.532751 0.000000
116815 -49.883719 -12.410853 30.455207 0.000000
116816 -50.236105 -12.386297 31.347377 0.000000
116817 -50.638045 -12.330819 32.329950 0.000000
116818 -51.401548 -11.977938 33.000218 0.000000
116819 -52.169639 -11.687812 33.570951 0.000000
116835 -53.721422 -9.483216 29.695448 0.000000
116839 -53.935240 -8.932977 27.984163 0.000000
116840 -53.558994 -8.979361 27.364119 0.000000
119512 -11.623230 -32.901585 58.169072 0.000000
119514 -10.812009 -33.299940 58.759894 0.000000
119515 -10.870740 -33.419083 59.582662 0.000000
119516 -10.925800 -33.474562 60.565236 0.000000
119517 -10.998296 -33.432725 61.661042 0.000000
121188 -39.423179 -20.229709 46.225692 0.000000
121189 -39.820530 -19.878647 46.789119 0.000000
121190 -39.372707 -19.966868 45.937130 0.000000
121191 -39.384636 -19.711302 45.695139 0.000000
121192 -39.320399 -19.483930 45.382834 0.000000
121193 -38.268747 -19.826807 44.021294 0.000000
121194 -38.811091 -19.569422 44.563719 0.000000
121195 -39.356189 -19.284753 45.112535 0.000000
121196 -39.367201 -19.104674 44.817580 0.000000
121197 -39.447038 -18.981894 44.530844 0.000000
121198 -39.564500 -18.810001 44.256893 0.000000
121199 -39.693892 -18.682673 43.984767 0.000000
121200 -39.009309 -18.920049 43.460606 0.000000
121201 -38.502754 -19.033734 42.684410 0.000000
121202 -37.982434 -19.140144 41.870774 0.000000
121203 -37.215260 -19.418447 41.668049 0.000000
121204 -37.323546 -19.330227 41.384053 0.000000
121205 -37.434584 -19.268382 41.011479 0.000000
121206 -36.961065 -19.428451 40.233456 0.000000
121207 -36.548113 -19.590340 39.473696 0.000000
121208 -36.125066 -19.814983 38.690195 0.000000
121282 -24.925800 -27.622016 57.748099 0.000000
121283 -25.009308 -27.577451 58.614700 0.000000
121284 -25.471815 -27.531067 58.425673 0.000000
121285 -26.051783 -27.421929 59.203696 0.000000
121286 -26.526220 -27.300967 59.806390 0.000000
121287 -27.014421 -27.389187 58.899610 0.000000
121288 -27.048375 -27.323704 59.726030 0.000000
121289 -27.049293 -27.285506 60.453829 0.000000
121290 -27.491610 -27.374635 61.053783 0.000000
121297 -29.322366 -27.405558 60.326898 0.000000
121310 -25.764552 -27.428295 47.620106 0.000000
121311 -26.347274 -27.663852 48.355210 0.000000
121312 -26.847405 -27.788452 48.858368 0.000000
121313 -27.460410 -27.940336 49.536855 0.000000
121314 -32.769141 -27.677494 51.069158 0.000000
121315 -32.127688 -27.799366 50.972361 0.000000
121316 -32.790247 -27.768443 51.717510 0.000000
121317 -32.859072 -27.879400 52.459006 0.000000
121318 -33.004065 -27.983082 53.272642 0.000000
121319 -34.064893 -27.680223 53.863465 0.000000
121320 -33.594128 -27.858482 54.000440 0.000000
121321 -33.030677 -27.978534 53.979438 0.000000
121322 -33.070137 -28.014914 54.773897 0.000000
121323 -33.110515 -27.990358 55.507175 0.000000
121324 -33.055454 -27.969440 56.197533 0.000000
121325 -33.042607 -27.879400 56.906155 0.000000
121326 -33.598716 -27.723878 56.913460 0.000000
121327 -34.026351 -27.489231 57.520719 0.000000
121328 -34.472339 -27.254583 58.138024 0.000000
121329 -35.033037 -27.025393 57.506109 0.000000
121330 -34.933011 -27.086328 58.049446 0.000000
121331 -34.888045 -27.214566 58.612873 0.000000
121441 -17.482565 -30.115828 54.125545 0.000000
121442 -17.490824 -30.135837 54.899915 0.000000
121443 -17.507342 -30.107642 55.750078 0.000000
121445 -17.967095 -29.889366 56.509838 0.000000
121446 -17.513765 -30.057621 56.548191 0.000000
121449 -17.554143 -29.732025 59.207349 0.000000
121450 -17.591768 -29.568317 60.101344 0.000000
121451 -18.065286 -29.400971 60.168919 0.000000
121452 -18.577347 -29.086289 61.249202 0.000000
121453 -19.078396 -28.826176 62.285652 0.000000
121454 -19.498689 -28.878017 61.335040 0.000000
121455 -19.539985 -28.756145 62.253691 0.000000
121456 -19.589539 -28.648826 63.173256 0.000000
123383 -41.377819 -18.659026 32.982868 0.000000
123384 -41.868774 -18.793630 33.860427 0.000000
123385 -42.159676 -18.518055 33.570038 0.000000
123386 -42.964474 -18.354348 34.149902 0.000000
123387 -43.786708 -18.166084 34.748030 0.000000
123388 -43.593079 -17.718617 33.655876 0.000000
123389 -44.097798 -17.857768 34.513345 0.000000
123390 -44.621789 -17.966907 35.341592 0.000000
123391 -45.418328 -17.717707 35.933328 0.000000
123392 -46.188255 -17.465780 36.518671 0.000000
123393 -46.993053 -17.192934 37.085751 0.000000
123477 -47.330756 -10.951127 22.680459 0.000000
123478 -48.110777 -11.088460 23.211925 0.000000
123479 -47.843735 -10.923843 22.628408 0.000000
123480 -48.333771 -10.882006 22.494172 0.000000
123481 -48.811878 -10.830166 22.320669 0.000000
123496 -53.583771 -9.957968 19.001288 0.000000
123497 -54.455560 -9.766976 19.286198 0.000000
123498 -55.278711 -9.354979 19.564715 0.000000
123499 -56.021108 -8.896597 19.835014 0.000000
123500 -55.667804 -9.180357 19.222276 0.000000
123501 -56.033037 -9.021197 18.863399 0.000000
123502 -56.445990 -8.899326 18.478953 0.000000
123503 -55.320006 -9.332241 17.679015 0.000000
123504 -56.085345 -9.042115 17.882652 0.000000
123505 -56.798376 -8.815653 18.065286 0.000000
129497 -14.231254 -31.450954 60.415475 0.000000
129498 -13.823807 -31.689240 60.677556 0.000000
129499 -14.225748 -31.235406 61.373393 0.000000
129500 -14.189958 -30.939823 62.483811 0.000000
129505 -13.943105 -30.062168 65.630602 0.000000
131011 -41.202544 -19.972324 52.070908 0.000000
131012 -41.061223 -19.972324 51.157735 0.000000
131013 -40.707001 -20.760849 50.868260 0.000000
131014 -40.838228 -20.367951 50.591568 0.000000
131015 -40.879524 -20.029622 50.235431 0.000000
131016 -40.662953 -20.116933 49.347828 0.000000
131017 -40.302308 -20.240623 48.373473 0.000000
131018 -39.929733 -20.354309 47.464867 0.000000
131019 -39.364448 -22.497059 48.182620 0.000000
131020 -39.498428 -22.082333 47.963459 0.000000
131021 -39.609466 -21.693073 47.733339 0.000000
131022 -38.713818 -22.101432 46.209255 0.000000
131023 -39.166230 -21.763103 46.783640 0.000000
131024 -39.573677 -21.399309 47.356199 0.000000
131025 -39.592030 -21.021872 47.144343 0.000000
131026 -39.525040 -20.750845 46.832952 0.000000
131027 -39.542476 -20.452533 46.573611 0.000000
131028 -38.970766 -20.549848 45.655873 0.000000
131029 -38.461459 -20.543482 44.847715 0.000000
131030 -37.904432 -20.564400 44.017642 0.000000
131031 -37.494233 -21.097359 43.719034 0.000000
131032 -37.398795 -20.821785 43.467912 0.000000
131033 -37.318957 -20.529840 43.228661 0.000000
131034 -36.741742 -20.497098 42.477120 0.000000
131035 -36.182880 -20.414335 41.788588 0.000000
131094 -21.310173 -28.529683 59.107813 0.000000
131096 -21.672654 -28.444192 57.906991 0.000000
131097 -22.109466 -28.301402 57.759971 0.000000
131098 -21.529497 -28.517860 56.124479 0.000000
131099 -22.020451 -28.345058 56.866888 0.000000
131100 -22.544442 -28.175893 57.535330 0.000000
131101 -22.990430 -28.014004 57.382830 0.000000
131102 -23.479549 -27.908504 57.371872 0.000000
131103 -23.919114 -27.787542 57.184672 0.000000
131104 -21.398270 -28.727042 52.743002 0.000000
131105 -21.835999 -28.522407 53.435187 0.000000
131106 -22.281988 -28.283212 54.089018 0.000000
131107 -22.677504 -28.149518 53.153930 0.000000
131108 -22.718800 -28.138604 53.946563 0.000000
131109 -22.779366 -28.105863 54.741023 0.000000
131110 -23.290509 -27.933970 55.512654 0.000000
131111 -23.829182 -27.823922 56.340901 0.000000
131112 -24.365103 -27.731154 56.967337 0.000000
131113 -24.849633 -27.668400 56.918026 0.000000
131114 -25.335082 -27.650210 56.780137 0.000000
131115 -25.865496 -27.642934 56.675122 0.000000
131116 -25.193760 -27.758439 55.064286 0.000000
131117 -25.776482 -27.710236 55.785692 0.000000
131118 -26.309649 -27.679313 56.500706 0.000000
131119 -26.834557 -27.703870 56.304374 0.000000
131120 -27.350289 -27.740249 56.275153 0.000000
131121 -27.808207 -27.792090 56.166485 0.000000
131127 -29.900499 -27.404648 46.218387 0.000000
131128 -29.885816 -27.546528 46.721545 0.000000
131129 -30.028055 -27.696594 47.408250 0.000000
131130 -30.614447 -27.683861 48.027381 0.000000
131131 -31.233876 -27.666581 48.734176 0.000000
131132 -31.906529 -27.585636 49.503067 0.000000
131134 -32.187337 -26.987194 46.827473 0.000000
131135 -32.240562 -27.103608 47.426514 0.000000
131136 -33.475748 -26.831672 48.182620 0.000000
131137 -32.902203 -27.022664 48.141527 0.000000
131138 -32.432355 -27.243669 48.210928 0.000000
131139 -32.402990 -27.369178 48.841017 0.000000
131140 -32.550735 -27.441028 49.516765 0.000000
131141 -32.570006 -27.528339 50.294788 0.000000
131142 -33.255507 -27.476498 51.018020 0.000000
131143 -33.857499 -27.439209 51.650848 0.000000
131144 -34.541165 -27.312790 52.431611 0.000000
131145 -34.863268 -26.922621 51.624366 0.000000
131146 -35.052308 -27.054496 52.417000 0.000000
131147 -35.053226 -27.102699 53.080876 0.000000
131148 -35.598323 -26.846224 53.788585 0.000000
131149 -36.058076 -26.544274 54.489901 0.000000
131150 -36.438910 -26.213221 55.118163 0.000000
131151 -36.807814 -25.893991 55.786605 0.000000
131152 -36.797720 -25.832146 54.993059 0.000000
131153 -37.119822 -25.410144 54.940095 0.000000
131154 -37.432749 -24.995419 54.792161 0.000000
131155 -37.092292 -25.401959 53.488151 0.000000
131156 -37.424489 -25.038164 54.108195 0.000000
131157 -37.750263 -24.671641 54.719107 0.000000
131158 -38.111826 -24.232359 54.727326 0.000000
131159 -38.443105 -23.810358 54.640574 0.000000
131160 -38.789067 -23.451110 54.571173 0.000000
131161 -37.175800 -25.255532 50.678320 0.000000
131162 -37.638307 -24.984505 51.335804 0.000000
131163 -37.985187 -24.597973 52.017944 0.000000
131164 -38.434846 -24.211441 51.200654 0.000000
131165 -38.410069 -24.220536 51.901971 0.000000
131166 -38.319219 -24.215079 52.683646 0.000000
131167 -38.611957 -23.814905 53.289992 0.000000
131168 -38.866152 -23.410184 53.893599 0.000000
131170 -39.573677 -22.641667 54.396757 0.000000
131173 -40.044442 -22.138721 52.919245 0.000000
131174 -40.318826 -21.744004 53.520112 0.000000
131255 -17.906529 -29.923926 53.303690 0.000000
131256 -18.343341 -29.856624 54.070755 0.000000
131257 -18.839801 -29.667451 54.832340 0.000000
131258 -19.226141 -29.569226 53.873510 0.000000
131259 -19.261012 -29.556494 54.713628 0.000000
131262 -20.272287 -28.992612 57.452232 0.000000
132977 -45.272418 -16.260710 47.359852 0.000000
132980 -45.026482 -16.639966 45.778238 0.000000
132981 -45.782644 -16.346202 46.148986 0.000000
132982 -46.581018 -16.165214 46.421111 0.000000
132983 -47.016912 -16.168852 46.151725 0.000000
132986 -43.476535 -18.034209 42.960188 0.000000
132987 -44.338228 -17.669505 43.488002 0.000000
132988 -45.183404 -17.319352 43.972896 0.000000
132989 -45.179733 -17.727712 43.035981 0.000000
132990 -45.630310 -17.335723 43.741864 0.000000
132991 -45.963425 -16.966471 44.406653 0.000000
132992 -46.780153 -16.665431 44.739048 0.000000
132993 -47.566598 -16.457159 44.988344 0.000000
132998 -48.433797 -16.874613 43.361071 0.000000
133004 -44.360253 -16.127925 31.064293 0.000000
133005 -44.805323 -16.303456 31.984771 0.000000
133006 -45.197169 -15.977860 31.779307 0.000000
133007 -45.957001 -15.771406 32.470579 0.000000
133008 -46.791165 -15.548582 33.189245 0.000000
133009 -46.785659 -15.122033 32.034082 0.000000
133010 -47.238989 -15.202068 32.997479 0.000000
133011 -47.626246 -15.277555 33.890561 0.000000
133012 -48.489775 -14.986519 34.602836 0.000000
133013 -49.251443 -14.683660 35.203703 0.000000
133014 -50.062665 -14.369887 35.779915 0.000000
133015 -48.281464 -13.833290 31.152871 0.000000
133016 -48.750394 -13.826014 32.087959 0.000000
133017 -49.225748 -13.796911 33.050443 0.000000
133018 -50.400368 -13.104792 33.595607 0.000000
133019 -50.049817 -13.500418 33.782807 0.000000
133020 -49.631359 -13.906959 33.933480 0.000000
133021 -50.029629 -13.926058 34.774512 0.000000
133516 -6.661379 -35.487255 65.168537 0.000000
139743 -37.922785 -20.615331 34.812865 0.000000
139744 -38.745019 -20.480727 35.325155 0.000000
139745 -38.261406 -20.501646 34.464034 0.000000
139746 -38.612874 -20.350671 34.133465 0.000000
139747 -38.950578 -20.189692 33.816594 0.000000
139749 -38.508260 -20.042355 33.034006 0.000000
139750 -39.307552 -19.953225 33.522553 0.000000
139751 -39.678291 -19.688565 33.244949 0.000000
139752 -39.971946 -19.407533 32.925338 0.000000
139753 -40.299555 -19.113769 32.655953 0.000000
139760 -39.067122 -18.852747 31.482526 0.000000
139761 -39.862743 -18.874574 31.897106 0.000000
139762 -40.594128 -18.796358 32.404830 0.000000
139763 -40.929078 -18.462577 32.162839 0.000000
139764 -41.266781 -18.116062 31.923588 0.000000
139765 -41.568695 -17.772277 31.671553 0.000000
139766 -40.383981 -17.439404 30.422333 0.000000
139767 -41.158496 -17.470327 30.921838 0.000000
139768 -41.950447 -17.443042 31.427736 0.000000
139769 -42.329445 -17.121994 31.190311 0.000000
139770 -42.706608 -16.815497 30.923665 0.000000
139771 -43.114054 -16.509000 30.641495 0.000000
139796 -41.744888 -16.142477 29.407799 0.000000
139797 -42.614841 -16.185222 29.948397 0.000000
139798 -43.540772 -16.168852 30.460686 0.000000
139799 -43.872051 -15.853260 30.291750 0.000000
139800 -44.235449 -15.550401 30.096331 0.000000
139801 -44.586000 -15.254818 29.876256 0.000000
139802 -43.250787 -14.888295 28.597815 0.000000
139803 -44.115234 -14.947411 29.126542 0.000000
139804 -44.961328 -14.945592 29.703667 0.000000
139805 -45.357762 -14.640914 29.505508 0.000000
139806 -45.753278 -14.329870 29.331092 0.000000
139807 -46.146042 -14.043382 29.139326 0.000000
139809 -42.567122 -13.476772 26.492040 0.000000
139810 -43.343472 -13.667764 26.925797 0.000000
139812 -43.758260 -13.451306 26.747728 0.000000
139813 -44.146435 -13.777812 27.420736 0.000000
139814 -44.918197 -13.861484 27.921154 0.000000
139815 -45.740431 -13.855118 28.417007 0.000000
139816 -46.558994 -13.750527 28.990479 0.000000
139817 -46.997641 -13.459491 28.847111 0.000000
139818 -47.451889 -13.148447 28.704656 0.000000
139819 -47.918066 -12.849226 28.569507 0.000000
139820 -46.677374 -12.819213 27.354074 0.000000
139821 -47.544574 -12.697342 27.884628 0.000000
139822 -48.399844 -12.537272 28.457187 0.000000
139823 -48.894469 -12.230775 28.351259 0.000000
139824 -49.369823 -11.894265 28.210630 0.000000
139825 -49.818564 -11.553208 28.054478 0.000000
139826 -50.237940 -11.241254 27.940331 0.000000
139827 -49.376246 -11.452255 27.449044 0.000000
139828 -48.933011 -11.398595 26.853656 0.000000
139829 -48.531988 -11.432246 26.212609 0.000000
139830 -47.338097 -11.813321 25.706712 0.000000
139831 -47.712507 -11.637790 25.587999 0.000000
139832 -48.145649 -11.456802 25.459242 0.000000
139833 -47.842817 -11.439522 24.725052 0.000000
139834 -47.514290 -11.372220 24.071220 0.000000
139835 -47.228894 -11.237616 23.449350 0.000000
139843 -46.498428 -11.078456 22.990024 0.000000
139844 -46.932487 -11.016610 22.852135 0.000000
139845 -46.618643 -10.697381 22.289621 0.000000
140266 -13.411773 -31.952081 60.933244 0.000000
140267 -13.012585 -32.144892 61.233678 0.000000
140268 -12.631752 -32.381359 61.493019 0.000000
140269 -12.976796 -31.594653 63.423465 0.000000
140270 -12.628999 -32.155806 62.623526 0.000000
140271 -12.206870 -32.613278 61.776102 0.000000
140272 -11.817777 -32.803361 62.145937 0.000000
140273 -11.425013 -33.040737 62.463721 0.000000
140274 -11.010226 -33.266289 62.812553 0.000000
140275 -12.447300 -30.715179 67.188474 0.000000
140276 -12.111432 -31.038957 66.709059 0.000000
140277 -11.844389 -31.447316 66.124628 0.000000
140278 -11.252491 -31.640127 67.150121 0.000000
140279 -11.392895 -31.742899 66.347442 0.000000
140280 -11.577347 -32.002103 65.368522 0.000000
140281 -11.280021 -32.529605 64.699166 0.000000
140282 -10.960671 -33.051650 63.918404 0.000000
140283 -10.596356 -33.506394 63.085591 0.000000
140284 -10.185239 -33.762869 63.384198 0.000000
140285 -9.683272 -33.968413 63.758599 0.000000
140287 -9.371264 -33.588247 65.705482 0.000000
140288 -9.050997 -34.010249 65.062609 0.000000
140293 -7.019271 -35.157112 65.808671 0.000000
140294 -6.947693 -35.214409 66.407712 0.000000
140295 -6.964211 -35.333552 66.887127 0.000000
140296 -7.782774 -34.626881 67.426812 0.000000
140297 -7.414788 -35.095267 67.341887 0.000000
144633 -45.250394 -16.506271 49.806240 0.000000
144634 -44.993446 -16.394404 49.251032 0.000000
144637 -42.001836 -19.055562 52.762179 0.000000
144639 -41.602649 -18.929143 51.106598 0.000000
144645 -40.227059 -19.503939 47.371723 0.000000
144646 -40.657447 -19.081028 47.986288 0.000000
144647 -41.051128 -18.669030 48.559760 0.000000
144648 -40.764815 -18.675397 47.348894 0.000000
144649 -41.122707 -18.452572 48.223713 0.000000
144650 -41.496199 -18.258852 49.124101 0.000000
144651 -41.868774 -17.888691 49.587079 0.000000
144652 -42.326692 -17.571280 50.062842 0.000000
144655 -43.119560 -16.971019 49.736839 0.000000
144656 -43.426063 -16.853695 49.344175 0.000000
144657 -42.529497 -17.291158 48.140614 0.000000
144658 -43.094783 -16.958286 48.597200 0.000000
144659 -43.671999 -16.705449 48.995343 0.000000
144660 -43.885816 -16.637237 48.678473 0.000000
144661 -44.216178 -16.522642 48.346991 0.000000
144663 -44.163871 -16.599948 47.276753 0.000000
144664 -43.935371 -16.818225 46.645751 0.000000
144665 -43.512324 -17.149278 45.911561 0.000000
144666 -42.608417 -17.529444 45.774585 0.000000
144667 -42.800211 -17.499431 45.476891 0.000000
144668 -43.090195 -17.444861 45.203852 0.000000
144669 -42.682749 -17.730440 44.473314 0.000000
144670 -42.303750 -17.993282 43.725426 0.000000
144671 -41.789854 -18.313421 42.851521 0.000000
144672 -39.868249 -18.596271 43.743690 0.000000
144673 -40.027924 -18.536245 43.454214 0.000000
144674 -40.205035 -18.506232 43.131864 0.000000
144675 -39.027662 -18.896402 41.765759 0.000000
144676 -39.714080 -18.711776 42.292659 0.000000
144677 -40.403252 -18.518055 42.829604 0.000000
144678 -40.725355 -18.513508 42.573003 0.000000
144679 -41.037363 -18.572625 42.306357 0.000000
144680 -41.333771 -18.636289 42.009576 0.000000
144681 -40.886865 -18.950062 41.123799 0.000000
144682 -40.461983 -19.208356 40.302857 0.000000
144683 -40.010488 -19.493935 39.411601 0.000000
144684 -38.977190 -19.582155 39.158652 0.000000
144685 -39.298375 -19.704026 38.845434 0.000000
144686 -39.576430 -19.812255 38.542261 0.000000
144687 -39.124018 -20.123299 37.682966 0.000000
144688 -38.654170 -20.391598 36.808147 0.000000
144689 -38.164133 -20.583499 35.962549 0.000000
144716 -34.956870 -20.327024 40.501928 0.000000
144744 -34.823808 -20.051450 39.907453 0.000000
144745 -34.860515 -19.952316 39.596975 0.000000
144746 -34.932093 -19.925031 39.300194 0.000000
144748 -34.397090 -20.059635 38.567830 0.000000
144749 -35.078003 -19.913208 38.964146 0.000000
144750 -35.255113 -19.923212 38.624446 0.000000
144751 -35.480861 -19.976872 38.291138 0.000000
144752 -35.675407 -20.047812 37.944133 0.000000
144759 -34.407185 -20.395236 36.788057 0.000000
144760 -35.166099 -20.298830 37.179808 0.000000
144761 -35.863530 -20.142398 37.587996 0.000000
144762 -36.154432 -20.287916 37.259254 0.000000
144763 -36.394862 -20.402512 36.890332 0.000000
144764 -36.688517 -20.521654 36.569809 0.000000
144765 -35.433142 -20.745388 35.327894 0.000000
144766 -36.134243 -20.709009 35.730603 0.000000
144767 -36.881228 -20.605327 36.212758 0.000000
144768 -37.147353 -20.683543 35.798178 0.000000
144769 -37.400630 -20.691728 35.461218 0.000000
144770 -37.638307 -20.663534 35.151652 0.000000
144880 -21.802046 -28.350514 59.815521 0.000000
144881 -22.272811 -28.182259 60.462960 0.000000
144883 -23.165706 -27.903957 60.078515 0.000000
144889 -25.068957 -27.510149 59.511435 0.000000
144890 -25.088228 -27.465584 60.304068 0.000000
144941 -23.305192 -27.768443 49.740492 0.000000
144942 -23.809911 -27.751163 50.353231 0.000000
144951 -24.325643 -27.761167 51.028065 0.000000
144952 -24.876246 -27.778447 51.737600 0.000000
144953 -25.416755 -27.828469 52.383212 0.000000
144954 -26.019665 -27.860301 53.185891 0.000000
144955 -26.380310 -27.883948 52.227060 0.000000
144956 -26.506949 -27.918508 53.111011 0.000000
144957 -26.615234 -27.913961 53.908210 0.000000
144958 -27.187861 -27.893043 54.705409 0.000000
144959 -27.752229 -27.863939 55.374765 0.000000
144960 -28.280808 -27.821193 55.956455 0.000000
144963 -27.808207 -27.822103 47.482217 0.000000
144964 -28.964474 -27.923965 48.052950 0.000000
144965 -28.339539 -27.936698 48.031034 0.000000
144966 -27.838490 -27.885767 48.117785 0.000000
144967 -27.875197 -27.967621 48.751526 0.000000
144968 -28.000918 -28.019461 49.578860 0.000000
144969 -28.159675 -28.060388 50.376060 0.000000
144970 -31.560567 -27.943974 50.942227 0.000000
144971 -30.999870 -28.035832 50.992451 0.000000
144972 -30.359335 -28.092220 50.955924 0.000000
144973 -31.142109 -28.175893 52.429784 0.000000
144974 -30.487809 -28.180440 51.705639 0.000000
144975 -29.748165 -28.148608 50.886523 0.000000
144976 -29.299424 -28.173165 51.049981 0.000000
144977 -28.776351 -28.163160 51.149517 0.000000
144978 -28.214736 -28.093130 51.033544 0.000000
144979 -28.300079 -28.114048 51.818872 0.000000
144980 -28.411117 -28.118595 52.637987 0.000000
144981 -28.515732 -28.109501 53.467148 0.000000
144982 -29.693105 -28.207725 54.192207 0.000000
144983 -29.144337 -28.143152 54.168464 0.000000
144984 -28.636865 -28.059479 54.314572 0.000000
144985 -28.701102 -27.962164 55.086202 0.000000
144986 -28.766256 -27.865758 55.976545 0.000000
144987 -28.803881 -27.753891 56.700691 0.000000
144988 -29.293000 -27.741158 57.352696 0.000000
144989 -29.839015 -27.662033 58.073189 0.000000
144990 -30.277662 -27.636568 58.525209 0.000000
144991 -30.816335 -27.814827 57.792845 0.000000
144992 -30.795229 -27.681132 58.507859 0.000000
144993 -30.753933 -27.605645 59.219220 0.000000
144997 -32.964605 -27.784814 57.613863 0.000000
144998 -32.864579 -27.751163 58.188248 0.000000
144999 -32.804012 -27.707507 58.858517 0.000000
145282 -12.377557 -32.375902 56.864149 0.000000
145283 -12.855664 -32.331337 57.412965 0.000000
145284 -13.318170 -32.181272 58.087799 0.000000
145285 -13.791689 -31.926616 58.771765 0.000000
145298 -16.192318 -30.665158 55.146472 0.000000
145305 -14.046802 -31.631032 55.603971 0.000000
145306 -14.076167 -31.735623 56.326290 0.000000
145307 -14.957132 -31.366372 56.831274 0.000000
145308 -14.555192 -31.566459 56.937202 0.000000
145309 -14.124804 -31.784736 57.046783 0.000000
145310 -14.152334 -31.772003 57.814761 0.000000
145311 -14.175276 -31.703791 58.677709 0.000000
145312 -14.206476 -31.594653 59.538830 0.000000
145313 -14.605664 -31.193569 60.305895 0.000000
145314 -14.992921 -30.719727 61.182540 0.000000
145325 -18.697562 -28.628817 64.131173 0.000000
150309 -39.581936 -20.304287 35.857534 0.000000
150310 -40.406923 -20.062364 36.457489 0.000000
150311 -41.269534 -19.806798 37.086664 0.000000
150312 -41.041952 -19.785880 35.832879 0.000000
150313 -41.617332 -19.674013 36.790796 0.000000
150314 -42.150499 -19.569422 37.739582 0.000000
150315 -43.058994 -19.302942 38.427201 0.000000
150316 -43.914264 -19.050105 39.073727 0.000000
150317 -44.818171 -18.730875 39.684639 0.000000
150318 -42.356975 -18.921867 34.684108 0.000000
150319 -42.852518 -18.977346 35.526966 0.000000
150320 -43.329707 -19.045558 36.419135 0.000000
150321 -44.518092 -18.640836 36.757009 0.000000
150322 -44.248297 -18.847290 37.079359 0.000000
150323 -43.954642 -19.015545 37.388924 0.000000
150324 -44.532775 -18.916411 38.371498 0.000000
150325 -45.092555 -18.745427 39.323023 0.000000
150326 -45.666099 -18.478948 40.246240 0.000000
150327 -46.473651 -18.160627 40.748485 0.000000
150328 -47.333509 -17.748630 41.153933 0.000000
150329 -48.083247 -17.373012 41.433364 0.000000
150330 -47.828134 -17.611297 40.280028 0.000000
150331 -48.370478 -17.313895 40.988649 0.000000
150336 -45.135685 -16.383491 32.889725 0.000000
150337 -45.506425 -16.481715 33.726190 0.000000
150338 -45.951495 -16.571754 34.570875 0.000000
150339 -47.187599 -16.002416 35.060335 0.000000
150340 -46.796671 -16.331650 35.228359 0.000000
150341 -46.367201 -16.704539 35.347984 0.000000
150342 -46.884768 -16.764565 36.144270 0.000000
150343 -47.334427 -16.826411 36.902203 0.000000
150344 -47.782251 -16.888256 37.566080 0.000000
150352 -48.597143 -16.560840 38.042756 0.000000
150353 -48.306241 -16.916450 38.227216 0.000000
150354 -48.747641 -16.884618 38.857305 0.000000
150552 -50.695858 -10.883825 27.795137 0.000000
150553 -51.137258 -10.564596 27.653595 0.000000
150554 -51.559387 -10.243547 27.527577 0.000000
150555 -50.221422 -10.588242 26.556875 0.000000
150556 -51.036315 -10.261737 26.982413 0.000000
150557 -51.924621 -9.923408 27.371425 0.000000
150558 -52.293525 -9.620549 27.178745 0.000000
150559 -52.708313 -9.315871 26.987892 0.000000
150560 -53.166231 -9.043025 26.788821 0.000000
150561 -48.937599 -11.043895 23.736086 0.000000
150562 -49.762586 -10.891101 24.250202 0.000000
150563 -50.506818 -10.609161 24.771623 0.000000
150564 -50.662822 -10.596428 23.889499 0.000000
150565 -50.985843 -10.441815 24.577118 0.000000
150566 -51.237285 -10.168060 25.331398 0.000000
150567 -51.928292 -9.698764 25.787071 0.000000
150568 -52.675276 -9.254026 26.185214 0.000000
150569 -53.575512 -8.846576 26.519435 0.000000
150570 -53.976535 -8.625570 26.262834 0.000000
150571 -54.405088 -8.390013 26.006232 0.000000
150572 -54.850158 -8.151728 25.763328 0.000000
150573 -53.754458 -8.747442 24.791713 0.000000
150574 -54.486760 -8.299065 25.199901 0.000000
150575 -55.255769 -7.980744 25.461982 0.000000
150576 -55.643944 -7.864330 25.141458 0.000000
150596 -52.181569 -10.343590 22.075026 0.000000
150597 -52.996461 -9.936140 22.494172 0.000000
150598 -53.728764 -9.396815 22.853048 0.000000
150599 -54.400499 -8.806558 23.274021 0.000000
150600 -54.723520 -8.963899 22.424771 0.000000
150601 -54.882277 -8.591010 22.991851 0.000000
150602 -55.065811 -8.289060 23.539754 0.000000
150603 -55.695334 -7.956188 23.767134 0.000000
150615 -56.609335 -8.538260 20.077005 0.000000
150616 -57.145255 -8.411841 20.253247 0.000000
150618 -57.730730 -8.672864 19.444177 0.000000
