#!ascii label  , from subject  vox2ras=TkReg coords=orig
1290
150 -4.589276 -8.528255 -21.034009 0.222222
337 -9.497903 9.468664 -34.567222 0.111111
603 -2.007866 3.325992 -25.545993 0.333333
604 -5.282119 -3.315988 -27.102039 1.000000
817 -8.986759 12.409944 -33.272344 0.111111
1346 -3.402727 -3.269604 -23.849319 0.333333
1347 -3.954248 -6.447350 -24.205457 1.000000
1348 -9.117987 -7.238603 -26.784255 0.666667
1349 -6.715522 -9.949783 -23.851146 0.555556
1759 -11.637913 6.819330 -33.430323 0.222222
2445 -5.307813 9.264939 -28.643474 0.111111
2446 -4.268091 6.424613 -29.678098 0.444444
2447 -5.801521 3.014038 -29.921915 0.666667
2449 -2.311615 0.136423 -26.161472 1.000000
2450 -8.894075 -0.072759 -30.232393 0.666667
2451 -12.528972 -3.200483 -28.989566 0.222222
2557 -3.896434 -15.725932 -16.527504 0.111111
2558 -5.085737 -14.419000 -19.051512 0.333333
2559 -6.044704 -12.610940 -21.463200 0.444444
3266 -4.031332 -6.055361 -22.537091 0.222222
3267 -3.765207 -7.634230 -22.666761 0.666667
3268 -5.269271 -8.105344 -24.219154 0.888889
3269 -4.665443 -9.415005 -22.682285 0.666667
3890 -11.161642 9.631462 -35.660289 0.111111
3892 -10.504589 8.021671 -34.128899 0.111111
5468 -6.671474 10.029818 -27.889193 0.111111
5470 -3.172391 4.427380 -25.707625 0.111111
5471 -2.653907 6.530113 -26.425378 0.444444
5472 -2.459360 4.929417 -27.277368 0.555556
5473 -4.904038 4.376449 -30.141076 0.666667
5474 -2.660330 3.499704 -27.509314 0.666667
5478 -2.915443 -3.308712 -25.302176 0.888889
5479 -2.294179 -1.776227 -24.790800 0.666667
5480 -3.382538 -1.482463 -26.734944 1.000000
5481 -4.825118 0.143699 -28.149447 0.888889
5482 -6.938516 -1.784413 -28.502845 0.888889
5483 -10.733089 -1.577050 -29.810508 0.555556
5484 -8.906922 -3.645222 -28.435270 0.777778
5485 -10.884505 -9.147616 -25.875649 0.333333
5486 -12.323414 -7.251336 -26.828087 0.111111
5751 -6.571447 -16.790031 -18.436034 0.333333
5752 -7.095438 -15.714108 -19.636856 0.222222
5753 -5.507866 -13.574087 -20.232244 0.333333
5754 -7.877294 -14.824631 -20.924429 0.333333
5755 -8.434321 -13.726880 -22.079592 0.444444
6079 -8.904169 11.143029 -34.249438 0.111111
7032 -3.272417 -4.717507 -24.000906 0.555556
7033 -4.285527 -4.830283 -25.811727 1.000000
7034 -7.384505 -5.385070 -27.304763 0.777778
7035 -6.029103 -6.659260 -25.787071 1.000000
7036 -7.668065 -8.619204 -25.454676 0.777778
7037 -9.871395 -10.665549 -24.790800 0.333333
7945 -12.595962 5.669739 -32.467839 0.111111
9891 -8.549948 11.199417 -30.271660 0.111111
9892 -7.737808 10.463643 -31.278889 0.111111
9893 -7.463424 9.230379 -32.087959 0.222222
9895 -4.390142 8.054413 -29.203248 0.333333
9896 -7.724043 7.716084 -32.213977 0.333333
9897 -8.420556 6.166319 -31.941852 0.444444
9898 -9.389617 4.836649 -31.746433 0.222222
9899 -10.478894 3.369648 -31.460610 0.333333
9903 -4.137782 -1.998142 -24.233765 0.111111
9904 -2.607105 -0.145518 -24.172582 0.444444
9905 -1.723388 1.733481 -25.747805 0.666667
9906 -3.488988 1.852624 -27.662727 0.777778
9907 -7.409282 1.455178 -30.317318 0.555556
9908 -11.725092 1.736210 -30.760207 0.111111
9909 -12.935501 0.046384 -30.441510 0.111111
9910 -13.922916 -1.654356 -29.956615 0.111111
9911 -15.587572 -3.214125 -28.753968 0.111111
9912 -10.557814 -5.457829 -27.685556 0.444444
10229 -4.570005 -15.146589 -17.945661 0.333333
10230 -5.032512 -12.870144 -17.374015 0.111111
10231 -4.806765 -12.077981 -18.649717 0.222222
10232 -4.640666 -11.327655 -19.996646 0.333333
10233 -4.593865 -10.509117 -21.423934 0.555556
10234 -6.463162 -11.515919 -22.787300 0.444444
10235 -9.197824 -12.264426 -23.522404 0.444444
10945 -5.071972 -7.978016 -21.288784 0.111111
10946 -4.395648 -7.462337 -21.882346 0.222222
10947 -4.113922 -8.058960 -21.782811 0.555556
10948 -4.012979 -8.417298 -22.588229 0.888889
10949 -4.168065 -8.746532 -21.562736 0.666667
11568 -9.831935 10.464552 -35.247535 0.111111
11570 -10.267829 9.572346 -35.179961 0.111111
11571 -10.887258 8.802920 -34.977236 0.111111
11572 -9.967751 8.594648 -34.485037 0.111111
13150 -2.429995 3.800744 -25.381622 0.222222
13151 -2.286838 4.704774 -26.152340 0.222222
13152 -2.095045 4.185457 -26.397070 0.555556
13153 -2.542868 4.235479 -27.486484 0.666667
13154 -1.957394 3.376924 -26.618058 0.555556
13158 -3.920294 -3.314169 -26.278358 0.888889
13159 -3.012716 -2.512002 -26.032714 0.888889
13160 -4.135947 -2.320100 -26.827174 1.000000
13161 -4.872837 -1.540670 -27.610676 0.888889
13162 -5.955690 -2.521097 -27.759523 0.888889
13163 -7.948873 -2.653882 -28.437097 0.777778
13164 -6.878867 -3.432402 -27.796050 0.888889
13165 -11.608548 -10.188978 -25.507640 0.111111
13166 -12.572103 -9.371349 -25.975184 0.111111
13431 -8.198479 -17.031045 -19.197620 0.111111
13432 -8.473781 -16.434422 -19.834101 0.111111
13433 -7.414788 -15.288469 -20.205762 0.333333
13434 -8.859203 -15.917833 -20.433142 0.111111
13435 -9.142764 -15.383055 -21.057752 0.111111
13972 -8.872051 11.715096 -33.856774 0.111111
15558 -3.414657 -6.253629 -23.223796 0.666667
15559 -3.389879 -5.350509 -23.229275 0.444444
15560 -3.474305 -5.600618 -24.189019 1.000000
15561 -3.564237 -4.903951 -25.014527 0.888889
15562 -4.053356 -5.639726 -25.116802 1.000000
15563 -5.075642 -5.683381 -25.752370 1.000000
15564 -4.747116 -6.456445 -25.020006 1.000000
15565 -5.796932 -9.010283 -24.146100 0.888889
15566 -6.484269 -8.420936 -24.959737 0.888889
15567 -6.712769 -9.144887 -24.490366 0.777778
15568 -8.935370 -9.681484 -25.240994 0.333333
15569 -8.091112 -10.264465 -24.305906 0.444444
17433 -12.107761 7.561471 -34.108810 0.111111
17435 -12.653776 6.989404 -33.400188 0.111111
17437 -12.208705 6.279095 -33.026700 0.111111
22163 -9.043655 11.370401 -29.812334 0.111111
22164 -8.152596 10.731941 -28.691872 0.111111
22165 -5.948348 9.732415 -28.273639 0.111111
22166 -7.166099 10.198982 -29.468981 0.111111
22167 -6.649450 9.683303 -30.015058 0.111111
22168 -7.383587 9.868838 -31.750086 0.222222
22169 -6.199790 9.173081 -30.349279 0.333333
22173 -2.981516 6.621972 -27.966813 0.444444
22174 -3.090718 7.483255 -27.608850 0.444444
22175 -4.168983 7.313181 -29.341137 0.444444
22176 -5.773073 7.878882 -30.913620 0.333333
22177 -5.889617 7.066710 -30.915446 0.444444
22178 -7.993839 6.930287 -32.008513 0.444444
22179 -6.160330 6.183599 -30.984847 0.444444
22180 -5.322496 3.664321 -30.086286 0.666667
22181 -7.191794 4.397367 -31.039638 0.666667
22182 -7.658888 3.559730 -31.137347 0.555556
22183 -9.998951 4.084504 -31.686164 0.333333
22184 -8.190220 2.884891 -31.033245 0.555556
22192 -4.113922 0.462019 -24.784408 0.111111
22195 -3.755113 -2.512911 -23.941550 0.333333
22196 -2.157446 -0.944957 -25.541428 0.777778
22197 -2.416230 -0.886749 -24.587163 0.555556
22198 -2.018878 -0.054569 -25.122282 0.555556
22199 -1.910593 0.696667 -24.576205 0.666667
22200 -1.992265 0.885840 -25.903044 0.777778
22201 -2.311615 1.785322 -26.749554 0.777778
22202 -2.623624 0.998616 -26.838132 0.888889
22203 -6.946775 -0.085492 -29.258952 0.777778
22204 -5.958443 0.869469 -29.065359 0.777778
22205 -8.083770 0.715766 -30.407722 0.666667
22206 -9.634636 1.369687 -30.775731 0.444444
22207 -10.265076 0.629365 -30.589444 0.555556
22208 -12.267436 0.844913 -30.562049 0.111111
22209 -11.006555 0.003638 -30.365717 0.444444
22210 -11.441531 -2.444700 -29.550254 0.444444
22211 -12.639093 -1.457907 -29.619655 0.111111
22212 -13.088752 -2.304639 -29.452544 0.111111
22213 -14.417541 -2.391040 -29.353922 0.111111
22214 -14.034872 -3.085888 -28.959431 0.111111
22215 -8.093865 -6.184508 -27.165961 0.888889
22216 -8.785789 -5.464195 -27.661814 0.666667
22217 -9.945726 -6.396419 -27.252712 0.555556
23002 -4.000131 -14.855553 -15.679167 0.111111
23004 -4.197431 -14.510858 -16.338478 0.111111
23008 -5.666623 -15.561315 -18.811348 0.333333
23009 -5.315155 -15.971493 -18.317322 0.333333
23010 -4.871919 -14.792799 -18.435121 0.333333
23011 -4.506686 -13.857846 -17.728326 0.111111
23012 -4.506686 -13.524065 -18.269837 0.333333
23013 -4.866413 -12.441776 -17.929224 0.111111
23014 -4.584688 -13.149356 -18.959282 0.333333
23015 -5.648270 -13.062955 -20.802064 0.333333
23016 -4.833377 -12.440866 -20.199370 0.333333
23017 -5.097667 -12.115270 -20.931734 0.444444
23018 -4.713162 -10.938395 -20.636779 0.555556
23019 -5.291295 -11.607777 -21.527122 0.444444
23020 -5.262848 -11.013882 -22.097855 0.555556
23021 -6.080493 -11.991580 -21.909742 0.444444
23023 -9.034478 -13.091149 -22.801911 0.333333
23024 -10.031988 -13.551349 -22.916971 0.222222
23025 -10.474305 -12.749182 -23.614634 0.111111
24311 -4.706738 -6.734748 -22.082331 0.111111
24312 -3.929470 -6.803869 -22.562660 0.333333
24313 -3.797326 -7.088538 -23.418302 0.888889
24314 -4.507604 -7.257703 -24.269379 1.000000
24315 -4.236890 -7.858873 -23.417389 1.000000
24316 -4.679208 -8.755627 -23.368078 0.888889
24317 -5.508784 -9.682394 -23.317853 0.777778
25436 -11.846225 8.857489 -35.295933 0.111111
25437 -11.490168 8.150818 -34.675890 0.111111
25438 -11.075380 7.451423 -33.787373 0.111111
28274 -7.310173 10.202620 -27.479179 0.111111
28276 -5.888700 9.520505 -26.637234 0.111111
28277 -5.085737 9.289496 -27.016201 0.111111
28278 -3.859727 4.921232 -25.957834 0.111111
28279 -3.533954 6.048085 -25.928613 0.111111
28280 -2.765863 5.306854 -26.062849 0.111111
28281 -2.340063 5.579700 -27.081949 0.444444
28282 -3.097142 5.664282 -28.338474 0.555556
28283 -4.566335 5.415992 -29.963008 0.555556
28284 -3.277924 4.842106 -28.454447 0.555556
28285 -3.542213 4.190914 -28.552156 0.666667
28286 -3.855139 3.501523 -28.580465 0.666667
28292 -2.916361 -3.299617 -24.235591 0.555556
28293 -2.854877 -2.593856 -24.153406 0.444444
28294 -2.389617 -2.581123 -24.970695 0.666667
28295 -2.507997 -1.677093 -25.698493 0.888889
28296 -2.605270 -0.663016 -26.329495 1.000000
28297 -3.285265 0.243742 -27.141305 0.888889
28298 -3.845045 -0.559334 -27.393341 0.888889
28299 -5.757473 -0.756693 -28.390525 0.888889
28300 -7.927766 -0.959508 -29.235209 0.777778
28301 -9.920949 -0.879473 -29.910044 0.555556
28302 -8.821579 -1.690735 -29.116497 0.777778
28303 -9.888831 -2.679347 -29.019701 0.666667
28304 -10.754195 -3.526989 -28.735704 0.555556
28305 -10.111825 -8.126262 -26.202564 0.444444
28306 -10.812926 -7.325914 -26.807997 0.444444
28307 -12.020582 -8.294517 -26.332235 0.222222
28781 -7.613923 -17.893238 -17.696365 0.111111
28782 -7.821316 -17.554909 -18.378505 0.111111
28783 -6.938516 -16.216145 -19.106303 0.222222
28784 -6.046539 -15.111119 -19.404910 0.333333
28785 -5.331673 -14.010640 -19.639595 0.333333
28786 -6.321841 -14.661833 -20.044131 0.333333
28787 -6.408102 -14.138878 -20.580163 0.333333
28788 -6.812795 -13.675949 -21.164593 0.333333
28789 -7.205559 -13.115705 -21.787376 0.444444
28790 -8.288411 -14.229826 -21.572781 0.333333
29544 -9.426324 11.357668 -35.233838 0.111111
29545 -9.079444 10.344500 -34.449423 0.111111
31766 -4.327740 -5.469652 -22.772689 0.111111
31767 -3.777137 -4.670213 -23.297763 0.111111
31768 -3.330231 -3.986280 -23.852972 0.333333
31769 -3.210933 -4.079957 -24.867506 0.777778
31770 -3.677111 -4.018112 -25.568823 0.888889
31771 -4.925144 -4.109970 -26.677414 1.000000
31772 -6.369560 -4.270949 -27.346769 1.000000
31773 -5.523466 -4.986715 -26.619884 1.000000
31774 -6.565941 -5.970779 -26.500258 1.000000
31775 -7.536838 -6.926649 -26.392504 1.000000
31776 -5.571185 -7.405949 -24.977087 1.000000
31777 -6.542082 -7.553286 -25.691188 1.000000
31778 -8.535265 -8.027128 -26.229046 0.666667
31779 -9.788805 -9.006645 -25.673838 0.444444
31780 -10.311877 -9.904308 -25.319527 0.222222
31781 -11.232302 -11.030253 -24.879378 0.222222
39910 -9.363005 12.066158 -31.465176 0.111111
39911 -8.849109 11.756933 -31.950070 0.111111
39912 -7.542344 10.510936 -29.087275 0.111111
39913 -8.055323 10.818342 -30.770252 0.111111
39914 -8.499476 11.330383 -32.359172 0.111111
39915 -8.351731 10.826528 -32.801147 0.111111
39916 -8.380178 10.017994 -33.243122 0.111111
39917 -8.621526 9.313142 -33.388317 0.111111
39921 -3.241217 7.422320 -26.085678 0.111111
39922 -3.634898 8.287241 -27.513880 0.222222
39923 -4.689303 8.808377 -28.899162 0.333333
39924 -5.870346 8.611019 -30.710896 0.333333
39925 -7.566204 8.522798 -32.281552 0.222222
39926 -8.933535 8.550992 -33.398362 0.111111
39927 -9.424489 7.768834 -33.164589 0.222222
39928 -9.894337 7.132193 -32.897943 0.111111
39929 -10.389880 6.554670 -32.761880 0.111111
39930 -6.676062 5.225910 -31.035072 0.555556
39931 -8.843603 5.521493 -31.886148 0.333333
39932 -10.874410 5.929852 -32.704351 0.222222
39933 -11.371788 5.349600 -32.328124 0.111111
39934 -11.837048 4.658390 -31.825879 0.111111
39935 -12.348191 3.820753 -31.344637 0.111111
39944 -2.652071 2.400135 -24.829153 0.111111
39948 -3.112743 -1.797145 -24.101355 0.444444
39949 -3.453199 -0.974060 -24.224633 0.222222
39950 -3.849633 -0.280122 -24.473016 0.222222
39951 -2.897090 0.542054 -24.166190 0.111111
39952 -1.990430 1.629800 -24.504977 0.333333
39953 -1.761012 2.692990 -25.552386 0.444444
39954 -2.064761 2.652063 -26.692025 0.666667
39955 -2.944809 2.740283 -27.635332 0.666667
39956 -4.409413 2.590218 -28.696438 0.666667
39957 -4.159806 1.014077 -27.870017 0.888889
39958 -5.212376 1.677093 -28.777710 0.666667
39959 -6.493445 2.314643 -30.026930 0.555556
39960 -8.974830 2.115466 -30.954713 0.444444
39961 -11.019402 2.574756 -31.047856 0.111111
39962 -12.846487 2.885801 -30.929144 0.111111
39963 -13.218144 1.948120 -30.721854 0.111111
39966 -11.907709 -0.799439 -29.960268 0.333333
39967 -13.372313 -0.741232 -30.251570 0.111111
39969 -15.355401 -1.566136 -29.880822 0.111111
39970 -16.028055 -2.485627 -29.305524 0.111111
39971 -16.755769 -3.192298 -28.733878 0.111111
39972 -7.791033 -4.507415 -27.807008 0.777778
39973 -9.825511 -4.462850 -28.039867 0.666667
39974 -11.823283 -4.384635 -28.304687 0.444444
39975 -11.747116 -6.375501 -27.270976 0.333333
39976 -12.626246 -5.436911 -27.763176 0.222222
39977 -13.399843 -4.184548 -28.526588 0.111111
39978 -14.902072 -3.975366 -28.573159 0.111111
40907 -6.409020 -9.277672 -20.377439 0.111111
40908 -5.253671 -9.213099 -20.566465 0.111111
40920 -4.781988 -16.804583 -17.147548 0.111111
40921 -6.264945 -17.249322 -17.895436 0.111111
40922 -5.049030 -16.436241 -17.731979 0.111111
40923 -4.186419 -15.397607 -17.337488 0.111111
40924 -4.295621 -14.132511 -17.064450 0.111111
40930 -4.713162 -12.781924 -19.447829 0.333333
40931 -4.643419 -11.674169 -19.327290 0.222222
40932 -5.108679 -10.882916 -19.246931 0.222222
40933 -4.964604 -10.446362 -19.823143 0.222222
40934 -4.665443 -9.974339 -20.638606 0.444444
40935 -4.350682 -9.503225 -21.195641 0.555556
40936 -4.459885 -9.965244 -22.024801 0.555556
40937 -5.350944 -10.462733 -22.730683 0.666667
40938 -6.563188 -10.794696 -23.320593 0.444444
40939 -7.565286 -12.605483 -22.564486 0.444444
40940 -7.740561 -11.849700 -23.216491 0.444444
40941 -7.972732 -11.032981 -23.808227 0.444444
40942 -9.219848 -11.450436 -24.084918 0.444444
40943 -11.052439 -11.809683 -24.275771 0.111111
40944 -12.427111 -12.251693 -24.399049 0.111111
41665 -4.983875 -8.221758 -21.202033 0.111111
41666 -4.519533 -7.999844 -21.505206 0.111111
41667 -4.234137 -8.261776 -21.429413 0.333333
41668 -4.017567 -8.437307 -21.798335 0.666667
41669 -4.260750 -8.566454 -21.264129 0.555556
42288 -9.697955 9.962516 -34.867656 0.111111
42289 -10.027399 10.072563 -35.215574 0.111111
42290 -9.942056 9.499587 -34.842087 0.111111
42291 -10.186156 9.054848 -34.802820 0.111111
42292 -9.731909 8.952986 -34.578180 0.111111
43870 -2.245543 3.526989 -25.405365 0.444444
43871 -2.035396 4.099056 -25.892999 0.333333
43872 -1.932617 3.697063 -26.082026 0.444444
43873 -2.019796 3.809839 -26.493866 0.555556
43874 -1.844520 3.423307 -26.102115 0.444444
43878 -4.598453 -3.177746 -26.649106 1.000000
43879 -3.963424 -2.821227 -26.542264 1.000000
43880 -4.714997 -2.782119 -26.958671 1.000000
43881 -4.935239 -2.301001 -27.335811 0.888889
43882 -5.450970 -2.856697 -27.356814 1.000000
43883 -6.452150 -2.951284 -27.867277 0.888889
43884 -6.028186 -3.369648 -27.532143 1.000000
43885 -12.081149 -10.679191 -25.148764 0.111111
43886 -12.298637 -10.356323 -25.587086 0.111111
43887 -12.661117 -10.778325 -25.190769 0.111111
44151 -9.035396 -16.977385 -19.481617 0.111111
44153 -8.669245 -16.086088 -20.109879 0.111111
44688 -9.002360 13.003839 -33.586475 0.111111
44690 -8.928946 12.634587 -33.858600 0.111111
44691 -8.905087 12.332638 -34.149902 0.111111
44692 -8.910593 12.100718 -33.550861 0.111111
46278 -3.637651 -6.396419 -23.815532 1.000000
46279 -3.318301 -5.940766 -23.663945 0.888889
46280 -3.531201 -5.978055 -24.162537 1.000000
46281 -3.615627 -5.644273 -24.544243 1.000000
46282 -3.998296 -6.010797 -24.667522 1.000000
46283 -4.476403 -6.080827 -25.055620 1.000000
46284 -4.409413 -6.463721 -24.749707 1.000000
46285 -6.195202 -9.424100 -23.872149 0.666667
46286 -6.320005 -9.094865 -24.406354 0.888889
46287 -6.935763 -9.625096 -24.293121 0.555556
46288 -7.729549 -9.826093 -24.613645 0.555556
46289 -7.498296 -10.143503 -24.130576 0.444444
48153 -11.921474 7.251336 -33.784633 0.111111
48154 -12.379392 7.277711 -33.811115 0.111111
48155 -12.209623 7.017598 -33.524379 0.111111
48156 -12.472994 6.691092 -33.193811 0.111111
48157 -11.939827 6.551941 -33.242209 0.222222
52882 -8.337966 10.598247 -27.733954 0.111111
52883 -8.483875 10.820161 -28.453534 0.111111
52884 -8.059911 10.550953 -27.932113 0.111111
52885 -5.673047 9.522324 -28.482755 0.111111
52886 -6.226403 9.742420 -29.137500 0.111111
52887 -5.945595 9.500496 -29.279955 0.111111
52888 -6.419114 9.435013 -30.186735 0.222222
52889 -5.668458 9.265849 -29.447978 0.222222
52893 -3.502753 6.463721 -28.911946 0.555556
52894 -3.500918 6.899365 -28.647126 0.444444
52895 -4.177242 6.906641 -29.503682 0.444444
52896 -4.942580 7.116732 -30.193127 0.444444
52897 -5.125197 6.692911 -30.304534 0.444444
52898 -5.988726 6.633795 -30.942841 0.444444
52899 -5.207787 6.290009 -30.369369 0.444444
52900 -5.555585 3.324173 -29.969400 0.666667
52901 -6.390666 3.587924 -30.669803 0.666667
52902 -6.642108 3.236863 -30.628710 0.666667
52903 -7.909413 3.175927 -31.046943 0.666667
52904 -6.938516 2.876706 -30.579399 0.666667
52913 -4.007473 -3.321445 -23.787224 0.111111
52915 -3.409151 -2.965836 -23.860277 0.222222
52916 -2.229025 -0.434735 -25.919481 0.888889
52917 -2.114316 -0.568429 -25.444631 0.666667
52918 -2.051914 -0.000909 -25.601697 0.777778
52919 -1.945464 0.421092 -25.460155 0.777778
52920 -2.159282 0.468386 -26.044585 0.777778
52921 -2.249213 0.969513 -26.454600 0.777778
52922 -2.649318 0.503856 -26.612579 0.777778
52923 -7.824069 0.024556 -29.862559 0.777778
52924 -7.330362 0.387441 -29.868951 0.777778
52925 -8.506817 0.295583 -30.399504 0.555556
52926 -9.197824 0.612994 -30.651539 0.555556
52927 -9.547457 0.270118 -30.497213 0.555556
52928 -10.660593 0.311044 -30.453381 0.555556
52929 -9.991610 -0.150975 -30.346540 0.555556
52930 -11.878343 -2.807585 -29.263518 0.333333
52931 -12.286707 -2.377398 -29.447978 0.333333
52932 -12.818957 -2.719365 -29.397754 0.222222
52933 -13.546670 -2.627507 -29.190464 0.111111
52934 -13.318170 -3.152280 -29.162156 0.111111
52935 -8.512323 -6.837520 -26.949539 0.666667
52936 -8.983089 -6.420065 -27.272802 0.555556
52937 -9.730074 -6.869352 -27.085602 0.555556
53720 -3.841374 -15.897825 -16.278208 0.111111
53721 -3.696382 -15.387603 -15.856323 0.111111
53722 -3.754195 -15.155684 -16.064526 0.111111
53723 -4.134111 -14.732772 -16.083703 0.111111
53724 -3.908364 -15.060188 -16.522025 0.111111
53728 -5.436287 -14.940135 -18.975719 0.333333
53729 -5.256424 -15.254818 -18.730076 0.333333
53730 -4.871002 -14.537233 -18.748339 0.333333
53731 -4.654431 -14.133421 -18.421424 0.333333
53732 -4.675538 -13.922420 -18.630540 0.333333
53733 -4.570923 -13.394918 -18.661588 0.333333
53734 -4.767305 -13.775993 -18.980285 0.333333
53735 -5.918983 -12.872873 -21.195641 0.333333
53736 -5.475747 -12.593660 -20.981045 0.333333
53737 -5.574856 -12.333547 -21.276000 0.444444
53738 -5.115102 -11.782398 -21.180117 0.444444
53739 -5.586786 -12.081619 -21.512512 0.444444
53740 -5.543655 -11.728738 -21.680535 0.444444
53741 -6.041033 -12.345370 -21.762721 0.444444
53743 -9.903514 -13.940610 -22.601926 0.222222
53744 -10.596356 -14.112503 -22.617450 0.111111
53745 -10.607368 -13.736885 -22.971761 0.111111
55878 -3.967095 -7.548738 -22.283229 0.333333
55879 -4.153382 -6.999408 -22.085071 0.222222
55880 -3.863398 -7.071258 -22.441208 0.555556
55881 -3.705559 -6.963029 -23.057599 0.777778
55882 -3.831280 -7.312272 -22.956237 0.888889
55883 -3.937729 -7.494169 -23.475832 1.000000
55884 -3.861563 -7.709717 -22.937974 1.000000
55885 -4.015732 -8.802920 -22.390983 0.666667
55886 -4.283692 -8.621023 -22.993677 0.888889
55887 -4.649843 -9.036658 -22.965369 0.777778
55888 -5.240823 -9.203094 -23.369904 0.777778
55889 -5.067383 -9.592355 -23.001896 0.777778
57753 -10.699135 8.378190 -34.649408 0.111111
57754 -11.168065 8.457315 -34.832955 0.111111
57755 -10.995543 8.069874 -34.492342 0.111111
57756 -11.299292 7.755192 -34.298749 0.111111
57757 -10.792737 7.754282 -33.955397 0.111111
62488 -5.455559 9.440470 -26.831740 0.111111
62490 -3.543131 4.641110 -25.794376 0.111111
62491 -3.328395 5.164974 -25.909436 0.111111
62492 -3.016387 4.890309 -25.830903 0.111111
62493 -2.275826 4.846654 -26.694764 0.444444
62494 -2.291426 5.144965 -26.509390 0.333333
62495 -2.378605 5.247737 -27.183311 0.444444
62496 -2.594258 5.717942 -27.531230 0.444444
62497 -2.687861 5.301397 -27.750391 0.555556
62498 -3.169638 5.223181 -28.384133 0.555556
62499 -2.811746 4.948516 -27.860885 0.444444
62500 -2.645648 3.900788 -27.554059 0.666667
62501 -2.968668 4.179091 -28.040780 0.666667
62502 -3.020058 3.971728 -27.968639 0.666667
62503 -3.670687 3.858042 -28.549417 0.666667
62504 -3.169638 3.607933 -27.955855 0.666667
62513 -2.898007 -3.325992 -24.919557 0.666667
62514 -2.599764 -3.011310 -24.692177 0.666667
62515 -2.764027 -3.029500 -25.192596 0.777778
62516 -3.288018 -2.022698 -26.314884 1.000000
62517 -2.640142 -2.071810 -25.750544 0.888889
62518 -2.804405 -1.615248 -26.121292 0.888889
62519 -2.472208 -1.259639 -25.955095 0.888889
62520 -2.982433 -1.105936 -26.464645 1.000000
62521 -3.221946 -0.506584 -26.866440 1.000000
62522 -3.410986 -0.901301 -26.986979 1.000000
62523 -5.775826 -1.604334 -28.078220 0.888889
62524 -5.147221 -1.051366 -28.027082 0.888889
62525 -6.481516 -1.339674 -28.443489 0.777778
62526 -6.897221 -0.806715 -28.800539 0.777778
62527 -7.302832 -1.206889 -28.763099 0.777778
62528 -8.319612 -1.356954 -29.213293 0.777778
62529 -7.879130 -1.758947 -28.772231 0.777778
62530 -8.353566 -3.088616 -28.250810 0.777778
62531 -8.938123 -2.721184 -28.788668 0.666667
62532 -9.329969 -3.175018 -28.673608 0.666667
62533 -10.321972 -3.046780 -28.917425 0.555556
62534 -9.798899 -3.471510 -28.365869 0.666667
62535 -10.735842 -8.661040 -26.129511 0.444444
62536 -11.124017 -8.273599 -26.361456 0.444444
62537 -11.316728 -8.821110 -26.226307 0.333333
62539 -12.926324 -8.869313 -26.117639 0.111111
63326 -8.474699 -17.862316 -17.924658 0.111111
63327 -8.615102 -17.635854 -18.317322 0.111111
63328 -7.717619 -16.349840 -19.484356 0.222222
63329 -7.556109 -16.644513 -19.144656 0.222222
63330 -7.027530 -16.045162 -19.362904 0.222222
63331 -6.491610 -15.714108 -19.321811 0.333333
63332 -6.513634 -15.353042 -19.512664 0.333333
63333 -6.030021 -14.836454 -19.670643 0.333333
63334 -6.579706 -15.175692 -19.785703 0.333333
63335 -7.743314 -15.040179 -20.642259 0.333333
63336 -7.199135 -14.793708 -20.547289 0.333333
63337 -7.127557 -14.451741 -20.738142 0.333333
63338 -6.806371 -13.909687 -20.971914 0.333333
63339 -7.423964 -14.191628 -21.108890 0.333333
63340 -7.553356 -13.974261 -21.430326 0.333333
63341 -8.056240 -14.493578 -21.224862 0.333333
64953 -9.053750 11.595953 -34.678629 0.111111
64954 -9.243708 11.749657 -35.125170 0.111111
64955 -9.133587 11.249439 -34.781817 0.111111
64956 -9.284085 10.851993 -34.860350 0.111111
64957 -8.950053 10.774687 -34.378195 0.111111
69714 -4.928815 -5.867098 -22.687764 0.111111
69715 -4.293786 -5.757959 -22.637540 0.111111
69716 -3.350420 -5.114952 -23.725128 0.555556
69717 -3.613791 -5.039465 -23.242973 0.111111
69718 -3.433928 -4.689313 -23.505967 0.555556
69719 -3.547719 -4.281863 -23.589065 0.333333
69720 -3.272417 -4.277315 -23.810053 0.666667
69721 -3.254982 -3.936258 -24.207283 0.666667
69722 -3.249476 -4.443751 -24.368001 0.666667
69723 -3.830362 -4.826645 -25.495769 1.000000
69724 -3.591767 -4.454665 -25.377057 1.000000
69725 -4.026744 -4.520148 -25.808074 1.000000
69726 -4.195595 -4.036301 -26.113073 1.000000
69727 -4.620477 -4.511963 -26.231786 1.000000
69728 -5.225223 -4.520148 -26.716680 1.000000
69729 -4.748034 -4.798451 -26.118552 1.000000
69730 -5.532643 -6.120844 -25.716757 1.000000
69731 -5.707918 -5.683381 -26.187040 1.000000
69732 -6.133718 -6.277276 -26.065588 1.000000
69733 -6.979811 -6.436436 -26.665543 1.000000
69734 -6.716440 -6.733838 -26.080199 1.000000
69735 -4.727845 -7.551467 -24.181714 1.000000
69736 -4.949921 -7.209500 -24.542417 1.000000
69737 -5.231647 -7.694256 -24.511369 1.000000
69738 -7.085344 -8.582824 -25.327745 0.888889
69739 -6.679733 -8.034404 -25.395320 1.000000
69740 -7.585475 -8.280875 -25.735933 0.888889
69741 -7.726796 -7.838864 -26.020843 1.000000
69742 -8.037887 -8.340901 -25.862864 0.777778
69743 -8.867462 -8.420026 -25.930439 0.555556
69744 -8.855532 -8.857489 -25.624526 0.444444
69745 -9.314368 -10.099848 -24.746968 0.333333
69746 -9.826429 -9.795170 -25.259257 0.333333
69747 -10.105401 -10.262646 -24.894902 0.333333
69748 -10.779890 -10.434539 -25.061099 0.222222
69749 -10.536707 -10.841080 -24.851069 0.222222
75348 -12.941925 5.995335 -32.686087 0.111111
89530 -8.816073 11.320379 -30.024190 0.111111
89531 -9.191400 11.690540 -30.671629 0.111111
89532 -8.913346 11.623238 -30.980281 0.111111
89533 -9.099633 11.928825 -31.729083 0.111111
89534 -8.671080 11.476811 -31.172048 0.111111
89535 -6.988988 10.107124 -27.664553 0.111111
89536 -7.452412 10.385427 -28.291902 0.111111
89537 -7.138569 10.265375 -28.479103 0.111111
89538 -7.438647 10.299026 -30.417767 0.111111
89539 -7.599240 10.466371 -30.139250 0.111111
89540 -7.887389 10.650997 -31.006763 0.111111
89541 -8.330624 11.113016 -31.589367 0.111111
89542 -8.148925 10.883825 -31.779307 0.111111
89543 -8.425144 11.120292 -32.623078 0.111111
89544 -8.023204 10.598247 -32.053259 0.111111
89545 -7.341374 9.598721 -31.902585 0.222222
89546 -7.934190 9.990710 -32.520803 0.111111
89547 -7.988333 9.626006 -32.635863 0.111111
89548 -8.467357 9.706950 -33.318002 0.111111
89549 -8.097536 9.253116 -32.764620 0.111111
89558 -3.003540 6.304561 -25.953268 0.111111
89559 -3.376114 6.651075 -25.935005 0.111111
89560 -2.943891 6.987585 -26.218088 0.222222
89561 -3.692711 7.898891 -28.390525 0.333333
89562 -3.347667 7.909804 -27.562278 0.333333
89563 -3.902858 8.298155 -28.321124 0.333333
89564 -4.097404 8.647398 -28.208804 0.222222
89565 -4.546146 8.447311 -29.111018 0.333333
89566 -5.195857 8.669226 -29.889041 0.333333
89567 -5.029759 8.396380 -30.031495 0.333333
89568 -6.715522 7.745187 -31.648724 0.333333
89569 -6.665968 8.094430 -31.664247 0.333333
89570 -7.589145 8.139905 -32.276986 0.333333
89571 -8.333377 8.493695 -32.887898 0.222222
89572 -8.486628 8.109891 -32.806626 0.222222
89573 -9.167541 8.163551 -33.302478 0.111111
89574 -8.672916 7.724269 -32.670563 0.222222
89575 -8.188385 6.524656 -31.971986 0.444444
89576 -9.091374 7.034878 -32.451402 0.333333
89577 -9.331804 6.703825 -32.389306 0.222222
89578 -10.142108 6.841158 -32.803886 0.111111
89579 -9.544704 6.350945 -32.364651 0.222222
89580 -4.707656 4.887581 -30.005927 0.555556
89581 -5.420687 5.351419 -30.485342 0.555556
89582 -5.737284 4.851201 -30.583965 0.555556
89583 -8.152596 4.665666 -31.437781 0.444444
89584 -7.925013 5.046741 -31.449652 0.555556
89585 -9.086786 5.164065 -31.782960 0.333333
89586 -9.953986 5.676106 -32.246851 0.222222
89587 -10.171474 5.343233 -32.123573 0.222222
89588 -11.119429 5.622446 -32.547285 0.222222
89589 -10.458705 5.085849 -32.028603 0.111111
89590 -10.247640 3.731623 -31.581149 0.222222
89591 -10.977190 4.370083 -31.716298 0.111111
89592 -11.249738 4.018112 -31.539143 0.111111
89593 -12.018747 4.274587 -31.578409 0.111111
89594 -11.472732 3.666140 -31.424996 0.111111
89617 -2.898007 1.874452 -24.525067 0.111111
89626 -2.565810 -2.192772 -24.437402 0.555556
89627 -2.954903 -2.148207 -24.053870 0.444444
89628 -2.541951 -1.895370 -24.444708 0.444444
89629 -2.533692 -0.496580 -24.372567 0.444444
89630 -2.905349 -0.910396 -24.249289 0.333333
89631 -3.031987 -0.498399 -24.277597 0.222222
89632 -3.624803 -0.620270 -24.339693 0.222222
89633 -3.119166 -0.177350 -24.187193 0.333333
89634 -3.288018 0.173712 -24.195412 0.222222
89635 -2.743839 0.192811 -24.229199 0.222222
89636 -1.762847 1.337855 -25.098539 0.555556
89637 -1.839014 1.154138 -24.431923 0.444444
89638 -1.772024 1.765313 -25.116802 0.555556
89639 -1.847273 2.174582 -25.157895 0.444444
89640 -1.701363 2.256436 -25.688448 0.444444
89641 -1.839014 2.608407 -26.240004 0.555556
89642 -1.939040 2.254617 -26.299361 0.666667
89643 -2.811746 1.860809 -27.165961 0.777778
89644 -2.643812 2.270078 -27.178745 0.777778
89645 -3.104484 2.301001 -27.628026 0.666667
89646 -3.635815 2.662067 -28.130271 0.666667
89647 -3.947824 2.216419 -28.135750 0.666667
89648 -4.008390 0.127328 -27.650855 0.888889
89649 -3.628474 0.595714 -27.492877 0.888889
89650 -4.522286 0.570248 -28.020690 0.888889
89651 -6.769665 1.085017 -29.922828 0.555556
89652 -5.654693 1.185061 -28.947560 0.666667
89653 -6.257604 1.584326 -29.763936 0.666667
89654 -5.773073 1.994504 -29.524685 0.666667
89655 -6.975223 1.877180 -30.155687 0.555556
89656 -7.683666 2.178220 -30.526435 0.555556
89657 -8.051652 1.842620 -30.604968 0.555556
89658 -10.601862 1.542489 -30.775731 0.222222
89659 -10.366938 1.878090 -30.870701 0.333333
89660 -11.369953 2.141841 -30.874353 0.222222
89661 -12.067384 2.719365 -31.021374 0.111111
89662 -12.305061 2.345566 -30.878006 0.111111
89663 -12.998820 2.481079 -30.787602 0.111111
89664 -12.556503 1.881728 -30.700851 0.111111
89665 -12.603304 0.417454 -30.490821 0.111111
89666 -13.022680 0.957689 -30.499953 0.111111
89667 -13.221815 0.525683 -30.434204 0.111111
89669 -13.437467 0.051841 -30.368456 0.111111
89670 -10.154038 -1.167781 -29.859819 0.555556
89671 -10.780808 -0.802167 -30.012319 0.555556
89672 -11.291033 -1.207798 -29.869864 0.555556
89673 -13.346618 -1.526118 -29.669879 0.111111
89674 -13.159413 -1.124125 -29.870777 0.111111
89675 -13.703592 -1.222350 -30.119160 0.111111
89676 -14.039460 -0.820357 -30.189474 0.111111
89677 -14.322103 -1.161414 -30.036975 0.111111
89679 -14.586393 -1.468821 -29.857080 0.111111
89680 -14.906660 -2.710270 -29.069925 0.111111
89681 -15.192056 -2.340109 -29.369446 0.111111
89682 -15.600420 -2.743921 -28.971303 0.111111
89683 -16.361170 -2.877615 -28.993219 0.111111
89684 -16.022549 -3.175018 -28.686393 0.111111
89685 -6.550341 -4.699317 -27.371425 1.000000
89686 -6.895386 -4.227293 -27.521185 1.000000
89687 -7.631358 -4.968525 -27.577802 0.888889
89688 -9.885160 -5.516945 -27.609763 0.555556
89689 -9.206083 -5.044922 -27.898325 0.666667
89690 -10.201757 -4.958521 -27.883714 0.444444
89691 -10.833115 -4.506506 -28.215196 0.555556
89692 -11.269009 -5.091306 -28.044433 0.444444
89693 -11.320399 -7.269526 -26.901141 0.333333
89694 -11.336917 -6.848434 -27.039030 0.444444
89695 -12.017829 -6.825696 -27.006156 0.111111
89701 -14.209229 -4.175453 -28.469058 0.111111
92024 -5.932748 -9.511410 -20.222199 0.111111
92025 -5.929995 -9.218556 -20.421271 0.111111
92026 -5.365627 -9.420462 -20.277903 0.111111
92058 -7.057813 -17.424853 -18.147472 0.111111
92059 -6.827478 -17.552181 -17.868954 0.111111
92060 -6.423702 -17.030135 -18.182172 0.222222
92061 -4.830624 -15.545853 -18.113685 0.333333
92062 -5.224305 -16.211598 -18.072592 0.333333
92063 -4.733351 -15.735936 -17.931050 0.333333
92064 -4.580100 -15.898734 -17.593176 0.222222
92065 -4.389224 -15.277555 -17.635182 0.111111
92066 -4.123099 -14.695484 -17.000528 0.111111
92067 -4.334164 -14.618177 -17.510991 0.222222
92068 -4.570005 -13.288508 -17.518296 0.222222
92069 -4.751704 -13.500418 -17.114674 0.111111
92070 -5.122444 -13.187555 -17.069929 0.111111
92075 -4.852648 -12.215314 -18.223265 0.222222
92076 -5.227976 -12.136188 -17.938355 0.111111
92077 -5.220635 -11.896084 -18.306364 0.111111
92078 -5.561091 -11.621419 -18.384897 0.111111
92079 -4.946251 -11.665074 -18.696288 0.222222
92080 -5.340850 -13.749618 -19.871541 0.333333
92081 -4.923309 -13.374909 -19.574760 0.333333
92082 -5.025171 -13.169365 -19.988427 0.333333
92083 -4.563582 -11.816049 -20.076092 0.333333
92084 -4.572758 -12.011589 -19.751916 0.333333
92085 -4.471814 -11.535927 -19.663338 0.222222
92086 -4.784741 -11.235797 -19.230494 0.222222
92087 -4.724174 -11.002968 -19.545539 0.222222
92088 -5.114185 -10.660092 -19.573847 0.333333
92089 -4.792082 -10.851993 -19.961032 0.333333
92090 -4.702150 -10.704657 -20.876944 0.555556
92091 -4.646172 -10.341771 -20.494325 0.444444
92092 -4.485580 -10.223538 -21.064144 0.444444
92093 -4.589276 -9.696946 -20.871465 0.444444
92094 -4.503015 -9.978886 -21.220297 0.555556
92095 -4.209360 -9.738782 -21.659532 0.555556
92096 -4.569088 -10.094391 -21.602003 0.555556
92097 -5.774908 -11.233068 -22.382765 0.444444
92098 -5.385816 -10.782872 -22.548962 0.444444
92099 -5.985973 -11.039348 -22.824740 0.444444
92100 -5.920818 -10.681919 -23.036596 0.444444
92101 -6.564106 -11.213969 -23.045728 0.444444
92102 -7.773597 -13.424931 -21.980056 0.444444
92103 -7.156922 -12.822851 -22.115205 0.444444
92104 -7.868118 -13.170275 -22.270445 0.444444
92105 -9.082197 -12.734631 -23.210099 0.444444
92106 -8.397614 -12.484522 -23.096865 0.444444
92107 -8.499476 -12.057063 -23.432000 0.444444
92108 -7.857106 -11.446798 -23.521491 0.444444
92109 -8.618773 -11.678717 -23.703212 0.444444
92110 -8.560960 -11.264900 -23.945202 0.444444
92111 -9.412559 -11.929735 -23.841101 0.444444
92112 -11.220373 -12.957455 -23.633811 0.111111
92113 -10.662428 -12.344461 -24.030128 0.111111
92114 -11.344258 -12.591841 -24.056610 0.111111
92115 -11.697562 -12.025231 -24.304992 0.111111
92116 -11.870084 -12.748273 -24.003646 0.111111
93432 -4.225878 -7.595122 -21.633964 0.222222
93433 -4.011143 -7.821584 -22.149906 0.666667
93434 -3.968013 -8.054413 -22.695070 0.888889
93435 -3.923047 -8.134448 -22.091463 0.777778
93436 -3.959754 -8.648308 -22.164517 0.555556
93437 -4.358023 -9.103960 -22.153559 0.666667
94550 -9.898925 10.937485 -35.621936 0.111111
94551 -10.203592 11.004787 -35.941546 0.111111
94552 -10.115496 10.446362 -35.620110 0.111111
94553 -10.378868 10.030727 -35.582670 0.111111
94554 -10.689041 9.629643 -35.461218 0.111111
94555 -11.008390 9.264030 -35.295933 0.111111
94556 -10.598191 9.169443 -35.102341 0.111111
94557 -10.407315 8.667407 -34.758988 0.111111
94558 -10.226534 8.292698 -34.337103 0.111111
97398 -2.815417 4.167267 -25.541428 0.111111
97399 -2.666754 4.667485 -25.798942 0.111111
97400 -2.292344 4.401915 -25.840948 0.333333
97401 -2.106057 4.446480 -26.224480 0.444444
97402 -2.217095 4.525605 -26.825348 0.666667
97403 -2.536445 4.539247 -27.469134 0.666667
97404 -2.218930 4.244574 -26.924884 0.666667
97405 -2.215260 3.862589 -26.971455 0.666667
97406 -2.259308 3.497885 -27.060033 0.666667
97412 -3.291689 -3.341454 -25.846427 0.888889
97413 -2.879654 -2.967655 -25.742325 0.777778
97414 -3.421080 -2.823046 -26.105768 0.888889
97415 -3.544048 -2.436514 -26.377893 0.888889
97416 -3.678946 -1.903555 -26.677414 1.000000
97417 -4.060698 -1.494286 -27.108431 1.000000
97418 -4.475485 -1.862628 -27.243581 1.000000
97419 -5.424358 -2.030883 -27.642637 0.888889
97420 -6.391584 -2.137293 -28.028909 0.777778
97421 -7.332197 -2.202776 -28.501932 0.777778
97422 -6.935763 -2.675709 -28.195106 0.777778
97423 -7.696513 -3.204121 -28.171364 0.888889
97424 -7.867200 -3.494247 -28.097397 0.777778
97425 -11.452543 -9.708769 -25.715843 0.111111
97426 -11.877426 -9.193999 -25.878388 0.111111
97427 -12.173833 -9.760610 -25.715843 0.111111
97428 -12.685894 -9.797899 -25.725888 0.111111
97901 -8.804143 -17.372102 -18.748339 0.111111
97903 -8.437992 -16.656337 -19.540060 0.111111
97904 -7.707525 -16.071537 -19.715389 0.111111
97905 -7.319350 -15.538578 -19.857844 0.222222
97906 -7.945202 -15.838708 -20.066960 0.111111
97907 -8.226010 -15.660449 -20.337259 0.111111
97908 -8.355401 -15.403974 -20.702528 0.222222
97909 -8.437074 -15.108390 -20.973740 0.111111
97910 -9.040902 -15.710471 -20.710746 0.111111
98877 -8.950970 11.985214 -34.429333 0.111111
98878 -8.879392 11.449526 -34.075022 0.111111
101732 -3.581673 -6.123573 -22.795519 0.444444
101733 -3.669769 -5.771602 -22.828393 0.333333
101734 -3.343078 -5.893473 -23.234754 0.555556
101735 -3.247640 -5.445096 -23.656640 0.555556
101736 -3.379785 -5.258651 -24.072133 0.777778
101737 -3.232040 -4.757524 -24.368001 0.777778
101738 -3.492659 -5.134052 -24.632821 0.888889
101739 -3.854221 -5.155879 -25.016354 1.000000
101740 -4.360776 -5.276841 -25.519511 1.000000
101741 -4.654431 -5.214996 -25.837295 1.000000
101742 -4.748951 -5.696114 -25.530470 1.000000
101743 -4.942580 -6.087193 -25.461068 1.000000
101744 -5.301390 -6.555579 -25.284826 1.000000
101745 -5.600551 -8.593738 -24.133316 0.888889
101746 -5.935501 -8.273599 -24.654737 0.888889
101747 -6.300734 -8.873860 -24.465711 0.888889
101748 -6.862349 -8.941162 -24.850156 0.888889
101749 -7.637782 -9.080314 -25.147850 0.888889
101750 -8.203068 -9.143978 -25.223644 0.666667
101751 -7.952543 -9.505953 -25.002656 0.666667
101752 -8.380178 -9.932503 -24.688525 0.333333
101753 -8.772942 -10.401798 -24.487627 0.333333
105107 -12.229811 7.867968 -34.424767 0.111111
105114 -12.707918 6.349126 -32.926251 0.111111
105115 -12.353697 5.980783 -32.765533 0.111111
113622 -8.870215 11.079365 -29.024267 0.111111
113623 -8.565548 11.001149 -29.265344 0.111111
113624 -8.257210 10.946580 -29.484505 0.111111
113625 -6.321841 9.887938 -28.089178 0.111111
113626 -6.782512 10.098939 -28.653519 0.111111
113627 -6.498034 9.956149 -28.982261 0.111111
113628 -6.900892 9.991619 -29.717364 0.111111
113629 -7.237677 10.040731 -30.625971 0.111111
113630 -7.543262 10.142594 -31.566538 0.111111
113631 -7.039460 9.761519 -30.841479 0.222222
113632 -6.890797 9.515958 -31.108126 0.222222
113633 -6.813713 9.211280 -31.272497 0.333333
113639 -2.689696 6.619243 -27.134913 0.444444
113640 -2.826429 7.148564 -26.905707 0.444444
113641 -2.997116 7.103090 -27.752218 0.444444
113642 -3.567908 7.420501 -28.511064 0.333333
113643 -4.221290 7.670609 -29.226078 0.333333
113644 -4.977452 8.044408 -30.160253 0.333333
113645 -4.966440 7.591484 -30.191301 0.444444
113646 -5.818039 7.480527 -30.888964 0.444444
113647 -6.815548 7.399583 -31.627721 0.444444
113648 -7.857106 7.315910 -32.106223 0.444444
113649 -6.884373 6.949387 -31.524532 0.444444
113650 -7.076167 6.544665 -31.475221 0.444444
113651 -7.278972 6.165409 -31.452391 0.444444
113652 -5.101337 3.996284 -30.145642 0.666667
113653 -5.959360 4.375540 -30.655192 0.666667
113654 -6.203461 3.928072 -30.664324 0.666667
113655 -7.412035 3.989917 -31.076165 0.666667
113656 -8.484793 4.166358 -31.456044 0.444444
113657 -9.711720 4.501049 -31.745520 0.333333
113658 -8.850944 3.789830 -31.510835 0.555556
113659 -9.188647 3.407846 -31.548275 0.555556
113660 -9.418983 3.091345 -31.508095 0.555556
113674 -3.597273 0.773064 -24.690351 0.111111
113680 -2.192318 -1.304204 -25.096713 0.777778
113681 -2.370346 -1.375144 -24.601773 0.555556
113682 -2.227189 -0.951323 -25.032791 0.666667
113683 -2.251049 -0.525683 -24.825501 0.555556
113684 -2.237284 -0.110957 -24.606339 0.555556
113685 -2.203330 0.241014 -24.382612 0.555556
113686 -1.996854 0.351062 -24.742402 0.777778
113687 -1.844520 0.846732 -25.339617 0.666667
113688 -1.913346 1.397881 -25.817206 0.666667
113689 -2.103304 1.799874 -26.376980 0.666667
113690 -2.194153 1.319665 -26.393417 0.777778
113691 -2.517174 1.387876 -26.800692 0.777778
113692 -3.018222 1.422437 -27.205227 0.777778
113693 -5.675800 0.120052 -28.571333 0.888889
113694 -5.389486 0.521136 -28.527501 0.888889
113695 -6.462244 0.415635 -29.167635 0.888889
113696 -6.979811 0.723951 -29.784939 0.666667
113697 -7.802045 1.041362 -30.457947 0.666667
113698 -8.548112 1.427894 -30.701764 0.444444
113699 -8.947300 0.975879 -30.727333 0.444444
113700 -9.975092 1.001345 -30.728246 0.444444
113701 -10.968013 1.146863 -30.643321 0.222222
113702 -11.934321 1.306932 -30.674369 0.111111
113703 -11.383718 0.739413 -30.560222 0.222222
113704 -11.744363 0.402903 -30.462513 0.111111
113705 -12.078396 0.056388 -30.310926 0.222222
113706 -11.261668 -1.994504 -29.725583 0.444444
113707 -11.685632 -1.605244 -29.835163 0.444444
113708 -12.092161 -1.903555 -29.668966 0.333333
113709 -12.806109 -1.920836 -29.442499 0.222222
113710 -13.386078 -2.075448 -29.784939 0.111111
113711 -14.193629 -2.062715 -29.628787 0.111111
113712 -13.713687 -2.313734 -29.458936 0.111111
113713 -14.244101 -2.682985 -29.117410 0.111111
113714 -14.705690 -3.026771 -28.844372 0.111111
113715 -7.501967 -5.712485 -27.193356 0.888889
113716 -7.702019 -5.302307 -27.481005 0.777778
113717 -8.437074 -5.908934 -27.464568 0.666667
113718 -9.348322 -5.958046 -27.451784 0.555556
113719 -10.352255 -6.003521 -27.575975 0.555556
115134 -4.659019 -14.107955 -16.226158 0.111111
115140 -6.169507 -16.078813 -18.733729 0.333333
115141 -5.957525 -16.431693 -18.397681 0.333333
115142 -5.560173 -15.685005 -18.583968 0.333333
115143 -5.028841 -15.345766 -18.380331 0.333333
115144 -4.670949 -14.938316 -18.160256 0.333333
115145 -4.548899 -14.445375 -17.743850 0.333333
115146 -4.592947 -14.257111 -18.109119 0.333333
115147 -4.542475 -13.577725 -17.892697 0.222222
115148 -4.659937 -13.128438 -17.836993 0.222222
115149 -4.966440 -12.764644 -17.699104 0.111111
115150 -4.581935 -12.995653 -18.109119 0.222222
115151 -4.584688 -12.771919 -18.455211 0.222222
115152 -4.603042 -12.458147 -18.590360 0.222222
115153 -5.739119 -13.382185 -20.613037 0.333333
115154 -5.061877 -12.916528 -20.171062 0.333333
115155 -5.305060 -12.857411 -20.557333 0.333333
115156 -4.943498 -12.213495 -20.536331 0.333333
115157 -4.720504 -11.680536 -20.440447 0.333333
115158 -4.727845 -11.123930 -20.322648 0.444444
115159 -4.859072 -11.494091 -20.844983 0.444444
115160 -4.963687 -11.401323 -21.193815 0.333333
115161 -4.920556 -10.999330 -21.424847 0.555556
115162 -4.859990 -10.781963 -21.775505 0.555556
115163 -5.269271 -11.254896 -21.843080 0.444444
115164 -5.782250 -11.553208 -22.205609 0.444444
115165 -6.232827 -11.773303 -22.378199 0.444444
115166 -9.237284 -13.991541 -22.238484 0.222222
115167 -8.626114 -13.398556 -22.411986 0.444444
115168 -9.184977 -13.621380 -22.515175 0.222222
115169 -9.564893 -13.311245 -22.869486 0.333333
115170 -9.698873 -12.989287 -23.241147 0.222222
115171 -9.976010 -12.507259 -23.637463 0.222222
115172 -10.329313 -13.139352 -23.186356 0.111111
115173 -10.974437 -13.330344 -23.226536 0.111111
118165 -4.416754 -6.420065 -22.396462 0.111111
118166 -4.564499 -7.032150 -21.940789 0.111111
118167 -4.317646 -6.699278 -22.190999 0.222222
118168 -3.903776 -6.481001 -22.614711 0.111111
118169 -3.637651 -6.527385 -22.973587 0.555556
118170 -3.578920 -6.574678 -23.356206 0.888889
118171 -3.789984 -6.690183 -23.888586 1.000000
118172 -4.223125 -6.769308 -24.345172 1.000000
118173 -4.061615 -7.182215 -23.813706 1.000000
118174 -4.316728 -7.477798 -23.914155 1.000000
118175 -4.710409 -8.054413 -23.873975 1.000000
118176 -4.113005 -8.234491 -23.154395 1.000000
118177 -4.398401 -8.309069 -23.441131 0.888889
118178 -5.009570 -8.440035 -23.799095 0.888889
118179 -5.194022 -8.910240 -23.792703 0.888889
118180 -5.840063 -9.353160 -23.683122 0.777778
118181 -6.071316 -9.804265 -23.603676 0.666667
120791 -11.302963 8.876589 -35.215574 0.111111
120792 -11.581935 8.499152 -35.011024 0.111111
120793 -11.880179 8.155366 -34.751683 0.111111
120794 -11.804929 7.851597 -34.400111 0.111111
120795 -11.620477 7.465066 -34.029364 0.111111
120796 -11.365365 7.116732 -33.617523 0.111111
127412 -7.664394 10.266284 -27.302024 0.111111
127418 -6.276875 9.762429 -27.252712 0.111111
127419 -5.871264 9.673299 -27.452697 0.111111
127420 -5.470241 9.536876 -27.576889 0.111111
127421 -5.081149 9.362254 -27.721170 0.111111
127424 -3.717488 5.464195 -25.994361 0.111111
127425 -3.196251 5.698843 -25.991621 0.111111
127426 -2.647483 5.838904 -26.092070 0.333333
127427 -2.502491 5.003085 -26.106681 0.222222
127428 -2.437336 5.442367 -26.303926 0.333333
127429 -2.393288 6.054452 -26.674674 0.444444
127430 -2.628212 6.168138 -27.365946 0.444444
127431 -3.016387 6.084465 -28.208804 0.555556
127432 -3.565155 6.028986 -29.063533 0.555556
127433 -4.447955 5.921667 -29.882648 0.444444
127434 -3.634898 5.550596 -29.100060 0.555556
127435 -3.734924 5.049469 -29.152111 0.555556
127436 -3.990037 4.614735 -29.307350 0.555556
127437 -2.911772 4.564713 -27.957681 0.666667
127438 -3.353173 4.523786 -28.507411 0.555556
127439 -4.124935 4.281863 -29.288173 0.666667
127440 -4.299292 3.909883 -29.240688 0.666667
127441 -4.535134 3.598838 -29.246167 0.666667
127442 -4.784741 3.265057 -29.252560 0.666667
127454 -2.968668 -3.333268 -24.006385 0.444444
127455 -3.089801 -2.882163 -23.963466 0.444444
127456 -2.897090 -2.881253 -24.333301 0.555556
127457 -2.600682 -2.568390 -24.454753 0.666667
127458 -2.393288 -2.289178 -24.936908 0.666667
127459 -2.654824 -2.560205 -25.566083 0.777778
127460 -2.462113 -2.170035 -25.396233 0.777778
127461 -2.256555 -1.768042 -25.253778 0.777778
127462 -2.339145 -1.272372 -25.657400 0.888889
127463 -2.365758 -0.832180 -26.002580 0.888889
127464 -2.600682 -0.307406 -26.343193 1.000000
127465 -2.719979 0.122781 -26.607100 1.000000
127466 -2.975092 -0.169164 -26.760513 1.000000
127467 -3.633980 -0.216458 -27.316634 1.000000
127468 -4.362612 -0.223734 -27.791484 0.888889
127469 -4.275433 -0.953142 -27.485571 1.000000
127470 -4.750787 -0.673930 -27.965900 0.888889
127471 -5.277530 -0.316501 -28.259941 0.888889
127472 -6.284216 -0.344695 -28.747575 0.777778
127473 -7.330362 -0.385622 -29.288173 0.777778
127474 -8.362743 -0.508403 -29.745673 0.666667
127475 -9.419901 -0.510222 -30.055238 0.555556
127476 -8.794048 -0.900392 -29.704580 0.666667
127477 -9.241872 -1.340583 -29.728322 0.666667
127478 -9.645648 -1.652537 -29.684490 0.666667
127479 -8.470110 -2.279173 -28.794147 0.777778
127480 -9.428160 -2.174582 -28.981347 0.666667
127481 -10.023729 -2.104552 -29.493637 0.555556
127482 -10.807420 -2.543834 -29.319221 0.555556
127483 -11.300210 -3.026771 -29.176766 0.555556
127484 -11.658102 -3.402389 -28.869027 0.444444
127485 -9.392370 -7.724269 -26.618971 0.666667
127486 -10.004457 -7.354108 -26.986979 0.555556
127487 -10.254982 -7.686980 -26.594315 0.444444
127488 -11.080886 -7.816127 -26.650019 0.333333
127489 -12.136209 -7.852507 -26.594315 0.222222
127490 -12.221552 -8.824748 -26.189780 0.222222
127491 -12.662035 -8.354543 -26.526740 0.222222
128589 -4.127688 -16.466254 -16.645304 0.111111
128592 -8.157184 -18.078773 -17.559389 0.111111
128593 -7.772680 -17.664957 -18.101813 0.111111
128594 -7.248689 -17.153826 -18.460690 0.222222
128595 -8.041558 -17.164739 -18.764776 0.111111
128596 -7.441400 -16.966471 -18.807695 0.222222
128597 -6.732958 -16.543560 -18.730989 0.222222
128598 -6.321841 -15.917833 -18.966587 0.333333
128599 -5.881358 -15.292107 -19.157440 0.333333
128600 -5.472994 -14.724587 -19.279806 0.333333
128601 -5.200446 -14.235283 -19.303548 0.333333
128602 -5.665705 -14.572703 -19.576586 0.333333
128603 -5.878605 -14.429913 -19.936376 0.333333
128604 -6.010750 -14.106136 -20.216720 0.333333
128605 -6.801783 -14.922855 -20.121750 0.333333
128606 -6.559518 -14.387168 -20.406660 0.333333
128607 -6.000656 -13.884222 -20.436795 0.333333
128608 -6.134636 -13.612285 -20.710746 0.333333
128609 -6.265863 -13.392189 -21.089713 0.333333
128610 -6.510881 -13.170275 -21.357272 0.444444
128611 -6.661379 -12.876510 -21.668664 0.444444
128612 -6.962376 -13.416745 -21.529862 0.444444
128613 -7.610252 -13.719604 -21.634877 0.333333
128614 -8.216833 -13.980627 -21.747197 0.333333
128615 -8.738988 -14.854644 -21.287871 0.111111
128616 -8.973912 -14.529047 -21.656793 0.111111
128617 -8.945464 -14.296219 -21.899697 0.111111
130661 -9.656660 10.838351 -35.266712 0.111111
130662 -9.477714 10.422716 -34.903269 0.111111
130663 -9.273991 9.914313 -34.517911 0.111111
136673 -3.592685 3.818934 -25.475679 0.111111
136674 -3.199004 3.567006 -25.303090 0.111111
136675 -2.788804 3.358734 -25.240994 0.111111
136676 -2.507079 3.108625 -25.220904 0.111111
136687 -3.974436 -3.623394 -23.769873 0.111111
136691 -3.785396 -5.390527 -22.940713 0.222222
136692 -4.037756 -5.038555 -22.999156 0.111111
136694 -4.025826 -4.378268 -23.510533 0.111111
136695 -3.633980 -3.975366 -23.627419 0.222222
136696 -3.391715 -3.586105 -23.798182 0.333333
136697 -3.132014 -3.647041 -24.250202 0.444444
136698 -2.997116 -3.695244 -24.495845 0.777778
136699 -3.288936 -3.793468 -25.273868 0.777778
136700 -3.364185 -4.480131 -24.978000 0.888889
136701 -3.299030 -4.059948 -25.065665 0.888889
136702 -3.489906 -3.740718 -25.614481 0.888889
136703 -3.829444 -3.705248 -25.985229 0.888889
136704 -4.101075 -3.616118 -26.318537 1.000000
136705 -5.065548 -3.693425 -26.895662 1.000000
136706 -5.742790 -3.702520 -27.231709 1.000000
136707 -5.565679 -4.134526 -27.033551 1.000000
136708 -5.880441 -4.545614 -27.080123 1.000000
136709 -6.339276 -5.096763 -27.036291 1.000000
136710 -5.286707 -5.294121 -26.161472 1.000000
136711 -6.147483 -5.548777 -26.705722 1.000000
136712 -6.803618 -5.582428 -26.987892 1.000000
136713 -7.123886 -6.008978 -26.871006 1.000000
136714 -7.884636 -6.676541 -26.850917 0.888889
136715 -8.327871 -7.080353 -26.705722 0.777778
136716 -4.695726 -6.812054 -24.729617 1.000000
136717 -5.170163 -6.847524 -25.051967 1.000000
136718 -5.925407 -7.006684 -25.457416 1.000000
136719 -5.928160 -7.890705 -24.942387 1.000000
136720 -6.129130 -7.516906 -25.378883 1.000000
136721 -6.555847 -7.114004 -25.661966 1.000000
136722 -7.088097 -7.366841 -26.148687 1.000000
136723 -7.845176 -7.533277 -26.374241 0.888889
136724 -8.645386 -7.639687 -26.458253 0.666667
136725 -9.446513 -8.145361 -26.217175 0.666667
136726 -9.915443 -8.601014 -26.038193 0.444444
136727 -10.332984 -9.056667 -25.662879 0.444444
136728 -8.912428 -9.254026 -25.195335 0.333333
136729 -9.640142 -9.394086 -25.350575 0.333333
136730 -10.435763 -9.518686 -25.547820 0.222222
136731 -10.928553 -10.040731 -25.421802 0.111111
136732 -11.584688 -10.598247 -25.104931 0.111111
136733 -11.967357 -11.228521 -24.904033 0.111111
143368 -5.487677 -8.251771 -21.107976 0.111111
143369 -5.192187 -8.591010 -20.901599 0.111111
160689 -9.302439 12.378112 -32.146402 0.111111
160691 -8.950970 11.937920 -32.633123 0.111111
160692 -7.735973 10.470009 -28.098310 0.111111
160693 -7.840587 10.612798 -28.894596 0.111111
160694 -8.032381 10.785601 -29.713712 0.111111
160695 -7.385422 10.362690 -29.265344 0.111111
160696 -7.819481 10.626441 -29.927394 0.111111
160697 -8.271893 11.011154 -30.566614 0.111111
160698 -8.477452 11.304008 -31.367466 0.111111
160699 -8.640797 11.542294 -32.130878 0.111111
160700 -8.855532 11.695087 -32.911641 0.111111
160701 -8.750918 11.490453 -33.183766 0.111111
160702 -8.659151 11.232159 -33.460457 0.111111
160703 -8.587572 10.916567 -33.738975 0.111111
160704 -7.952543 10.297207 -32.340908 0.111111
160705 -8.342554 10.429992 -33.032179 0.111111
160706 -8.611432 10.588242 -33.842163 0.111111
160707 -8.696775 10.182611 -33.933480 0.111111
160708 -8.839014 9.767885 -34.013840 0.111111
160709 -9.047326 9.402272 -34.075022 0.111111
160716 -4.858154 8.902964 -26.442729 0.111111
160717 -4.717750 9.176719 -27.118476 0.111111
160718 -4.665443 9.168534 -27.891020 0.111111
160719 -3.947824 6.370953 -25.989795 0.111111
160720 -3.700970 6.964848 -25.911262 0.111111
160721 -3.620215 7.692437 -26.062849 0.111111
160722 -3.044835 7.553286 -26.725812 0.222222
160723 -3.332066 7.892524 -26.583357 0.222222
160726 -4.335081 8.927520 -28.064522 0.111111
160727 -4.957263 9.033020 -28.767665 0.222222
160728 -5.421605 8.968447 -29.676271 0.333333
160729 -6.011668 8.876589 -30.589444 0.333333
160730 -6.724699 8.871132 -31.436868 0.333333
160731 -5.786838 8.272690 -30.830521 0.333333
160732 -6.699921 8.516432 -31.660595 0.333333
160733 -7.535003 8.877498 -32.217630 0.222222
160734 -8.220504 8.862946 -32.886072 0.111111
160735 -8.782119 8.911149 -33.412972 0.111111
160736 -9.307027 8.984818 -34.070456 0.111111
160737 -9.552963 8.562816 -33.982792 0.111111
160738 -9.742003 8.175375 -33.804723 0.111111
160739 -10.040247 7.896162 -33.680532 0.111111
160740 -8.851862 7.356837 -32.543632 0.222222
160741 -9.671343 7.397764 -33.003871 0.222222
160742 -10.316466 7.596941 -33.550861 0.111111
160743 -10.569743 7.288625 -33.427583 0.111111
160744 -10.827609 6.943930 -33.344484 0.111111
160745 -11.068039 6.644709 -33.326221 0.111111
160746 -5.318825 5.870736 -30.437857 0.555556
160747 -6.398007 5.690657 -31.023201 0.555556
160748 -7.418458 5.790701 -31.460610 0.444444
160749 -6.970635 4.805727 -31.061554 0.555556
160750 -7.668065 5.421449 -31.459697 0.444444
160751 -8.651809 5.833447 -31.922675 0.222222
160752 -9.754851 6.011706 -32.327210 0.222222
160753 -10.631227 6.266362 -32.781057 0.222222
160754 -11.307551 6.379139 -33.254993 0.222222
160755 -11.557158 6.135396 -33.044051 0.222222
160756 -11.855401 5.832537 -32.763707 0.111111
160757 -12.095831 5.505122 -32.461447 0.111111
160758 -10.711065 4.754796 -31.886148 0.111111
160759 -11.641584 5.018547 -32.083394 0.111111
160760 -12.289460 5.174069 -32.136358 0.111111
160761 -12.566597 4.869391 -31.863319 0.111111
160762 -12.817121 4.497411 -31.635939 0.111111
160789 -2.909937 2.694809 -24.980740 0.111111
160790 -2.262061 2.862154 -25.148764 0.333333
160800 -3.344914 -2.512911 -23.901370 0.444444
160801 -3.371526 -2.262803 -23.963466 0.444444
160802 -3.650498 -1.838072 -24.012777 0.333333
160803 -2.696120 -1.361501 -24.347911 0.444444
160804 -3.297195 -1.560679 -24.193585 0.333333
160805 -3.956083 -1.562498 -24.182627 0.222222
160806 -4.180913 -1.246906 -24.417313 0.222222
160807 -4.130441 -0.779430 -24.570725 0.111111
160809 -3.912952 0.042746 -24.548809 0.222222
160810 -3.455952 0.508403 -24.495845 0.111111
160812 -2.297850 0.646645 -24.213675 0.333333
160813 -2.425406 1.081379 -24.165277 0.111111
160814 -2.619035 1.543399 -24.336953 0.111111
160815 -2.205165 2.056349 -24.659303 0.222222
160816 -1.972077 2.580213 -25.182551 0.333333
160817 -1.863791 3.023133 -25.512206 0.333333
160818 -1.840850 3.048599 -26.114900 0.555556
160819 -1.953723 3.075883 -26.615318 0.555556
160820 -2.319874 3.114082 -27.119389 0.666667
160821 -2.229025 2.184587 -26.762339 0.777778
160822 -2.481384 2.723912 -27.245407 0.777778
160823 -2.783298 3.110444 -27.587847 0.666667
160824 -3.420163 3.088616 -28.084612 0.666667
160825 -4.041426 3.111353 -28.597815 0.666667
160826 -5.088490 2.847602 -29.283607 0.666667
160827 -2.867724 0.654830 -26.944973 0.888889
160828 -3.338490 1.002254 -27.363206 0.888889
160829 -3.751442 1.445174 -27.736694 0.777778
160830 -4.981122 0.960418 -28.376827 0.888889
160831 -4.534216 1.417890 -28.203325 0.777778
160832 -4.225878 1.835344 -28.197846 0.777778
160833 -4.738857 2.162759 -28.721093 0.666667
160834 -5.336261 2.471984 -29.350269 0.666667
160835 -6.112612 2.686623 -29.944744 0.666667
160836 -7.284478 2.521097 -30.514564 0.555556
160837 -8.463687 2.556567 -30.974802 0.555556
160838 -9.652989 2.742102 -31.288934 0.444444
160839 -9.251049 1.756219 -30.852437 0.444444
160840 -9.987939 2.331014 -31.088036 0.333333
160841 -10.717488 3.005853 -31.264278 0.111111
160842 -11.762717 3.231406 -31.257886 0.111111
160843 -12.611563 3.347820 -31.104473 0.111111
160848 -12.775826 1.399700 -30.566614 0.111111
160849 -13.447562 1.450631 -30.607707 0.111111
160854 -10.376115 -0.440191 -30.127379 0.555556
160855 -11.569088 -0.437463 -29.957529 0.444444
160856 -12.438123 -0.298312 -30.140163 0.222222
160857 -12.256424 -1.162324 -29.846122 0.222222
160858 -12.884111 -0.782158 -30.132858 0.222222
160859 -13.151154 -0.350152 -30.389459 0.111111
160860 -13.681568 -0.365614 -30.278965 0.111111
160866 -14.725879 -1.878090 -29.761197 0.111111
160872 -6.638437 -3.850766 -27.546754 0.888889
160873 -7.416623 -3.983551 -27.898325 0.888889
160874 -8.426062 -3.998103 -28.024343 0.777778
160875 -8.452675 -4.917594 -27.607023 0.777778
160876 -8.822496 -4.486497 -27.885541 0.777778
160877 -9.407971 -4.029935 -28.190540 0.666667
160878 -10.433928 -3.995374 -28.331169 0.555556
160879 -11.162559 -3.949900 -28.599641 0.444444
160880 -12.060960 -3.804382 -28.732051 0.444444
160881 -10.267829 -6.837520 -27.083775 0.555556
160882 -10.667934 -6.413699 -27.365946 0.555556
160883 -11.229549 -6.024439 -27.586020 0.333333
160885 -12.115102 -5.891654 -27.491963 0.222222
160886 -11.312140 -5.355966 -27.880062 0.333333
160887 -11.789329 -4.788447 -28.091004 0.333333
160888 -12.484007 -4.260035 -28.503758 0.222222
160889 -12.972208 -3.742537 -28.843458 0.222222
160890 -13.638438 -3.516984 -28.806932 0.111111
160891 -14.638700 -3.722528 -28.707396 0.111111
160892 -15.091112 -3.422398 -28.636168 0.111111
160895 -16.046408 -3.710705 -28.468145 0.111111
160896 -16.536445 -3.620666 -28.466318 0.111111
163678 -6.123624 -8.851123 -20.623995 0.111111
163679 -5.539984 -8.764722 -20.688830 0.111111
163680 -5.025171 -8.796554 -20.834938 0.111111
163716 -4.317646 -16.342564 -16.985004 0.111111
163718 -6.620084 -17.813203 -17.486335 0.111111
163720 -5.842816 -16.666341 -18.112771 0.333333
163721 -5.622575 -16.889165 -17.795901 0.111111
163722 -5.464735 -17.028317 -17.520123 0.111111
163723 -4.894861 -16.640875 -17.449808 0.111111
163724 -4.424096 -16.097002 -17.320138 0.111111
163725 -4.075380 -15.577685 -16.924734 0.111111
163726 -4.057027 -14.900118 -16.909210 0.111111
163727 -4.269009 -14.334417 -16.681830 0.111111
163728 -4.690220 -13.919692 -16.531157 0.111111
163729 -4.510357 -13.994269 -17.246171 0.111111
163730 -4.750787 -13.668673 -16.772235 0.111111
163731 -5.269271 -13.655031 -16.349436 0.111111
163744 -4.875590 -13.587729 -19.418608 0.333333
163745 -4.659937 -12.952907 -19.161093 0.333333
163746 -4.643419 -12.453599 -19.112695 0.333333
163747 -4.749869 -12.613669 -19.844146 0.333333
163748 -4.512192 -12.135279 -19.351946 0.333333
163749 -4.583770 -11.783308 -19.034162 0.333333
163750 -4.802176 -11.417694 -18.962022 0.222222
163751 -5.212376 -11.108469 -18.962022 0.111111
163754 -5.494101 -10.378151 -19.629550 0.111111
163756 -4.701232 -10.655544 -20.185672 0.333333
163757 -4.915050 -10.098029 -20.167409 0.333333
163759 -4.969193 -9.465936 -20.460537 0.222222
163760 -4.701232 -9.307685 -20.826719 0.333333
163761 -4.466308 -8.957533 -21.180117 0.444444
163762 -4.259832 -9.130335 -21.413889 0.555556
163763 -4.213949 -9.331332 -21.722541 0.555556
163764 -4.329575 -9.537785 -22.097855 0.666667
163765 -4.823283 -10.307211 -21.984622 0.666667
163766 -4.880178 -10.239909 -22.421118 0.666667
163767 -4.886602 -9.824274 -22.618363 0.666667
163768 -5.495018 -10.060740 -23.008288 0.555556
163769 -6.178684 -10.259008 -23.337943 0.555556
163770 -6.840325 -10.433630 -23.628332 0.444444
163771 -6.623755 -12.577289 -22.011104 0.444444
163772 -6.922916 -12.410853 -22.403768 0.444444
163773 -6.824725 -11.948834 -22.628408 0.444444
163774 -8.153514 -12.733721 -22.632974 0.444444
163775 -7.548768 -12.152559 -22.911492 0.444444
163776 -7.083508 -11.668712 -23.016506 0.444444
163777 -7.161510 -11.294913 -23.299590 0.444444
163778 -7.290902 -10.906563 -23.587239 0.444444
163779 -7.420294 -10.539130 -23.910502 0.444444
163780 -8.024122 -10.673734 -24.147927 0.444444
163781 -8.753671 -10.866545 -24.317777 0.333333
163782 -9.549292 -11.053899 -24.395396 0.333333
163783 -9.907184 -12.070705 -23.909589 0.222222
163784 -10.199922 -11.655980 -24.196325 0.222222
163785 -10.271500 -11.224883 -24.471190 0.222222
163786 -10.945071 -11.436793 -24.563420 0.222222
163787 -11.463556 -11.621419 -24.643779 0.111111
163788 -12.241741 -11.695087 -24.595381 0.111111
