#!ascii label  , from subject fsaverage vox2ras=TkReg
470
604 -19.573021 -12.767372 -27.601544 0.000000
1347 -18.781070 -16.226149 -24.038346 0.000000
1348 -22.761013 -17.028317 -27.346769 0.000000
1349 -20.699922 -20.120571 -24.126011 0.000000
2446 -23.125328 -2.905809 -31.618589 0.000000
2447 -23.896172 -6.248173 -31.288934 0.000000
2449 -18.608548 -8.926610 -27.796050 0.000000
2559 -20.120871 -23.100958 -21.399278 0.000000
3268 -19.498689 -18.113334 -24.215501 0.000000
3269 -19.395910 -19.672194 -22.368154 0.000000
5473 -23.554799 -4.530152 -31.627721 0.000000
5474 -21.127557 -6.323660 -30.264354 0.000000
5478 -17.916623 -12.330819 -25.556952 0.000000
5479 -18.081804 -10.270832 -25.676577 0.000000
5480 -18.590194 -10.606432 -27.460002 0.000000
5481 -21.050472 -9.672389 -29.913696 0.000000
5482 -21.986498 -11.593225 -29.789505 0.000000
5484 -23.151941 -13.555897 -29.382230 0.000000
7032 -18.503016 -14.439008 -24.147014 0.000000
7033 -18.624148 -14.315318 -25.772460 0.000000
7034 -21.156005 -14.910122 -27.721170 0.000000
7035 -20.036445 -16.492629 -25.987969 0.000000
7036 -21.613923 -18.615371 -25.811727 0.000000
7037 -23.157447 -20.706280 -25.087581 0.000000
9905 -19.268354 -7.635140 -28.263594 0.000000
9906 -20.761406 -7.917990 -30.015972 0.000000
9907 -24.222864 -8.018943 -30.856090 0.000000
10233 -19.394075 -21.059161 -20.935387 0.000000
10234 -20.576036 -21.745823 -22.864007 0.000000
10948 -19.306896 -18.828190 -22.379112 0.000000
10949 -19.521631 -19.591250 -21.412063 0.000000
13153 -21.279890 -5.626993 -30.300881 0.000000
13154 -20.465915 -6.383686 -29.467155 0.000000
13158 -18.393813 -12.459966 -26.434510 0.000000
13159 -18.075381 -11.332202 -26.412594 0.000000
13160 -18.949922 -11.688721 -27.502008 0.000000
13161 -20.056634 -11.146667 -28.710135 0.000000
13162 -20.600813 -12.118908 -28.736617 0.000000
13163 -22.535265 -12.551824 -29.594999 0.000000
13164 -21.350551 -13.231210 -28.694611 0.000000
15560 -18.635160 -15.312115 -24.047478 0.000000
15561 -18.219455 -14.239831 -24.842851 0.000000
15562 -18.685632 -15.259365 -24.934168 0.000000
15563 -19.217882 -15.348495 -25.852819 0.000000
15564 -19.128868 -16.263438 -25.027312 0.000000
15565 -20.056634 -19.083756 -24.140621 0.000000
15566 -20.373231 -18.335249 -25.068404 0.000000
15567 -21.174358 -19.361149 -24.999003 0.000000
15568 -22.366414 -19.656733 -25.469287 0.000000
15569 -21.826823 -20.423430 -24.703135 0.000000
22173 -22.042476 -3.176836 -30.686240 0.000000
22174 -21.978239 -2.512911 -30.243351 0.000000
22175 -22.906922 -2.188225 -31.438694 0.000000
22176 -23.842948 -1.223259 -32.248678 0.000000
22179 -24.524778 -2.573847 -32.000295 0.000000
22180 -23.771369 -5.389617 -31.481613 0.000000
22196 -18.079051 -9.455022 -26.550483 0.000000
22198 -18.448873 -8.845666 -26.855482 0.000000
22200 -18.902203 -8.190836 -28.039867 0.000000
22201 -19.587704 -7.731545 -29.089102 0.000000
22202 -19.427111 -8.440035 -28.896422 0.000000
22203 -23.125328 -9.981615 -30.562962 0.000000
22204 -22.758259 -9.042115 -30.741943 0.000000
22205 -24.552308 -8.946619 -30.584878 0.000000
22215 -21.909413 -15.946937 -27.544014 0.000000
22216 -22.867462 -15.242085 -28.350345 0.000000
23017 -19.383980 -22.632573 -20.450492 0.000000
23019 -19.555585 -21.996841 -21.212078 0.000000
23020 -19.704248 -21.389304 -21.996493 0.000000
23021 -20.383325 -22.452494 -22.139861 0.000000
24313 -18.997641 -17.217490 -23.320593 0.000000
24314 -19.091243 -17.164739 -24.093136 0.000000
24315 -19.152727 -18.036937 -23.403691 0.000000
24316 -19.434452 -18.908225 -23.330638 0.000000
24317 -19.782250 -19.872281 -23.253018 0.000000
28282 -22.163608 -3.931710 -30.986674 0.000000
28283 -23.403383 -3.679783 -31.680685 0.000000
28284 -22.237940 -4.699317 -31.089862 0.000000
28285 -22.251705 -5.517855 -31.044204 0.000000
28286 -22.289329 -6.350035 -30.972976 0.000000
28292 -18.050603 -12.404487 -24.904947 0.000000
28294 -17.881752 -11.276724 -25.616308 0.000000
28295 -17.979943 -10.302664 -26.473776 0.000000
28296 -18.425013 -9.663295 -27.532143 0.000000
28297 -19.378474 -9.264030 -28.806932 0.000000
28298 -19.490430 -10.139865 -28.693698 0.000000
28299 -21.421212 -10.631898 -29.905478 0.000000
28300 -23.493315 -10.885644 -30.347453 0.000000
28302 -23.962245 -11.783308 -30.020537 0.000000
28788 -21.072496 -24.320580 -21.413889 0.000000
28789 -21.270714 -23.579348 -22.092376 0.000000
31769 -17.987284 -13.312155 -24.816369 0.000000
31770 -18.153383 -13.329435 -25.661053 0.000000
31771 -18.936157 -13.549530 -26.586097 0.000000
31772 -20.256686 -13.800549 -27.638071 0.000000
31773 -19.625328 -14.562698 -26.724899 0.000000
31774 -20.480598 -15.654992 -26.818956 0.000000
31775 -21.295491 -16.730005 -26.772384 0.000000
31776 -19.806109 -17.286611 -25.125934 0.000000
31777 -20.738464 -17.503068 -25.960574 0.000000
31778 -22.137913 -17.815022 -26.619884 0.000000
31779 -22.970242 -18.889126 -26.241831 0.000000
31780 -23.636471 -19.870462 -25.698493 0.000000
39930 -24.778973 -3.382380 -31.808529 0.000000
39954 -20.021762 -7.043973 -29.300958 0.000000
39955 -20.916492 -7.101271 -30.155687 0.000000
39956 -22.384767 -7.242241 -30.911794 0.000000
39957 -20.830231 -8.783821 -29.976705 0.000000
39958 -22.459099 -8.124443 -30.814997 0.000000
39959 -24.003540 -7.138560 -31.095341 0.000000
39972 -22.034216 -14.194356 -28.568594 0.000000
39973 -23.876901 -14.467202 -28.946647 0.000000
40935 -19.593210 -20.243351 -20.752752 0.000000
40936 -19.376639 -20.397055 -21.659532 0.000000
40937 -19.777662 -20.635340 -22.621103 0.000000
40938 -20.672392 -20.937290 -23.464874 0.000000
40939 -21.546015 -22.864492 -22.802824 0.000000
40940 -21.719455 -22.104161 -23.464874 0.000000
40941 -21.694678 -21.267433 -24.059349 0.000000
43874 -20.325512 -6.520109 -29.013308 0.000000
43878 -18.834295 -12.538181 -26.975108 0.000000
43879 -18.616807 -12.016136 -26.923057 0.000000
43880 -19.255506 -12.269883 -27.568670 0.000000
43881 -19.733613 -11.927916 -28.100136 0.000000
43882 -20.022680 -12.478155 -28.102876 0.000000
43883 -20.918328 -12.650958 -28.712875 0.000000
43884 -20.335606 -12.941084 -28.151274 0.000000
46278 -18.791165 -16.269805 -23.592718 0.000000
46279 -18.775564 -15.902372 -23.721475 0.000000
46280 -18.647090 -15.831432 -24.079439 0.000000
46281 -18.562664 -15.248451 -24.446534 0.000000
46282 -18.724174 -15.793234 -24.507717 0.000000
46283 -18.920556 -15.779591 -24.979827 0.000000
46284 -18.876508 -16.208869 -24.508630 0.000000
46285 -20.402596 -19.617625 -24.179888 0.000000
46286 -20.565024 -19.210175 -24.575291 0.000000
46287 -20.940352 -19.774056 -24.555202 0.000000
46288 -21.507473 -19.928669 -24.895815 0.000000
46289 -21.226665 -20.271546 -24.463884 0.000000
52893 -22.565548 -3.036776 -31.244188 0.000000
52894 -22.425145 -2.681166 -31.063380 0.000000
52895 -23.006031 -2.538377 -31.534577 0.000000
52896 -23.505244 -2.046345 -31.879756 0.000000
52898 -24.345832 -2.187315 -32.088873 0.000000
52899 -23.825512 -2.757563 -31.869711 0.000000
52900 -23.851207 -5.831628 -31.368380 0.000000
52901 -24.444940 -5.246828 -31.445086 0.000000
52902 -24.504589 -5.677015 -31.337332 0.000000
52904 -24.608286 -6.102655 -31.225925 0.000000
52916 -18.286445 -9.129426 -27.127608 0.000000
52917 -18.264421 -9.112146 -26.690198 0.000000
52918 -18.454379 -8.816563 -27.271889 0.000000
52919 -18.687468 -8.527346 -27.432607 0.000000
52920 -18.724174 -8.597376 -27.915675 0.000000
52921 -19.027924 -8.293608 -28.423399 0.000000
52922 -18.964604 -8.699239 -28.348519 0.000000
52923 -24.095307 -9.966154 -30.521869 0.000000
52924 -23.923703 -9.540514 -30.615926 0.000000
52935 -22.415968 -16.487172 -27.462742 0.000000
52936 -22.704117 -16.078813 -27.839882 0.000000
52937 -23.180389 -16.668160 -27.721170 0.000000
53735 -20.091505 -23.447473 -21.163680 0.000000
53736 -19.695989 -23.162803 -20.711660 0.000000
53737 -19.710672 -22.866311 -20.919863 0.000000
53738 -19.512455 -22.337899 -20.903426 0.000000
53739 -19.748296 -22.530710 -21.278740 0.000000
53740 -19.935501 -22.228761 -21.721628 0.000000
53741 -20.236498 -22.749896 -21.729847 0.000000
55882 -19.207787 -17.669505 -22.912405 0.000000
55883 -19.108679 -17.628578 -23.329724 0.000000
55884 -19.167410 -18.036937 -22.974500 0.000000
55885 -19.279366 -19.185619 -22.260400 0.000000
55886 -19.315155 -18.854565 -22.883183 0.000000
55887 -19.421605 -19.280205 -22.804650 0.000000
55888 -19.639093 -19.366606 -23.277674 0.000000
55889 -19.506948 -19.765871 -22.848483 0.000000
62497 -21.783692 -4.434656 -30.654279 0.000000
62498 -22.207656 -4.309147 -31.056075 0.000000
62499 -21.757997 -4.795723 -30.721854 0.000000
62500 -21.200971 -5.972598 -30.277139 0.000000
62501 -21.707525 -5.558782 -30.699024 0.000000
62502 -21.680913 -5.957137 -30.668890 0.000000
62503 -22.275564 -5.939857 -31.026853 0.000000
62504 -21.648794 -6.326388 -30.617752 0.000000
62513 -17.929471 -12.331728 -25.201728 0.000000
62515 -17.920294 -11.822416 -25.590739 0.000000
62516 -18.265339 -10.925662 -26.870093 0.000000
62517 -17.997378 -10.793786 -26.463732 0.000000
62518 -18.185501 -10.411802 -26.889270 0.000000
62519 -18.195596 -10.008899 -26.966889 0.000000
62520 -18.493839 -10.108033 -27.499269 0.000000
62521 -18.913215 -9.890666 -28.081873 0.000000
62522 -18.993052 -10.326310 -28.066349 0.000000
62523 -20.950446 -11.372220 -29.314655 0.000000
62524 -20.617331 -10.852903 -29.351182 0.000000
62525 -21.757080 -11.125749 -29.854340 0.000000
62526 -22.530677 -10.844718 -30.255223 0.000000
62527 -22.851862 -11.373129 -30.183995 0.000000
62528 -23.727321 -11.329474 -30.212304 0.000000
62529 -23.000525 -11.749657 -30.063457 0.000000
62530 -22.861039 -13.046584 -29.501856 0.000000
62531 -23.374017 -12.644591 -29.794984 0.000000
62534 -24.065024 -13.554987 -29.347529 0.000000
63338 -20.969717 -24.652542 -21.108890 0.000000
63339 -21.635029 -24.926298 -21.411150 0.000000
69720 -18.487415 -14.028830 -24.167103 0.000000
69721 -18.194678 -13.438573 -24.512282 0.000000
69722 -18.202937 -13.865122 -24.471190 0.000000
69723 -18.337835 -14.238921 -25.269302 0.000000
69724 -18.118511 -13.773264 -25.242820 0.000000
69725 -18.380048 -13.860575 -25.682056 0.000000
69726 -18.453461 -13.457672 -26.074720 0.000000
69727 -18.747116 -13.886950 -26.182474 0.000000
69728 -19.076560 -13.946067 -26.547743 0.000000
69729 -19.021500 -14.439008 -26.215349 0.000000
69730 -19.590457 -15.882363 -25.898478 0.000000
69731 -19.742790 -15.471276 -26.338627 0.000000
69732 -20.228238 -16.040614 -26.389765 0.000000
69733 -20.885291 -16.214326 -26.832653 0.000000
69734 -20.596225 -16.570845 -26.419899 0.000000
69735 -19.293131 -17.624940 -24.208196 0.000000
69736 -19.325249 -17.193843 -24.553375 0.000000
69737 -19.577609 -17.662229 -24.643779 0.000000
69738 -20.932093 -18.475310 -25.473853 0.000000
69739 -20.559518 -17.944169 -25.486637 0.000000
69740 -21.190876 -18.131524 -25.892086 0.000000
69741 -21.468013 -17.650405 -26.336801 0.000000
69742 -21.870871 -18.235205 -26.281097 0.000000
69743 -22.683010 -18.392546 -26.497519 0.000000
69744 -22.364578 -18.759979 -26.082939 0.000000
69745 -22.665575 -20.179687 -25.351488 0.000000
69746 -22.999607 -19.785880 -25.634571 0.000000
69747 -23.369429 -20.321567 -25.453763 0.000000
69748 -24.130179 -20.446167 -25.502161 0.000000
89580 -23.495150 -4.106332 -31.654203 0.000000
89581 -24.080624 -3.540631 -31.810355 0.000000
89582 -24.212769 -3.985370 -31.742780 0.000000
89626 -18.140535 -10.979322 -25.352401 0.000000
89638 -19.331673 -7.700623 -27.843535 0.000000
89640 -19.486760 -7.353199 -28.324777 0.000000
89641 -19.790509 -7.004865 -28.825195 0.000000
89642 -19.555585 -7.315000 -28.738444 0.000000
89643 -20.085999 -7.826132 -29.582215 0.000000
89644 -20.200708 -7.435052 -29.649789 0.000000
89645 -20.795360 -7.526001 -30.087199 0.000000
89646 -21.537756 -7.147655 -30.538306 0.000000
89647 -21.579969 -7.606945 -30.498127 0.000000
89648 -20.083246 -9.470483 -29.356661 0.000000
89649 -20.033692 -9.029382 -29.360314 0.000000
89650 -20.899057 -9.195818 -29.935612 0.000000
89651 -23.550210 -8.577368 -30.858830 0.000000
89652 -22.627032 -8.600105 -30.783036 0.000000
89653 -23.432748 -8.141724 -30.970237 0.000000
89654 -23.287756 -7.703351 -31.057901 0.000000
89655 -24.129261 -7.613312 -30.979368 0.000000
89657 -24.915706 -7.535096 -30.738291 0.000000
89685 -20.710016 -14.373525 -27.664553 0.000000
89686 -21.119298 -14.045201 -28.202411 0.000000
89687 -21.608417 -14.586345 -28.118400 0.000000
89689 -23.334557 -14.828269 -28.685480 0.000000
92090 -19.421605 -21.343830 -20.552768 0.000000
92092 -19.533561 -20.990949 -20.528112 0.000000
92094 -19.446382 -20.636250 -20.922602 0.000000
92095 -19.347274 -20.277002 -21.111629 0.000000
92096 -19.376639 -20.714465 -21.364578 0.000000
92097 -20.067646 -21.568473 -22.462211 0.000000
92098 -19.763897 -21.000044 -22.271358 0.000000
92099 -20.169507 -21.179213 -22.762644 0.000000
92100 -20.180520 -20.782677 -23.045728 0.000000
92101 -20.649450 -21.371115 -23.214665 0.000000
92103 -21.392764 -23.205549 -22.425684 0.000000
92108 -21.698349 -21.671245 -23.842014 0.000000
93434 -19.383063 -18.426197 -22.389157 0.000000
93435 -19.463818 -18.831828 -21.908828 0.000000
93436 -19.401416 -19.176524 -21.813858 0.000000
93437 -19.394993 -19.616715 -21.892391 0.000000
97403 -21.381752 -5.270475 -30.359324 0.000000
97404 -20.955034 -5.721580 -29.909130 0.000000
97405 -20.821054 -6.042629 -29.895433 0.000000
97406 -20.692580 -6.349126 -29.855253 0.000000
97412 -18.103828 -12.393573 -25.992535 0.000000
97413 -17.957001 -11.882442 -25.992535 0.000000
97414 -18.190090 -11.882442 -26.376980 0.000000
97415 -18.402989 -11.474992 -26.891096 0.000000
97416 -18.694809 -11.085731 -27.417997 0.000000
97417 -19.137127 -10.814704 -28.078220 0.000000
97418 -19.389486 -11.343116 -28.028909 0.000000
97419 -20.206214 -11.614143 -28.695524 0.000000
97420 -21.276220 -11.888808 -29.297305 0.000000
97421 -22.236104 -12.106175 -29.756631 0.000000
97422 -21.550603 -12.405396 -29.247081 0.000000
97423 -21.925014 -12.898338 -29.179506 0.000000
97424 -22.240693 -13.382185 -29.097320 0.000000
101735 -18.789329 -15.422163 -23.704125 0.000000
101736 -18.542475 -14.884657 -24.095876 0.000000
101737 -18.312140 -14.317137 -24.458405 0.000000
101738 -18.434190 -14.791889 -24.524154 0.000000
101739 -18.444285 -14.746415 -24.938734 0.000000
101740 -18.606712 -14.777337 -25.356967 0.000000
101741 -18.987546 -14.883747 -25.819945 0.000000
101742 -18.921474 -15.318482 -25.428194 0.000000
101743 -19.177504 -15.808695 -25.465634 0.000000
101744 -19.541820 -16.382581 -25.525904 0.000000
101745 -19.751049 -18.610823 -24.212762 0.000000
101746 -19.886865 -18.231567 -24.629169 0.000000
101747 -20.188779 -18.714505 -24.630082 0.000000
101748 -20.694416 -18.845471 -25.008135 0.000000
101749 -21.348716 -19.009178 -25.368838 0.000000
101750 -21.969062 -19.128321 -25.666532 0.000000
101751 -21.761668 -19.521219 -25.250126 0.000000
101752 -22.072759 -20.059635 -25.202641 0.000000
101753 -22.491217 -20.575314 -24.908599 0.000000
113639 -21.728632 -3.369648 -30.148382 0.000000
113642 -22.341637 -2.347385 -30.860656 0.000000
113645 -23.373100 -1.727115 -31.817660 0.000000
113650 -25.088228 -1.889913 -32.184756 0.000000
113652 -23.659413 -4.940331 -31.569278 0.000000
113653 -24.326561 -4.458303 -31.657855 0.000000
113654 -24.388045 -4.880305 -31.557406 0.000000
113684 -18.552570 -8.982089 -26.462818 0.000000
113686 -18.733351 -8.585553 -27.007069 0.000000
113687 -18.887520 -8.236310 -27.622547 0.000000
113688 -19.069219 -7.908895 -28.135750 0.000000
113689 -19.349109 -7.646963 -28.638908 0.000000
113690 -19.171998 -7.933451 -28.525674 0.000000
113691 -19.495936 -8.096249 -28.981347 0.000000
113692 -19.985973 -8.198112 -29.503682 0.000000
113693 -22.076429 -9.896123 -30.363890 0.000000
113694 -21.983745 -9.453203 -30.409549 0.000000
113695 -22.917017 -9.505953 -30.654279 0.000000
113696 -23.698873 -9.055757 -30.732812 0.000000
113697 -24.335737 -8.423664 -30.732812 0.000000
113715 -21.511144 -15.433987 -27.592412 0.000000
113716 -21.917672 -15.062916 -28.101049 0.000000
113717 -22.434321 -15.603151 -28.020690 0.000000
113718 -23.144599 -15.700466 -28.269986 0.000000
115159 -19.400499 -22.147816 -20.373786 0.000000
115160 -19.348191 -21.780384 -20.684264 0.000000
115161 -19.422523 -21.495714 -21.036749 0.000000
115162 -19.464736 -21.203769 -21.432152 0.000000
115163 -19.612481 -21.689435 -21.542646 0.000000
115164 -19.969455 -21.855871 -22.051283 0.000000
115165 -20.342030 -22.062325 -22.370894 0.000000
118170 -18.993970 -16.762746 -23.322419 0.000000
118171 -18.853566 -16.694535 -23.634724 0.000000
118172 -18.926062 -16.725457 -24.065741 0.000000
118173 -18.981123 -17.186567 -23.706865 0.000000
118174 -19.088490 -17.600384 -23.768047 0.000000
118175 -19.261012 -18.074226 -23.826490 0.000000
118176 -19.238988 -18.425288 -22.842090 0.000000
118177 -19.239906 -18.459848 -23.348901 0.000000
118178 -19.435370 -18.522603 -23.780831 0.000000
118179 -19.628081 -18.976437 -23.673077 0.000000
118180 -19.975879 -19.476654 -23.762568 0.000000
118181 -20.191532 -19.995062 -23.689514 0.000000
127429 -21.537756 -3.919887 -29.891780 0.000000
127430 -21.719455 -3.697972 -30.323711 0.000000
127431 -22.108548 -3.521532 -30.873440 0.000000
127432 -22.626115 -3.400570 -31.333679 0.000000
127433 -23.273991 -3.276880 -31.674292 0.000000
127434 -22.696775 -3.792559 -31.390296 0.000000
127435 -22.803225 -4.200918 -31.443260 0.000000
127436 -22.838097 -4.614735 -31.426823 0.000000
127437 -21.735055 -5.188621 -30.731899 0.000000
127438 -22.252622 -5.114043 -31.074338 0.000000
127439 -22.895910 -5.043103 -31.413125 0.000000
127440 -22.979418 -5.446005 -31.365640 0.000000
127441 -22.993183 -5.841632 -31.293500 0.000000
127442 -23.052832 -6.279095 -31.225925 0.000000
127458 -17.957919 -10.753769 -25.624526 0.000000
127459 -17.926718 -11.264900 -25.986142 0.000000
127460 -17.887258 -10.746493 -26.052804 0.000000
127461 -17.934059 -10.216262 -26.046412 0.000000
127462 -18.000131 -9.832459 -26.488387 0.000000
127463 -18.191007 -9.519596 -27.042683 0.000000
127464 -18.501180 -9.298590 -27.620721 0.000000
127465 -18.880179 -9.132154 -28.316558 0.000000
127466 -18.862743 -9.477759 -28.185974 0.000000
127467 -19.387651 -9.642376 -28.749402 0.000000
127468 -20.247510 -9.920679 -29.344790 0.000000
127469 -19.723519 -10.592790 -28.668129 0.000000
127470 -20.463162 -10.396341 -29.337485 0.000000
127471 -21.207394 -10.118947 -29.873517 0.000000
127472 -22.334295 -10.398160 -30.342887 0.000000
127473 -23.300604 -10.455457 -30.482603 0.000000
127474 -24.243052 -10.406345 -30.338321 0.000000
127476 -24.401810 -10.829256 -30.184908 0.000000
127477 -24.513766 -11.215788 -30.016885 0.000000
127479 -23.204248 -12.184391 -29.908217 0.000000
127485 -23.248296 -17.554000 -27.166874 0.000000
128609 -20.391584 -23.995893 -21.062318 0.000000
128610 -20.665968 -23.722137 -21.507946 0.000000
128611 -20.645779 -23.351067 -21.787376 0.000000
136698 -18.042344 -12.859230 -24.856548 0.000000
136699 -17.906529 -12.821941 -25.240081 0.000000
136700 -18.077216 -13.773264 -24.819108 0.000000
136701 -18.012061 -13.269409 -25.195335 0.000000
136702 -17.987284 -12.823760 -25.556952 0.000000
136703 -18.216702 -12.888334 -25.987056 0.000000
136704 -18.623231 -13.000201 -26.486561 0.000000
136705 -19.234400 -13.162089 -27.037204 0.000000
136706 -19.827216 -13.291236 -27.588760 0.000000
136707 -19.460147 -13.618651 -27.078296 0.000000
136708 -19.821710 -14.161615 -27.135826 0.000000
136709 -20.243839 -14.670018 -27.161395 0.000000
136710 -19.392240 -14.951049 -26.241831 0.000000
136711 -19.821710 -15.001980 -26.650019 0.000000
136712 -20.753147 -15.267551 -27.232623 0.000000
136713 -21.213818 -15.808695 -27.239015 0.000000
136714 -21.582722 -16.362572 -27.143132 0.000000
136715 -21.997510 -16.863699 -27.118476 0.000000
136716 -19.171998 -16.764565 -24.587163 0.000000
136717 -19.462900 -16.789122 -25.081189 0.000000
136718 -19.829969 -16.880070 -25.523164 0.000000
136719 -19.979549 -17.750449 -25.076623 0.000000
136720 -20.231909 -17.379378 -25.576128 0.000000
136721 -20.409020 -17.002851 -25.962400 0.000000
136722 -21.046802 -17.148369 -26.359630 0.000000
136723 -21.808469 -17.337542 -26.762339 0.000000
136724 -22.541689 -17.433948 -27.006156 0.000000
136725 -22.699529 -17.918704 -26.830827 0.000000
136726 -23.352911 -18.501685 -26.590662 0.000000
136728 -22.716047 -19.272929 -25.911262 0.000000
136729 -23.407971 -19.400257 -26.040020 0.000000
160746 -23.967751 -3.138638 -31.832271 0.000000
160747 -24.665181 -2.983116 -31.901672 0.000000
160749 -24.889093 -3.802563 -31.716298 0.000000
160818 -20.059387 -6.748390 -28.917425 0.000000
160819 -20.250263 -6.735657 -29.393188 0.000000
160820 -20.536576 -6.696549 -29.799550 0.000000
160821 -19.794180 -7.385940 -29.202335 0.000000
160822 -20.342947 -7.071258 -29.713712 0.000000
160823 -21.001836 -6.715649 -30.204085 0.000000
160824 -21.608417 -6.727472 -30.574833 0.000000
160825 -22.331542 -6.789317 -30.939189 0.000000
160826 -23.081280 -6.679269 -31.176613 0.000000
160827 -19.371133 -8.822929 -28.827934 0.000000
160828 -19.977714 -8.600105 -29.407799 0.000000
160829 -20.768747 -8.348177 -30.006840 0.000000
160830 -21.798375 -8.952986 -30.423246 0.000000
160831 -21.683666 -8.464591 -30.427812 0.000000
160832 -21.614840 -8.035314 -30.468905 0.000000
160833 -22.400368 -7.682433 -30.866135 0.000000
160834 -23.185895 -7.211319 -31.121823 0.000000
160835 -23.940221 -6.712920 -31.196703 0.000000
160836 -24.714736 -6.574678 -31.112691 0.000000
160872 -20.835737 -13.540436 -28.201498 0.000000
160873 -21.591899 -13.664126 -28.628863 0.000000
160874 -22.576560 -13.891497 -29.049835 0.000000
160875 -22.405874 -14.719130 -28.543025 0.000000
160876 -22.884898 -14.353517 -28.871767 0.000000
160877 -23.491479 -13.952433 -29.127455 0.000000
163762 -19.609728 -19.919574 -21.035836 0.000000
163763 -19.434452 -19.972324 -21.494248 0.000000
163764 -19.377557 -20.028713 -21.972750 0.000000
163765 -19.471159 -20.832699 -21.791942 0.000000
163766 -19.519796 -20.509831 -22.160864 0.000000
163767 -19.524384 -20.125118 -22.433902 0.000000
163768 -19.843734 -20.264270 -22.926102 0.000000
163769 -20.307158 -20.434344 -23.463961 0.000000
163770 -20.690745 -20.580771 -23.817358 0.000000
163771 -20.847667 -23.023652 -22.139861 0.000000
163772 -20.908233 -22.644396 -22.501477 0.000000
163773 -20.897221 -22.260593 -22.759905 0.000000
163775 -21.552439 -22.467956 -23.125174 0.000000
163776 -21.140404 -21.933177 -23.191835 0.000000
163777 -21.176193 -21.530275 -23.561670 0.000000
163778 -21.156922 -21.095540 -23.800008 0.000000
163779 -21.243183 -20.742660 -24.180801 0.000000
163780 -21.817646 -20.892725 -24.458405 0.000000
