#!ascii label, from file  /biac2/kgs/3Danat/FreesurferSegmentations/fsaverage-bkup/label/CBA/cROIs/averages/label/MPM_lh.FG3.label 
1873
159 -32.425931 -36.903326 -10.232095 0.400000
352 -25.542476 -52.125402 -13.539605 0.700000
361 -26.398663 -43.606242 -4.920172 0.600000
631 -29.659151 -48.291916 -8.823070 0.800000
632 -26.879523 -38.614980 -16.503762 0.800000
633 -33.470242 -28.898935 -16.306517 0.300000
841 -22.307683 -47.663461 -4.820636 0.500000
1411 -23.257473 -55.312243 -7.702608 0.500000
1412 -26.018747 -50.460132 -6.373029 0.700000
1413 -27.888045 -53.631512 -6.858837 0.600000
1414 -27.763241 -45.553452 -15.828928 0.600000
1415 -24.247641 -44.922269 -14.614409 0.900000
1416 -26.999738 -39.395319 -18.493564 0.600000
1417 -27.959623 -34.106655 -20.661435 0.500000
1437 -28.504720 -35.109818 -10.929759 0.300000
1439 -29.278317 -31.270876 -13.932269 0.300000
1440 -29.269141 -27.223661 -16.614256 0.300000
1441 -33.481254 -33.132595 -13.645533 0.400000
1784 -28.737809 -56.422726 -8.887905 0.600000
1801 -30.242790 -40.291163 -6.861576 0.600000
2508 -34.632932 -25.642973 -22.782734 0.300000
2527 -24.731254 -49.470611 -4.827942 0.500000
2528 -29.461852 -45.862678 -6.120994 0.700000
2529 -31.773467 -42.689479 -9.475988 0.700000
2530 -27.676980 -50.244584 -11.615551 0.700000
2531 -28.526744 -43.856351 -12.599951 0.800000
2532 -32.240562 -38.663182 -13.775203 0.800000
2533 -31.890929 -34.561398 -17.564868 0.600000
2534 -31.810174 -29.601968 -20.808456 0.400000
2761 -20.113530 -49.737090 -5.415111 0.400000
3332 -25.447955 -54.482791 -6.430559 0.500000
3333 -26.853829 -56.252652 -5.724677 0.500000
3335 -27.182355 -42.493030 -16.973132 0.700000
3337 -29.451757 -37.272577 -20.113532 0.600000
3358 -28.995674 -33.236276 -12.552466 0.300000
3359 -31.440352 -33.747408 -11.727871 0.400000
3360 -31.677111 -31.928435 -13.138722 0.300000
3361 -33.096749 -35.129827 -11.991778 0.500000
3957 -24.845963 -42.175619 -5.315576 0.300000
3959 -26.867594 -40.453052 -6.058898 0.300000
3960 -28.493708 -38.962403 -7.135528 0.400000
3961 -28.518485 -41.892769 -5.759377 0.500000
5672 -22.599502 -51.886207 -4.782283 0.400000
5673 -23.418065 -52.154506 -5.562132 0.500000
5674 -28.384505 -49.666151 -7.013163 0.800000
5675 -28.038543 -48.384684 -6.071682 0.700000
5676 -29.956477 -47.119588 -7.400348 0.800000
5677 -30.981516 -44.395676 -7.584809 0.700000
5678 -30.719062 -45.409754 -9.202037 0.700000
5679 -27.478763 -54.399118 -11.516928 0.700000
5680 -28.506555 -53.483266 -10.358113 0.700000
5681 -26.386734 -51.222282 -12.488544 0.700000
5682 -25.011144 -41.237939 -15.509317 0.800000
5683 -25.873755 -44.220145 -13.672015 0.800000
5684 -27.550341 -41.459853 -14.509394 0.800000
5685 -30.360252 -41.272499 -13.318617 0.700000
5686 -29.863792 -39.051533 -15.401563 0.800000
5687 -32.087311 -36.672316 -15.745829 0.700000
5688 -29.439828 -36.765993 -17.251650 0.800000
5690 -29.908758 -31.690149 -21.099758 0.500000
5692 -32.608548 -27.169091 -22.170909 0.400000
5757 -31.656005 -27.712964 -15.750395 0.300000
5758 -29.221422 -25.280997 -18.067113 0.300000
5759 -31.471553 -25.620236 -17.085453 0.300000
5761 -33.339932 -26.683426 -17.574913 0.300000
6120 -22.945465 -44.059166 -5.055322 0.400000
6121 -24.236629 -45.595289 -4.713795 0.500000
7147 -21.990168 -53.439610 -7.729090 0.600000
7148 -23.594258 -51.792530 -6.450649 0.600000
7149 -24.287101 -52.445541 -7.154705 0.600000
7150 -26.773073 -51.923496 -6.699945 0.700000
7151 -28.584557 -51.239562 -7.982039 0.800000
7152 -25.680126 -49.146834 -15.037207 0.500000
7153 -24.482565 -48.601142 -13.985233 0.800000
7154 -25.074463 -45.582556 -15.478269 0.700000
7155 -25.083640 -41.778174 -16.565858 0.800000
7156 -25.611301 -38.650450 -17.666230 0.800000
7157 -27.030939 -36.307612 -18.579402 0.700000
7158 -27.194285 -36.494966 -19.848712 0.700000
7196 -26.573021 -30.828865 -15.152267 0.300000
7197 -26.729943 -28.898935 -16.372265 0.400000
7198 -26.807027 -27.087238 -17.803206 0.300000
7199 -29.322366 -29.228169 -15.241758 0.300000
7200 -31.784479 -29.834797 -14.504828 0.300000
7201 -33.613399 -31.098983 -15.026249 0.300000
8000 -28.068826 -57.874267 -6.179437 0.500000
8003 -26.492266 -55.025755 -12.957001 0.500000
8007 -28.622182 -48.300102 -15.215276 0.400000
8040 -29.835344 -37.431738 -8.451409 0.300000
8041 -31.502754 -38.687738 -8.382008 0.500000
10135 -21.398270 -50.790276 -4.796894 0.400000
10136 -23.614447 -48.572948 -4.670876 0.600000
10137 -25.782906 -46.515689 -4.753062 0.700000
10138 -25.423178 -49.715263 -5.625141 0.600000
10139 -27.115365 -47.356964 -5.213300 0.800000
10140 -28.177111 -44.656699 -5.290920 0.700000
10141 -30.175800 -43.091472 -6.346547 0.700000
10142 -31.611039 -41.527155 -7.846889 0.700000
10143 -32.523205 -39.804588 -9.733503 0.700000
10144 -28.744232 -55.206743 -7.484360 0.600000
10145 -28.861694 -52.401886 -9.316183 0.700000
10146 -28.644206 -49.287804 -10.426601 0.800000
10147 -25.471815 -47.586155 -13.028228 0.800000
10148 -27.405349 -46.922230 -12.070311 0.900000
10149 -29.434322 -46.175541 -10.873142 0.800000
10150 -30.708050 -43.397969 -11.234758 0.700000
10151 -32.146042 -40.720441 -11.590895 0.700000
10152 -33.153645 -37.891028 -11.883110 0.600000
10153 -33.509702 -35.957460 -13.815383 0.700000
10154 -33.630834 -33.973870 -15.559542 0.500000
10155 -33.546409 -31.974818 -17.065363 0.300000
10156 -29.273729 -34.416790 -19.134611 0.600000
10157 -31.696382 -32.266764 -19.256063 0.500000
10158 -33.374804 -29.750214 -18.433295 0.300000
10159 -33.463818 -27.274592 -19.825883 0.300000
10440 -19.707919 -48.905820 -5.764856 0.300000
11012 -25.592948 -56.853823 -5.626054 0.500000
11013 -26.316073 -57.678727 -5.294573 0.400000
11015 -29.938123 -41.136986 -17.842472 0.500000
11037 -31.707394 -36.251224 -10.014760 0.300000
11038 -31.136603 -34.727834 -10.896884 0.300000
11039 -32.060698 -35.359927 -10.854878 0.400000
11040 -32.377295 -34.378591 -11.698650 0.400000
11041 -32.794835 -36.076603 -11.102348 0.500000
11637 -25.629654 -42.893204 -5.034319 0.500000
11638 -25.828789 -41.322521 -5.619662 0.300000
11639 -26.741873 -41.902773 -5.356668 0.400000
11640 -27.718275 -41.142443 -5.794991 0.500000
11641 -27.477845 -42.744958 -5.216953 0.600000
13352 -22.433404 -53.423239 -5.586788 0.300000
13353 -22.613267 -53.255894 -6.091772 0.400000
13354 -29.222339 -49.064070 -7.877024 0.800000
13355 -29.184715 -48.424701 -7.226845 0.700000
13356 -29.852780 -47.717121 -8.097098 0.700000
13357 -30.440090 -46.312874 -8.255077 0.800000
13358 -30.203330 -46.844923 -9.076932 0.800000
13359 -26.363792 -53.275903 -12.625519 0.700000
13360 -26.991479 -52.883914 -12.035610 0.700000
13361 -25.746199 -51.757060 -12.932345 0.700000
13362 -25.748034 -39.912817 -16.021607 0.800000
13363 -26.038936 -41.231572 -15.054558 0.800000
13364 -27.153907 -39.993761 -15.572326 0.800000
13365 -28.708443 -40.167473 -14.995201 0.800000
13366 -28.377164 -38.907834 -15.960424 0.800000
13367 -29.652727 -37.911946 -16.375005 0.800000
13368 -28.144993 -37.655471 -16.917429 0.800000
13437 -32.779235 -28.189535 -15.885544 0.300000
13438 -31.505507 -26.605210 -16.404226 0.300000
13439 -32.676456 -27.053587 -16.484585 0.300000
13440 -32.563582 -25.947651 -17.111935 0.300000
13441 -33.450053 -27.692046 -17.043447 0.300000
14037 -21.751574 -46.904949 -5.001444 0.400000
14038 -22.079182 -45.055054 -5.077238 0.300000
14039 -22.671998 -45.867225 -4.819723 0.400000
14040 -23.661249 -44.788574 -4.823376 0.500000
14041 -23.230860 -46.657569 -4.680921 0.400000
15749 -22.102124 -55.654210 -8.580166 0.400000
15750 -21.284479 -54.531904 -8.624912 0.300000
15751 -22.599502 -54.027139 -8.109883 0.500000
15752 -23.102386 -52.748400 -7.526366 0.600000
15753 -23.708050 -53.768844 -7.526366 0.600000
15754 -26.758391 -54.058971 -6.360245 0.500000
15755 -25.978370 -53.135842 -6.598583 0.600000
15756 -27.271369 -52.834802 -6.793088 0.500000
15757 -27.813713 -51.630641 -7.159270 0.800000
15758 -28.297326 -52.460093 -7.527279 0.700000
15759 -26.649188 -47.397891 -15.460006 0.500000
15760 -25.364447 -47.421538 -15.201578 0.600000
15761 -26.311485 -45.588013 -15.812491 0.700000
15762 -27.020845 -40.919618 -17.682667 0.600000
15763 -25.961852 -42.237464 -16.837070 0.700000
15764 -25.891191 -40.537634 -17.510991 0.800000
15765 -25.192843 -40.102900 -17.111021 0.800000
15766 -25.982040 -39.127020 -18.098161 0.800000
15767 -26.308732 -37.575436 -18.759297 0.700000
15768 -26.983220 -38.056555 -19.092605 0.600000
15770 -29.308600 -35.907438 -20.823980 0.500000
15827 -27.259439 -34.890632 -11.557108 0.300000
15828 -26.116020 -33.618261 -13.114980 0.300000
15830 -29.159020 -32.313147 -13.293048 0.400000
15831 -27.899974 -32.100327 -13.951445 0.300000
15834 -28.000918 -30.070354 -15.144048 0.300000
15835 -28.045884 -29.088108 -15.772311 0.300000
15836 -29.327872 -30.255889 -14.587013 0.300000
15837 -32.752623 -32.478674 -13.204471 0.300000
15838 -31.778973 -30.806128 -13.881131 0.300000
15839 -32.819613 -31.432764 -13.911266 0.300000
15840 -32.854484 -30.362299 -14.595232 0.300000
15841 -33.571186 -32.153078 -14.375157 0.300000
17557 -27.259439 -56.123505 -11.802751 0.500000
17634 -25.928815 -36.988818 -9.438548 0.300000
17637 -29.353566 -39.603591 -6.906322 0.600000
17638 -29.224175 -38.215715 -7.712653 0.300000
17639 -30.123493 -38.793239 -7.551934 0.400000
17640 -30.748427 -37.998348 -8.306215 0.500000
17641 -30.950315 -39.478082 -7.536411 0.600000
22772 -20.229156 -51.832547 -4.936609 0.300000
22774 -23.667672 -50.675681 -4.794154 0.500000
22775 -23.110645 -50.257317 -4.694618 0.400000
22776 -24.207263 -49.135010 -4.648960 0.600000
22777 -24.699135 -47.520672 -4.670876 0.600000
22778 -25.265339 -47.988148 -4.730232 0.600000
22779 -24.656922 -50.909419 -6.458867 0.700000
22780 -24.466964 -50.809375 -6.068943 0.600000
22781 -25.656267 -49.947182 -6.103643 0.600000
22782 -28.813058 -47.184162 -6.064377 0.800000
22783 -27.671474 -47.788970 -5.669886 0.600000
22784 -28.332198 -46.597543 -5.569437 0.800000
22785 -27.689828 -46.011834 -5.256219 0.800000
22786 -28.848847 -45.243317 -5.678105 0.700000
22787 -29.185632 -43.877269 -5.761204 0.700000
22788 -29.890404 -44.495720 -6.213224 0.700000
22789 -31.406398 -43.578957 -8.468759 0.700000
22790 -31.345832 -42.956868 -7.718132 0.700000
22791 -31.845045 -42.145606 -8.602083 0.700000
22792 -32.071710 -40.740450 -8.651394 0.700000
22793 -32.220373 -41.278866 -9.592874 0.700000
22794 -28.653383 -57.227622 -7.418611 0.600000
22795 -28.441401 -56.541869 -6.721861 0.600000
22796 -28.843341 -55.906138 -8.055092 0.600000
22797 -28.133063 -51.968970 -11.053950 0.700000
22798 -28.777269 -53.015789 -9.762724 0.700000
22799 -28.434059 -51.408727 -10.593711 0.700000
22800 -28.705690 -50.943979 -10.001976 0.700000
22801 -28.149581 -49.793479 -11.083171 0.700000
22802 -24.223781 -46.701224 -14.255532 0.800000
22803 -24.738595 -48.078187 -13.451027 0.800000
22804 -24.528448 -46.198278 -13.770637 0.800000
22805 -27.230992 -43.985498 -13.182554 0.800000
22806 -26.625328 -45.619845 -12.838289 0.800000
22807 -27.874280 -45.291520 -12.340610 0.800000
22808 -28.457919 -46.498409 -11.537931 0.800000
22809 -29.017699 -44.992299 -11.720566 0.800000
22810 -29.994101 -44.741281 -11.028381 0.800000
22811 -29.732565 -43.613518 -11.981733 0.700000
22812 -31.343079 -39.961929 -13.609006 0.800000
22813 -31.436681 -41.064227 -12.522331 0.700000
22814 -32.234138 -39.747290 -12.674831 0.600000
22815 -32.772811 -39.305280 -11.798185 0.700000
22816 -32.955428 -38.283926 -12.852899 0.700000
22817 -33.362874 -37.018831 -12.817286 0.700000
22818 -32.986629 -37.440832 -13.773377 0.700000
22819 -31.988202 -35.694618 -16.645304 0.600000
22820 -32.995806 -35.309905 -15.786922 0.600000
22821 -32.904038 -34.457717 -16.532070 0.500000
22822 -33.595963 -33.038918 -16.268163 0.400000
22823 -32.841637 -33.340867 -17.393192 0.500000
22824 -27.360383 -35.290806 -19.661512 0.700000
22825 -28.081673 -35.351742 -18.975719 0.700000
22826 -28.276220 -34.276729 -19.914460 0.500000
22827 -30.796146 -30.715179 -21.103410 0.400000
22828 -30.670425 -31.983913 -20.200283 0.500000
22829 -31.662429 -31.037138 -20.032259 0.500000
22830 -32.772811 -30.908900 -19.022291 0.300000
22831 -32.648926 -29.663813 -19.755568 0.300000
22832 -33.397746 -28.515132 -19.189401 0.300000
22833 -32.737022 -28.380528 -20.376525 0.400000
22834 -33.309649 -26.557916 -22.673154 0.400000
22835 -32.941663 -26.579744 -21.821164 0.300000
23027 -28.078920 -27.149992 -17.173117 0.300000
23030 -29.257211 -24.272377 -18.860659 0.300000
23037 -32.436943 -23.970427 -18.440600 0.300000
23400 -20.804536 -47.922665 -5.382237 0.400000
23401 -21.294573 -48.674810 -5.114678 0.400000
24428 -24.316466 -54.853862 -6.947414 0.500000
24429 -24.933142 -55.947065 -6.263448 0.500000
24430 -26.080231 -55.470494 -5.968494 0.500000
24431 -27.398008 -54.957543 -6.236966 0.500000
24432 -28.977321 -43.924562 -16.314735 0.600000
24433 -27.462245 -44.030972 -16.365873 0.600000
24434 -28.646959 -42.525772 -16.953956 0.600000
24435 -28.417541 -41.130619 -17.791335 0.700000
24436 -28.323021 -39.773665 -18.562052 0.600000
24437 -28.235842 -38.392155 -19.293503 0.500000
24476 -30.249214 -33.466376 -12.003649 0.300000
24477 -30.422654 -32.531424 -12.726882 0.300000
24478 -30.501574 -31.564640 -13.425458 0.300000
24479 -31.624804 -32.874301 -12.399053 0.300000
24480 -32.628737 -33.440001 -12.451104 0.300000
24481 -33.298637 -34.172138 -12.818199 0.400000
25556 -25.917803 -39.830963 -6.553837 0.300000
25557 -26.691401 -39.145210 -7.019555 0.300000
25559 -27.691663 -39.716368 -6.548358 0.300000
25560 -28.550604 -40.375746 -6.337415 0.500000
25561 -29.409544 -41.107882 -6.295409 0.600000
28642 -23.059256 -52.194523 -5.113765 0.400000
28643 -24.115496 -50.872130 -5.123809 0.500000
28644 -27.244757 -50.098157 -6.498134 0.800000
28645 -27.053881 -49.424227 -6.188568 0.600000
28646 -28.245937 -49.024053 -6.497220 0.700000
28647 -29.116807 -47.814436 -6.616846 0.800000
28648 -29.813320 -46.468396 -6.743777 0.800000
28649 -30.315286 -45.166921 -6.792175 0.700000
28650 -30.464867 -45.768091 -7.475228 0.700000
28651 -30.949398 -44.922269 -8.364658 0.700000
28652 -31.242135 -44.008235 -9.339926 0.700000
28653 -28.335868 -55.494140 -10.232095 0.600000
28654 -28.735056 -55.001199 -9.549042 0.600000
28655 -28.073414 -54.033505 -10.892318 0.700000
28656 -27.618249 -52.411890 -11.593635 0.700000
28657 -27.048375 -50.668405 -12.090400 0.700000
28658 -24.497247 -42.997795 -15.041773 0.900000
28659 -24.689959 -44.496629 -14.140472 1.000000
28660 -25.233220 -42.756781 -14.531310 0.800000
28661 -26.585868 -42.694936 -14.081116 0.800000
28662 -28.009177 -42.602169 -13.520428 0.800000
28663 -29.415968 -42.604897 -12.899471 0.800000
28664 -29.014028 -41.442573 -13.998017 0.800000
28665 -30.112481 -40.198396 -14.407118 0.800000
28666 -31.195334 -38.897830 -14.647283 0.800000
28667 -32.165313 -37.699127 -14.785172 0.800000
28668 -31.011799 -37.959240 -15.644467 0.800000
28669 -30.868642 -36.880589 -16.561292 0.800000
28670 -30.722733 -35.810123 -17.442503 0.600000
28671 -28.769927 -32.930689 -21.541733 0.500000
28672 -28.887389 -32.914318 -20.915297 0.500000
28673 -29.443498 -31.606476 -21.895131 0.500000
28674 -30.140011 -30.497812 -21.917960 0.500000
28675 -31.107237 -29.565588 -21.695146 0.500000
28676 -31.935895 -28.563334 -21.477811 0.300000
28678 -32.871002 -27.495597 -22.942539 0.400000
28793 -30.458443 -27.347351 -16.114751 0.300000
28794 -29.219586 -26.255967 -17.301874 0.300000
28795 -30.427242 -26.336002 -16.777714 0.300000
28796 -30.370347 -25.336476 -17.541126 0.300000
28797 -30.262979 -24.350593 -18.202262 0.300000
28799 -31.380703 -24.606158 -17.853430 0.300000
28800 -32.382801 -25.044531 -17.708236 0.300000
28801 -33.268354 -25.652977 -18.212307 0.300000
29639 -23.910855 -43.084196 -5.148465 0.300000
29640 -24.611039 -43.900006 -4.885471 0.500000
29641 -25.267174 -44.608496 -4.780457 0.500000
32034 -20.747641 -54.539179 -8.105317 0.400000
32035 -21.788280 -53.686991 -7.197624 0.500000
32036 -22.669245 -52.901194 -6.580319 0.500000
32037 -22.792213 -52.562865 -7.029600 0.600000
32038 -23.801652 -51.791621 -6.958372 0.600000
32039 -25.079969 -51.369619 -6.741951 0.600000
32040 -24.812009 -53.462347 -6.973896 0.600000
32041 -25.441532 -52.229993 -6.780304 0.600000
32042 -26.345438 -51.122238 -6.587625 0.600000
32043 -27.582460 -50.798461 -6.839660 0.800000
32044 -28.524909 -50.402835 -7.477967 0.800000
32045 -29.143420 -49.764375 -8.534508 0.800000
32046 -25.262586 -50.711151 -14.382463 0.700000
32047 -24.938648 -50.473775 -13.772464 0.700000
32048 -24.795491 -49.053157 -14.534963 0.700000
32049 -24.541296 -47.241459 -14.761429 0.800000
32050 -24.399974 -45.270602 -15.103869 0.800000
32051 -26.040771 -43.936385 -16.246247 0.700000
32052 -25.041427 -43.774497 -15.899242 0.700000
32053 -24.489906 -43.305202 -15.554976 0.900000
32054 -24.694547 -41.510785 -16.081876 0.800000
32055 -25.065286 -39.921002 -16.555813 0.800000
32056 -25.848060 -38.474009 -17.130198 0.800000
32057 -26.827216 -37.404453 -17.459853 0.800000
32058 -26.202282 -37.430828 -18.171214 0.800000
32059 -26.736367 -36.353996 -19.293503 0.700000
32060 -27.461327 -35.324457 -20.320822 0.700000
32061 -28.188123 -36.957895 -20.073352 0.600000
32062 -28.134898 -35.515449 -20.724444 0.600000
32063 -28.368905 -34.186690 -21.229428 0.500000
32146 -27.704510 -33.081663 -13.175249 0.300000
32147 -26.407840 -31.834757 -14.526744 0.300000
32150 -25.280939 -28.774335 -17.062623 0.300000
32151 -25.409413 -27.930332 -17.759374 0.400000
32153 -26.738202 -27.986720 -17.065363 0.400000
32154 -28.058732 -28.093130 -16.464496 0.400000
32155 -29.335213 -28.258656 -15.883718 0.300000
32156 -30.548375 -30.537830 -14.128601 0.300000
32157 -30.573152 -29.525571 -14.721250 0.300000
32158 -30.535528 -28.421454 -15.409782 0.300000
32159 -31.723913 -28.805258 -15.152267 0.300000
32160 -32.819613 -29.174509 -15.322117 0.300000
32161 -33.586786 -29.967582 -15.722086 0.300000
34328 -27.090588 -58.479985 -5.332013 0.400000
34331 -28.687337 -57.824245 -8.208505 0.500000
34334 -28.509308 -56.893840 -9.635793 0.400000
34335 -27.881621 -55.817008 -10.969025 0.600000
34336 -26.851993 -54.764732 -12.138799 0.700000
34337 -26.000394 -53.634240 -13.218168 0.700000
34346 -25.787494 -52.390972 -14.198915 0.600000
34348 -27.093341 -48.881264 -15.305680 0.500000
34349 -28.177111 -46.992260 -15.453614 0.500000
34352 -29.328789 -45.204210 -15.759527 0.400000
34435 -28.144993 -35.926537 -10.165433 0.300000
34436 -28.208312 -37.763700 -8.206679 0.300000
34437 -28.780939 -37.007007 -8.882426 0.300000
34438 -29.293918 -36.193017 -9.586482 0.300000
34439 -30.315286 -36.640484 -9.227605 0.300000
34440 -31.247641 -37.177991 -9.163683 0.300000
34441 -31.990955 -37.850101 -9.255914 0.400000
40639 -19.650105 -51.323235 -5.199603 0.400000
40640 -20.767829 -50.253679 -5.065366 0.400000
40641 -21.881883 -49.266886 -4.821549 0.600000
40642 -22.042476 -51.330511 -4.721100 0.300000
40643 -22.536183 -49.701621 -4.681834 0.400000
40644 -22.971159 -48.176412 -4.688226 0.600000
40645 -23.966833 -47.141416 -4.628870 0.500000
40646 -25.059780 -46.054579 -4.690966 0.500000
40647 -26.205035 -45.075972 -4.786849 0.600000
40648 -23.557552 -51.986251 -6.047027 0.500000
40649 -24.364185 -50.843026 -5.572177 0.500000
40650 -25.103828 -49.695254 -5.169468 0.500000
40651 -26.707001 -48.935833 -5.803210 0.600000
40652 -26.332591 -48.606599 -5.349363 0.600000
40653 -25.863661 -48.277365 -4.938435 0.600000
40654 -26.494101 -46.892217 -4.905561 0.800000
40655 -26.996985 -45.546177 -4.979528 0.700000
40656 -27.386078 -44.068261 -5.044363 0.600000
40657 -28.402858 -43.272460 -5.387716 0.700000
40658 -29.382932 -42.419362 -5.915530 0.700000
40659 -30.309780 -41.647208 -6.478044 0.700000
40660 -30.718144 -43.771768 -6.919106 0.700000
40661 -30.998034 -42.317499 -7.032339 0.700000
40662 -31.079707 -40.867778 -7.195797 0.700000
40663 -31.689041 -40.087438 -8.015826 0.700000
40664 -32.202020 -39.262534 -8.916214 0.700000
40665 -32.651679 -38.461276 -9.884176 0.600000
40666 -27.543918 -57.089380 -5.790425 0.500000
40667 -28.028448 -55.806094 -6.308194 0.500000
40668 -28.425800 -54.483701 -7.083477 0.600000
40669 -28.886471 -54.431860 -8.936304 0.700000
40670 -28.862612 -53.904358 -8.297083 0.700000
40671 -28.668066 -53.176769 -7.924509 0.700000
40672 -28.761668 -51.867108 -8.666918 0.700000
40673 -28.897484 -50.326438 -9.311617 0.800000
40674 -29.250787 -48.807595 -9.660449 0.800000
40675 -25.231385 -50.042678 -13.175249 0.700000
40676 -25.747116 -49.436960 -12.723229 0.800000
40677 -26.625328 -48.974941 -12.354307 0.800000
40678 -25.482827 -45.762634 -13.322270 1.000000
40679 -26.364709 -47.261468 -12.582600 0.800000
40680 -27.281464 -48.500189 -11.925116 0.800000
40681 -28.094521 -48.139123 -11.327902 0.900000
40682 -28.974568 -47.748953 -10.680463 0.900000
40683 -29.679340 -47.263287 -9.937140 0.800000
40684 -30.189565 -45.842669 -10.091466 0.800000
40685 -30.792476 -44.490263 -10.212918 0.700000
40686 -31.381621 -43.037813 -10.378203 0.700000
40687 -30.530939 -42.301129 -12.315041 0.700000
40688 -31.455035 -42.062843 -11.409174 0.700000
40689 -32.005638 -41.678130 -10.509699 0.700000
40690 -32.552570 -40.267517 -10.643022 0.700000
40691 -32.879261 -38.897830 -10.771780 0.600000
40692 -33.055454 -37.423552 -11.015597 0.600000
40693 -33.325250 -36.558631 -11.878545 0.600000
40694 -33.554668 -35.552738 -12.855639 0.600000
40695 -33.711590 -34.614148 -13.676581 0.400000
40696 -33.011406 -36.456768 -14.786085 0.700000
40697 -33.576692 -35.069801 -14.646370 0.600000
40698 -33.807945 -33.695567 -14.473780 0.300000
40699 -33.866676 -32.631468 -15.312072 0.300000
40700 -33.820792 -31.386381 -16.054481 0.300000
40701 -33.770321 -30.377760 -16.647130 0.300000
40702 -28.051390 -36.429483 -17.957532 0.700000
40703 -29.308600 -35.547281 -18.143819 0.600000
40704 -30.574070 -34.719649 -18.342891 0.600000
40705 -29.548113 -32.952516 -20.145493 0.500000
40706 -30.589670 -33.347234 -19.384820 0.600000
40707 -31.817515 -33.480019 -18.393115 0.500000
40708 -32.749870 -32.255850 -18.188565 0.400000
40709 -33.493184 -30.664248 -17.851604 0.300000
40710 -33.737284 -29.179966 -17.425153 0.300000
40711 -33.658365 -28.216820 -18.005930 0.300000
40712 -33.617069 -27.288234 -18.516394 0.300000
40713 -33.598716 -25.914910 -19.204925 0.300000
40714 -32.845307 -27.490140 -21.002962 0.400000
40715 -33.416099 -26.327816 -20.276076 0.300000
41732 -25.677373 -57.985224 -5.258046 0.400000
41733 -26.097667 -58.344471 -5.109199 0.400000
41757 -32.143289 -36.604105 -10.103338 0.300000
41759 -32.334164 -36.174827 -10.514265 0.400000
41760 -32.495674 -35.690980 -10.944369 0.400000
41761 -32.621396 -36.487691 -10.671331 0.500000
42357 -25.994888 -43.269732 -4.933870 0.500000
42358 -26.178422 -42.401172 -5.176773 0.400000
42359 -26.538149 -42.811350 -5.077238 0.600000
42360 -27.094259 -42.359336 -5.269917 0.500000
42361 -26.967620 -43.157865 -5.037971 0.600000
44072 -22.123231 -53.938918 -6.120994 0.400000
44073 -22.219586 -53.697904 -6.396772 0.300000
44074 -29.482040 -48.707552 -8.345481 0.800000
44075 -29.526089 -48.391050 -8.025871 0.800000
44076 -29.759177 -48.019070 -8.471499 0.800000
44077 -30.068433 -47.261468 -8.609388 0.800000
44078 -29.893157 -47.546137 -8.993833 0.800000
44079 -25.867331 -52.747491 -13.051058 0.700000
44080 -26.061878 -52.470098 -12.794456 0.700000
44081 -25.582853 -51.926225 -13.262914 0.700000
44082 -26.327085 -39.156124 -16.299211 0.800000
44083 -26.430782 -39.839148 -15.823449 0.800000
44084 -26.978632 -39.232521 -16.071831 0.800000
44085 -27.794442 -39.430789 -15.785095 0.800000
44086 -27.636603 -38.736851 -16.275469 0.800000
44087 -28.243184 -38.265737 -16.422490 0.800000
44088 -27.492528 -38.150232 -16.669046 0.800000
44157 -33.159151 -28.441463 -16.082790 0.300000
44158 -32.741611 -27.650210 -16.158583 0.300000
44159 -33.143551 -27.772991 -16.447145 0.300000
44160 -33.120609 -27.313700 -16.681830 0.300000
44161 -33.449135 -28.288669 -16.662654 0.300000
44757 -22.014945 -47.306033 -4.900995 0.500000
44758 -22.199397 -46.400184 -4.892777 0.400000
44759 -22.507735 -46.780350 -4.798720 0.400000
44760 -22.991348 -46.258304 -4.736624 0.400000
44761 -22.775695 -47.164153 -4.730232 0.500000
46469 -22.683010 -55.455942 -8.112622 0.400000
46470 -22.326036 -54.792926 -8.358266 0.500000
46471 -22.935370 -54.615576 -7.967428 0.600000
46472 -23.197824 -53.878892 -7.822233 0.400000
46473 -23.429078 -54.510076 -7.652383 0.500000
46474 -27.397090 -53.882530 -6.533747 0.500000
46475 -27.020845 -53.484175 -6.534661 0.500000
46476 -27.567777 -53.252256 -6.820483 0.500000
46477 -27.814631 -52.692012 -7.070693 0.600000
46478 -28.090850 -53.050350 -7.204016 0.600000
46479 -27.201626 -46.474762 -15.687386 0.600000
46480 -26.467489 -46.513870 -15.618898 0.600000
46481 -27.005244 -45.688056 -15.866368 0.600000
46482 -27.016256 -40.152921 -18.110032 0.600000
46483 -26.426193 -40.669510 -17.654359 0.600000
46484 -26.455559 -39.901903 -18.056155 0.700000
46485 -25.840719 -39.806407 -17.790422 0.800000
46486 -26.450053 -39.100645 -18.405900 0.700000
46487 -26.528055 -38.383061 -18.762037 0.600000
46488 -26.950184 -38.797786 -18.773908 0.500000
46547 -27.900892 -34.996133 -11.245716 0.300000
46550 -29.237940 -31.812930 -13.606266 0.300000
46551 -28.610252 -31.710158 -13.937748 0.400000
46552 -28.660724 -31.254505 -14.228137 0.300000
46553 -27.988071 -30.576938 -14.850920 0.300000
46554 -28.636865 -30.694261 -14.541355 0.300000
46555 -28.668066 -30.125832 -14.884708 0.300000
46556 -29.298506 -30.748830 -14.265577 0.300000
46557 -33.180258 -32.762434 -13.393497 0.300000
46558 -32.796671 -31.964814 -13.571566 0.300000
46559 -33.213294 -32.240388 -13.779769 0.300000
46560 -33.235318 -31.721072 -14.138646 0.300000
46561 -33.535397 -32.582355 -14.066505 0.300000
48354 -26.248165 -37.505406 -8.771933 0.300000
48356 -26.740955 -37.731868 -8.453235 0.300000
48357 -29.820661 -39.931916 -6.875274 0.600000
48358 -29.753671 -39.198870 -7.214974 0.600000
48359 -30.194154 -39.533561 -7.192145 0.600000
48360 -30.514421 -39.125202 -7.540976 0.600000
48361 -30.608941 -39.887351 -7.172055 0.600000
53494 -24.193498 -50.067234 -4.813331 0.500000
53495 -23.936550 -49.861690 -4.715621 0.500000
53496 -24.444023 -49.330550 -4.732972 0.500000
53497 -24.726665 -48.562034 -4.684574 0.600000
53498 -25.003802 -48.751207 -4.764020 0.600000
53499 -25.312140 -50.603831 -6.458867 0.700000
53500 -25.091899 -50.470137 -6.281712 0.600000
53501 -25.807683 -50.162730 -6.281712 0.600000
53502 -29.177373 -46.525694 -6.075335 0.800000
53503 -28.582722 -46.847652 -5.836997 0.800000
53504 -28.910331 -46.236477 -5.820560 0.800000
53505 -28.585475 -45.940894 -5.622401 0.800000
53506 -29.152596 -45.573461 -5.877177 0.700000
53507 -29.351731 -44.865881 -5.924661 0.700000
53508 -29.631621 -45.207848 -6.184916 0.700000
53509 -31.605533 -43.138766 -8.973744 0.700000
53510 -31.630310 -42.884109 -8.500720 0.700000
53511 -31.838621 -42.410267 -9.038579 0.700000
53512 -32.042345 -41.704505 -9.085151 0.700000
53513 -32.022156 -41.895498 -9.569132 0.700000
53514 -28.756162 -56.871103 -8.108056 0.600000
53515 -28.743315 -56.557330 -7.740048 0.600000
53516 -28.824070 -56.201721 -8.424927 0.600000
53517 -27.916492 -51.133152 -11.336120 0.700000
53518 -28.329445 -51.754332 -10.763561 0.700000
53519 -28.105533 -50.912147 -11.104174 0.700000
53520 -28.289985 -50.565633 -10.911495 0.700000
53521 -27.870609 -50.014484 -11.367168 0.700000
53522 -24.215522 -45.785371 -14.402553 0.800000
53523 -24.349502 -46.555707 -13.982493 0.800000
53524 -24.223781 -45.521620 -14.189783 0.800000
53525 -27.881621 -43.898187 -12.897645 0.800000
53526 -27.565024 -44.658518 -12.759756 0.800000
53527 -28.181700 -44.513909 -12.440145 0.800000
53528 -28.428553 -45.160554 -12.055700 0.800000
53529 -28.766256 -44.482077 -12.161628 0.800000
53530 -29.366414 -44.272895 -11.895895 0.800000
53531 -29.174620 -43.761764 -12.268469 0.700000
53532 -31.787232 -39.319832 -13.702149 0.800000
53533 -31.829445 -39.799131 -13.182554 0.800000
53534 -32.257997 -39.172495 -13.232779 0.800000
53535 -32.630572 -39.060628 -12.748798 0.800000
53536 -32.659020 -38.563139 -13.282090 0.800000
53537 -32.979287 -37.904671 -13.299441 0.700000
53538 -32.651679 -38.002895 -13.850997 0.700000
53539 -31.923047 -35.231690 -17.035228 0.600000
53540 -32.480992 -35.003409 -16.637998 0.600000
53541 -32.446120 -34.461355 -17.066276 0.500000
53542 -32.911380 -33.731037 -17.068102 0.500000
53543 -32.419508 -33.902020 -17.500946 0.500000
53544 -27.619167 -34.750571 -20.136361 0.600000
53545 -27.827478 -34.662351 -19.802140 0.700000
53546 -28.046802 -34.205789 -20.262379 0.500000
53547 -31.262324 -30.224966 -20.879683 0.400000
53548 -31.306372 -30.727912 -20.596600 0.500000
53549 -31.785397 -30.303182 -20.390223 0.400000
53550 -32.319481 -30.244065 -19.935463 0.300000
53551 -32.318564 -29.630162 -20.274250 0.300000
53552 -32.690221 -28.985336 -20.006691 0.300000
53553 -32.239644 -29.026263 -20.525372 0.400000
53554 -33.928160 -26.176842 -22.706028 0.300000
53555 -33.506031 -26.046785 -22.601926 0.400000
53556 -34.313582 -25.610232 -22.497824 0.300000
53747 -28.663477 -27.206380 -16.852594 0.300000
53748 -28.061485 -26.707982 -17.538386 0.300000
53749 -28.646041 -26.685245 -17.261695 0.300000
54357 -19.981385 -49.328731 -5.573090 0.400000
54358 -20.302570 -48.414697 -5.583135 0.300000
54359 -20.554012 -48.854889 -5.427896 0.400000
54360 -21.033954 -48.361947 -5.218779 0.400000
54361 -20.695333 -49.233235 -5.276309 0.400000
56072 -24.341243 -56.216273 -6.574840 0.300000
56073 -24.670687 -56.740137 -6.179437 0.500000
56074 -26.205035 -56.539140 -5.594093 0.500000
56075 -25.819612 -56.150790 -5.788599 0.500000
56076 -26.472077 -55.877034 -5.802296 0.500000
56077 -26.712507 -55.249488 -6.003194 0.500000
56078 -27.119953 -55.582360 -5.953883 0.500000
56079 -29.613267 -43.005071 -16.630693 0.400000
56080 -28.806634 -43.224257 -16.646217 0.600000
56081 -29.437992 -42.342965 -17.039794 0.600000
56082 -29.819744 -40.545819 -18.237876 0.500000
56083 -29.181044 -41.156994 -17.765766 0.600000
56084 -29.080100 -40.467604 -18.212307 0.600000
56085 -28.334951 -40.566738 -18.150211 0.600000
56086 -28.994757 -39.841877 -18.595840 0.600000
56087 -28.938779 -39.234340 -18.969327 0.500000
56150 -31.298113 -34.214884 -11.321509 0.400000
56151 -30.742921 -34.110293 -11.411913 0.300000
56152 -30.864972 -33.625536 -11.820101 0.300000
56153 -30.339146 -33.002538 -12.354307 0.300000
56154 -30.952151 -33.083482 -12.226463 0.300000
56155 -31.019141 -32.609640 -12.578948 0.300000
56156 -31.562402 -33.321768 -12.048395 0.400000
56157 -32.804012 -34.692364 -11.844757 0.400000
56158 -32.514946 -33.895654 -12.092227 0.400000
56159 -32.921474 -34.247625 -12.231942 0.400000
56160 -33.016912 -33.789244 -12.594472 0.400000
56161 -33.189434 -34.693274 -12.379876 0.400000
57949 -24.924883 -41.403465 -5.629707 0.300000
57950 -26.382145 -40.845041 -5.851608 0.300000
57951 -25.927898 -40.534906 -6.001368 0.300000
57952 -26.364709 -40.137460 -6.250664 0.300000
57953 -26.304143 -39.487177 -6.772085 0.300000
57954 -26.763897 -39.792765 -6.487176 0.300000
57955 -27.158496 -39.408052 -6.781217 0.300000
57956 -27.291558 -40.081072 -6.290844 0.300000
57957 -28.099109 -41.567173 -5.724677 0.500000
57958 -28.159675 -40.750454 -6.055245 0.500000
57959 -28.549686 -41.170637 -5.981278 0.500000
57960 -28.978239 -40.751363 -6.261622 0.600000
57961 -28.969980 -41.508056 -6.017805 0.500000
63094 -22.941794 -52.768409 -5.565785 0.400000
63095 -22.754589 -52.802970 -5.333839 0.500000
63096 -23.302439 -52.162691 -5.321055 0.500000
63097 -23.629130 -51.518775 -5.125636 0.500000
63098 -23.796146 -51.508770 -5.325621 0.500000
63099 -27.873362 -49.899889 -6.721861 0.800000
63100 -27.769665 -49.518814 -6.515484 0.700000
63101 -28.355140 -49.265067 -6.804046 0.700000
63102 -29.495806 -47.818983 -7.273417 0.700000
63103 -29.169114 -48.120933 -6.895364 0.700000
63104 -29.586655 -47.470650 -7.003118 0.800000
63105 -29.444416 -47.125045 -6.656112 0.800000
63106 -29.902334 -46.748518 -7.069779 0.800000
63107 -30.172130 -46.126429 -7.101741 0.700000
63108 -30.231778 -46.433835 -7.461530 0.800000
63109 -30.597012 -45.897238 -8.717142 0.700000
63110 -30.675931 -45.665319 -8.298909 0.700000
63111 -30.830100 -45.222399 -8.754582 0.700000
63112 -31.121920 -44.438422 -8.861423 0.700000
63113 -30.976010 -44.766747 -9.244043 0.700000
63114 -28.013766 -54.998470 -10.876795 0.700000
63115 -28.217489 -54.711982 -10.572708 0.700000
63116 -27.825643 -54.179932 -11.219234 0.700000
63117 -26.642764 -51.982613 -12.330565 0.700000
63118 -27.366807 -52.692922 -11.791793 0.700000
63119 -27.012586 -51.807082 -12.083095 0.700000
63120 -27.284217 -51.469662 -11.948859 0.700000
63121 -26.646435 -50.882134 -12.258424 0.700000
63122 -24.701888 -42.139240 -15.278285 0.800000
63123 -24.772549 -42.935950 -14.776040 0.800000
63124 -25.014814 -42.118322 -14.997941 0.800000
63125 -26.745543 -41.523518 -14.684723 0.800000
63126 -26.311485 -42.089218 -14.510307 0.800000
63127 -27.039198 -42.120141 -14.208047 0.800000
63128 -27.328265 -42.724949 -13.813556 0.800000
63129 -27.777924 -42.118322 -13.987059 0.800000
63130 -28.496461 -42.026464 -13.768811 0.800000
63131 -28.242266 -41.546255 -14.184304 0.800000
63132 -29.270976 -39.639061 -15.222581 0.800000
63133 -29.393026 -40.241142 -14.692941 0.800000
63134 -30.006949 -39.603591 -14.902058 0.800000
63135 -30.634636 -39.604501 -14.524918 0.800000
63136 -30.566728 -38.965132 -15.094737 0.800000
63137 -31.082460 -38.460367 -15.129438 0.800000
63138 -30.467620 -38.412164 -15.555889 0.800000
63139 -29.588490 -37.211642 -16.859899 0.800000
63140 -30.281333 -37.382625 -16.491891 0.800000
63141 -30.173965 -36.893322 -16.915603 0.800000
63142 -30.818171 -36.233034 -17.055318 0.700000
63143 -30.086786 -36.253043 -17.404150 0.600000
63145 -29.128737 -32.178543 -21.791029 0.500000
63146 -29.399450 -31.823844 -22.109726 0.500000
63148 -30.199660 -30.523278 -22.286882 0.400000
63149 -30.582329 -29.983952 -22.274097 0.400000
63150 -30.610777 -29.910284 -21.823903 0.500000
63151 -30.877819 -29.411885 -22.226612 0.300000
63152 -31.410069 -28.766150 -22.085071 0.400000
63155 -32.635161 -27.930332 -23.051207 0.400000
63156 -33.332591 -27.442847 -23.095039 0.400000
63157 -33.709754 -26.934444 -23.000982 0.400000
63347 -31.052177 -27.537433 -15.847191 0.300000
63348 -30.426325 -26.850771 -16.409705 0.300000
63349 -31.016388 -27.037216 -16.146712 0.300000
63350 -31.492659 -26.140462 -16.685483 0.300000
63351 -30.936550 -25.873073 -16.927474 0.300000
63352 -30.917279 -25.459257 -17.284524 0.300000
63353 -30.265732 -24.864453 -17.847038 0.300000
63354 -30.853960 -24.969044 -17.657098 0.300000
63355 -30.742921 -24.512481 -17.973969 0.300000
63356 -31.358679 -25.149122 -17.416934 0.300000
63357 -33.049948 -26.312355 -17.269000 0.300000
63358 -32.467227 -25.458347 -17.446156 0.300000
63359 -32.972864 -25.753930 -17.592263 0.300000
63360 -32.905874 -25.270084 -17.888131 0.300000
63361 -33.296802 -26.180480 -17.868954 0.300000
65154 -23.060174 -43.236081 -5.269917 0.300000
65155 -23.498821 -42.785885 -5.332926 0.300000
65156 -23.411642 -43.585324 -5.100980 0.400000
65157 -23.972339 -45.167830 -4.770412 0.500000
65158 -24.139355 -44.333831 -4.853510 0.500000
65159 -24.467882 -44.692169 -4.799633 0.500000
65160 -24.970766 -44.207412 -4.835247 0.500000
65161 -24.754196 -45.073244 -4.761280 0.500000
70287 -21.577216 -54.012587 -8.151889 0.500000
70288 -20.912822 -54.446412 -8.391140 0.500000
70289 -21.354222 -53.939828 -7.914464 0.500000
70290 -21.244101 -54.136277 -7.604898 0.500000
70291 -21.856188 -53.473261 -7.461530 0.600000
70292 -22.262717 -53.130385 -7.113612 0.600000
70293 -22.343472 -52.983048 -7.372040 0.600000
70294 -23.715391 -52.538309 -7.413132 0.600000
70295 -23.383194 -52.227265 -7.261546 0.600000
70296 -24.026482 -51.998984 -7.147399 0.600000
70297 -24.429340 -51.526051 -6.858837 0.600000
70298 -24.630310 -51.874384 -6.982115 0.600000
70299 -24.837704 -54.700159 -6.658852 0.500000
70300 -24.551390 -54.147191 -7.009510 0.500000
70301 -25.128606 -54.034414 -6.687160 0.500000
70302 -26.304143 -52.524667 -6.640589 0.600000
70303 -25.741610 -52.682917 -6.728253 0.600000
70304 -26.098585 -52.099027 -6.675289 0.700000
70305 -25.886603 -51.670659 -6.710903 0.600000
70306 -26.538149 -51.564249 -6.642415 0.600000
70307 -27.014421 -50.960350 -6.693553 0.700000
70308 -27.161249 -51.388718 -6.710903 0.700000
70309 -28.213818 -51.465115 -7.519060 0.800000
70310 -28.148663 -51.077674 -7.268851 0.800000
70311 -28.586393 -50.798461 -7.786620 0.800000
70312 -28.871789 -50.095428 -7.985691 0.700000
70313 -28.869036 -50.469227 -8.305302 0.700000
70314 -25.416755 -49.903527 -14.766908 0.600000
70315 -25.035003 -49.869876 -14.452777 0.700000
70316 -25.188254 -49.037695 -14.826265 0.700000
70317 -25.190090 -46.615733 -15.243584 0.700000
70318 -24.892764 -47.261468 -15.024423 0.700000
70319 -24.770714 -46.366533 -15.152267 0.700000
70320 -24.475223 -46.238296 -14.902058 0.800000
70321 -24.727583 -45.397021 -15.333988 0.700000
70322 -27.299817 -43.241538 -16.693702 0.700000
70323 -26.718931 -44.030062 -16.358568 0.700000
70324 -26.634505 -43.307021 -16.635259 0.700000
70325 -25.435108 -42.100132 -16.666307 0.800000
70326 -25.457132 -43.042360 -16.353088 0.800000
70327 -25.039591 -42.789523 -16.196023 0.800000
70328 -24.704641 -43.554401 -15.754961 0.900000
70329 -24.733089 -42.680384 -15.971382 0.900000
70330 -24.575250 -42.356607 -15.825275 0.800000
70331 -24.814762 -41.675402 -16.304690 0.900000
70332 -25.367200 -39.345297 -17.388626 0.800000
70333 -25.170819 -39.819140 -16.971306 0.800000
70334 -25.269009 -39.313465 -17.050752 0.800000
70335 -25.502098 -39.093369 -16.889121 0.800000
70336 -25.529628 -38.640445 -17.290003 0.800000
70337 -26.019665 -37.891938 -17.634269 0.800000
70338 -25.804930 -38.097482 -17.876260 0.800000
70339 -26.720766 -37.057939 -19.306288 0.700000
70340 -26.464736 -36.927882 -19.073429 0.700000
70341 -26.863005 -36.474958 -19.577500 0.700000
70342 -27.041951 -35.907438 -19.794835 0.700000
70343 -27.287887 -35.929266 -20.060568 0.700000
70344 -28.833247 -37.823726 -19.687994 0.500000
70345 -28.201888 -37.666385 -19.649640 0.600000
70346 -28.769009 -37.150706 -20.024041 0.500000
70347 -29.261799 -35.119823 -21.243126 0.500000
70348 -28.702937 -35.848322 -20.720791 0.600000
70349 -28.713032 -35.161659 -21.049533 0.600000
70350 -28.240431 -34.914279 -20.938126 0.500000
70351 -28.746068 -34.416790 -21.387407 0.500000
70352 -28.792869 -33.701933 -21.650401 0.400000
70519 -25.223126 -33.774692 -13.083019 0.300000
70520 -26.191270 -33.150784 -13.511296 0.300000
70527 -28.377164 -33.183526 -12.825504 0.300000
70528 -27.219980 -31.491881 -14.555966 0.300000
70529 -27.132801 -31.972090 -14.261011 0.300000
70537 -25.979287 -28.827995 -16.730229 0.300000
70539 -25.986629 -28.393260 -17.055318 0.300000
70540 -26.023336 -27.938517 -17.427892 0.300000
70541 -26.763897 -28.428730 -16.734794 0.300000
70542 -28.681831 -29.207251 -15.466398 0.300000
70543 -28.033954 -28.672473 -16.094661 0.400000
70544 -28.646959 -28.688843 -15.816143 0.400000
70545 -28.635029 -28.164070 -16.201502 0.300000
70546 -29.312271 -28.757055 -15.544931 0.300000
70547 -31.104484 -31.648313 -13.252869 0.300000
70548 -30.496985 -31.054418 -13.775203 0.300000
70549 -31.136603 -31.169013 -13.579784 0.300000
70550 -31.785397 -30.365937 -14.172433 0.300000
70551 -31.153121 -30.192225 -14.239095 0.300000
70552 -31.154038 -29.666541 -14.570576 0.300000
70553 -30.539198 -28.958961 -15.065516 0.300000
70554 -31.142109 -29.105388 -14.897492 0.300000
70555 -31.112743 -28.613356 -15.185141 0.300000
70556 -31.789985 -29.263639 -14.871010 0.300000
70557 -33.228894 -30.762473 -14.749558 0.300000
70558 -32.834295 -29.862991 -14.902971 0.300000
70559 -33.222471 -30.158574 -15.106608 0.300000
70560 -33.206870 -29.541032 -15.473704 0.300000
70561 -33.614316 -30.542377 -15.369602 0.300000
75697 -28.599240 -58.178035 -7.509015 0.500000
75707 -28.233089 -56.329958 -10.333457 0.400000
75709 -26.888700 -55.622378 -12.373484 0.500000
75710 -27.085999 -55.451394 -11.955251 0.500000
75711 -26.656529 -54.922983 -12.496762 0.600000
75712 -26.386734 -54.226316 -12.667525 0.700000
75713 -26.267436 -54.301803 -13.089411 0.600000
75735 -26.106844 -53.028522 -14.105772 0.500000
75739 -28.070661 -49.334188 -15.202491 0.400000
75740 -27.320006 -49.557922 -15.221668 0.500000
75741 -27.813713 -48.631155 -15.289243 0.500000
75742 -27.609990 -47.826259 -15.418913 0.500000
75743 -28.397352 -47.669828 -15.302027 0.400000
75750 -29.561878 -45.861768 -15.522102 0.300000
75945 -27.565024 -35.781020 -10.498741 0.300000
75946 -27.931175 -36.325802 -9.806557 0.300000
75949 -28.363399 -38.313030 -7.653297 0.300000
75950 -29.538018 -37.837369 -8.056006 0.300000
75951 -29.045229 -37.577255 -8.297996 0.300000
75952 -29.361825 -37.171624 -8.677876 0.300000
75953 -29.056241 -36.613200 -9.232171 0.300000
75955 -29.847274 -36.412203 -9.370060 0.300000
75957 -31.169639 -38.266646 -8.336349 0.500000
75958 -31.015470 -37.598174 -8.739972 0.400000
75959 -31.422916 -37.897395 -8.771933 0.500000
75960 -31.677111 -37.497221 -9.223953 0.300000
75961 -31.750525 -38.279379 -8.811199 0.500000
91354 -20.821054 -51.309593 -4.871774 0.300000
91355 -20.464998 -51.119510 -4.994139 0.400000
91356 -21.090850 -50.528344 -4.911953 0.300000
91357 -21.321186 -49.748004 -4.948480 0.400000
91358 -21.644206 -50.019941 -4.833421 0.400000
91361 -22.308600 -51.616999 -4.711969 0.300000
91362 -23.384112 -49.429684 -4.638915 0.500000
91363 -22.858286 -49.975376 -4.662657 0.400000
91364 -23.089539 -49.126825 -4.670876 0.600000
91365 -22.789460 -48.910367 -4.651699 0.600000
91366 -23.312533 -48.381956 -4.627044 0.600000
91367 -23.468537 -47.629810 -4.632523 0.600000
91368 -23.840194 -47.848996 -4.629783 0.500000
91369 -25.252491 -46.990441 -4.706490 0.600000
91370 -24.889093 -46.782169 -4.663571 0.500000
91371 -25.409413 -46.302869 -4.709229 0.600000
91372 -25.615889 -45.581646 -4.725666 0.600000
91373 -25.980205 -45.811747 -4.775891 0.600000
91374 -23.106975 -52.363688 -6.515484 0.600000
91375 -23.153776 -52.414619 -6.268014 0.500000
91376 -23.537363 -51.835276 -6.231487 0.600000
91377 -24.930389 -50.279144 -5.820560 0.600000
91378 -24.418328 -50.810285 -5.788599 0.600000
91379 -24.853304 -50.220028 -5.590440 0.600000
91380 -24.697300 -50.247312 -5.354842 0.500000
91381 -25.269927 -49.640685 -5.424243 0.500000
91382 -27.577872 -48.929466 -6.047940 0.700000
91383 -26.888700 -49.159567 -6.007760 0.600000
91384 -27.427373 -48.632064 -5.927401 0.600000
91385 -27.328265 -47.590702 -5.448899 0.600000
91386 -27.020845 -48.166407 -5.503689 0.600000
91387 -26.707919 -48.010885 -5.265351 0.600000
91388 -26.123362 -48.462900 -5.137507 0.600000
91389 -26.474830 -47.805341 -5.065366 0.600000
91390 -26.174751 -47.627082 -4.879079 0.600000
91391 -26.749214 -47.133231 -5.026100 0.800000
91392 -27.969717 -45.308801 -5.277222 0.700000
91393 -27.389749 -45.737169 -5.118330 0.700000
91394 -27.659544 -45.041411 -5.145726 0.700000
91395 -27.141060 -44.870428 -4.968570 0.600000
91396 -27.731123 -44.402952 -5.132028 0.700000
91397 -27.903645 -43.672634 -5.201429 0.600000
91398 -28.333115 -43.951847 -5.337492 0.700000
91399 -29.686681 -43.474366 -6.053419 0.700000
91400 -29.331542 -43.182421 -5.826039 0.700000
91401 -29.761013 -42.824083 -6.082640 0.700000
91402 -29.861957 -42.023735 -6.190395 0.700000
91403 -30.295098 -42.362064 -6.415948 0.700000
91404 -30.684190 -44.771294 -7.196710 0.700000
91405 -30.477714 -44.457521 -6.853358 0.700000
91406 -30.848454 -44.033700 -7.250588 0.700000
91407 -31.473388 -42.269296 -7.725437 0.700000
91408 -31.204510 -42.620358 -7.347384 0.700000
91409 -31.332984 -41.936424 -7.434135 0.700000
91410 -31.050341 -41.597186 -7.082564 0.700000
91411 -31.376115 -41.230663 -7.473402 0.700000
91412 -31.397221 -40.491250 -7.591201 0.700000
91413 -31.700053 -40.788652 -7.963775 0.700000
91414 -32.305716 -40.264788 -9.205689 0.700000
91415 -32.253409 -39.847334 -8.949088 0.700000
91416 -32.421343 -39.488996 -9.349971 0.700000
91417 -32.427767 -38.860541 -9.396542 0.600000
91418 -32.603042 -39.118835 -9.782814 0.700000
91419 -27.587048 -58.218052 -5.661668 0.500000
91420 -27.320006 -57.813331 -5.509168 0.500000
91421 -27.817384 -57.508653 -5.909138 0.500000
91422 -28.603829 -55.877034 -7.077085 0.600000
91423 -28.267043 -56.155337 -6.504526 0.600000
91424 -28.438648 -55.505964 -6.876187 0.600000
91425 -28.223912 -55.093057 -6.706337 0.600000
91426 -28.587310 -54.818392 -7.248761 0.600000
91427 -28.610252 -54.179023 -9.992844 0.600000
91428 -28.826823 -54.746542 -9.200210 0.600000
91429 -28.749738 -53.993487 -9.663189 0.700000
91430 -28.781857 -52.737487 -9.517994 0.700000
91431 -28.878212 -53.506003 -9.029447 0.700000
91432 -28.880048 -53.205872 -8.788370 0.700000
91433 -28.797457 -53.554205 -8.128146 0.700000
91434 -28.820399 -52.881185 -8.573774 0.700000
91435 -28.708443 -52.546494 -8.305302 0.700000
91436 -28.821317 -52.158144 -8.992007 0.700000
91437 -28.628606 -50.206386 -10.162694 0.700000
91438 -28.779104 -50.676590 -9.617530 0.700000
91439 -28.831411 -49.848957 -9.897874 0.900000
91440 -29.099371 -49.546098 -9.549955 0.800000
91441 -28.977321 -49.097721 -10.046721 0.800000
91442 -24.699135 -49.624314 -13.821775 0.800000
91443 -24.991873 -50.241856 -13.454680 0.800000
91444 -24.772549 -49.301446 -13.607180 0.800000
91445 -25.085475 -47.956316 -13.179815 0.800000
91446 -25.227714 -48.834880 -13.075713 0.800000
91447 -25.615889 -48.556577 -12.876642 0.800000
91448 -26.194940 -49.206860 -12.560684 0.800000
91449 -26.001311 -48.353761 -12.643783 0.800000
91450 -25.254327 -44.272895 -13.922224 0.800000
91451 -25.049686 -45.145093 -13.724979 1.000000
91452 -25.599371 -44.929545 -13.553302 0.900000
91453 -26.950184 -46.196459 -12.476672 0.800000
91454 -26.492266 -46.368352 -12.737840 0.900000
91455 -26.852911 -47.085937 -12.367092 0.900000
91456 -26.837310 -47.886285 -12.265730 0.700000
91457 -27.222733 -47.641633 -12.021913 0.800000
91458 -27.671474 -48.324658 -11.663949 0.800000
91459 -27.757735 -47.495206 -11.749787 0.900000
91460 -28.961721 -46.371081 -11.243890 0.800000
91461 -28.728632 -47.053196 -11.173576 0.800000
91462 -29.203986 -46.886760 -10.791870 0.800000
91463 -29.341637 -47.543409 -10.238487 0.900000
91464 -29.600420 -46.767617 -10.423861 0.800000
91465 -29.927111 -46.532060 -10.054026 0.800000
91466 -29.852780 -45.993644 -10.534355 0.800000
91467 -30.343734 -44.080084 -11.100522 0.700000
91468 -30.424489 -44.608496 -10.627499 0.700000
91469 -30.766781 -43.924562 -10.716989 0.700000
91470 -31.103566 -43.748122 -10.281406 0.700000
91471 -31.129261 -43.149679 -10.853965 0.700000
91472 -29.884898 -41.916416 -13.135070 0.800000
91473 -30.033561 -42.433004 -12.602690 0.700000
91474 -30.457526 -41.843657 -12.785325 0.700000
91475 -31.812009 -40.897791 -12.053874 0.700000
91476 -31.444940 -41.557169 -11.973514 0.700000
91477 -31.790903 -41.325249 -11.557108 0.700000
91478 -31.752360 -41.826377 -11.063082 0.700000
91479 -32.092817 -41.161542 -11.070387 0.700000
91480 -32.295622 -40.988739 -10.547139 0.700000
91481 -32.401154 -40.512168 -11.106001 0.700000
91482 -33.014159 -38.614070 -11.766224 0.600000
91483 -32.891191 -39.105193 -11.227453 0.600000
91484 -33.026089 -38.381242 -11.350731 0.600000
91485 -32.972864 -38.253913 -10.784564 0.600000
91486 -33.140798 -37.777342 -11.318770 0.600000
91487 -33.192187 -37.023378 -11.444788 0.600000
91488 -33.276613 -37.268030 -11.836539 0.600000
91489 -33.443629 -36.510428 -13.314051 0.700000
91490 -33.481254 -36.293970 -12.793543 0.700000
91491 -33.552832 -35.856507 -13.227300 0.700000
91492 -33.632670 -35.094357 -13.267479 0.500000
91493 -33.624411 -35.388121 -13.672928 0.600000
91494 -32.105664 -37.234379 -15.232626 0.700000
91495 -32.597536 -37.124331 -14.755950 0.700000
91496 -32.565418 -36.586825 -15.241758 0.700000
91497 -33.336262 -34.784222 -15.602461 0.500000
91498 -33.327085 -35.345375 -15.130351 0.600000
91499 -33.612481 -34.537751 -15.109348 0.500000
91500 -33.748296 -34.305832 -14.607103 0.500000
91501 -33.784086 -33.790153 -15.038120 0.400000
91502 -33.844652 -33.149875 -14.946803 0.300000
91503 -33.785003 -33.327225 -15.434437 0.400000
91504 -33.576692 -32.446842 -16.752145 0.300000
91505 -33.775827 -32.282225 -16.167715 0.300000
91506 -33.757473 -31.784736 -16.493717 0.300000
91507 -33.802439 -30.856150 -16.346696 0.300000
91508 -33.712507 -31.115354 -16.932040 0.300000
91509 -26.929995 -36.874222 -18.076245 0.700000
91510 -27.403514 -36.976994 -17.705497 0.800000
91511 -27.435632 -36.352177 -18.197696 0.700000
91512 -28.727714 -34.827878 -19.120000 0.600000
91513 -28.586393 -35.525454 -18.482606 0.700000
91514 -29.318695 -34.915188 -18.719118 0.600000
91515 -29.949135 -35.082534 -18.388549 0.600000
91516 -29.952806 -34.478635 -18.815001 0.600000
91517 -29.352649 -32.301324 -21.029444 0.500000
91518 -29.115889 -33.077116 -20.556420 0.500000
91519 -29.757342 -32.302233 -20.700702 0.500000
91520 -31.225617 -32.123974 -19.828622 0.500000
91521 -30.525433 -32.796085 -19.748263 0.500000
91522 -31.090719 -32.795175 -19.313593 0.500000
91523 -31.131097 -33.520036 -18.845136 0.600000
91524 -31.736760 -32.804270 -18.844222 0.400000
91525 -32.231385 -32.894309 -18.268011 0.400000
91526 -32.244232 -32.293139 -18.745600 0.400000
91527 -33.195858 -30.239518 -18.816827 0.300000
91528 -33.250918 -30.906172 -18.361154 0.400000
91529 -33.440876 -30.083086 -18.173041 0.300000
91530 -33.675800 -29.934840 -17.585871 0.300000
91531 -33.676718 -29.400971 -17.911874 0.300000
91532 -33.712507 -28.698848 -17.700018 0.300000
91533 -33.610646 -28.903482 -18.341064 0.300000
91534 -33.361039 -27.987629 -19.417695 0.300000
91535 -33.551915 -27.676585 -18.993983 0.300000
91536 -33.528055 -27.113613 -19.273413 0.300000
91537 -33.632670 -26.667964 -18.878923 0.300000
91538 -33.547326 -26.679788 -19.503533 0.300000
91539 -32.211196 -27.980353 -21.831209 0.400000
91540 -32.411249 -27.959435 -21.198380 0.300000
91541 -32.577347 -27.401011 -21.621179 0.300000
91542 -33.591375 -25.636607 -21.186509 0.300000
91543 -33.243577 -26.666145 -21.139024 0.300000
91544 -33.363792 -26.190484 -20.675133 0.300000
91545 -33.625328 -25.788491 -20.077918 0.300000
92117 -26.163739 -27.089057 -18.121903 0.400000
92125 -29.178291 -25.850336 -17.657098 0.300000
92126 -28.635947 -25.759387 -17.963924 0.300000
92127 -28.615758 -25.355575 -18.341978 0.300000
92520 -19.373886 -49.794388 -5.722850 0.300000
92521 -19.595963 -50.142721 -5.517387 0.300000
93548 -25.005638 -57.133945 -5.798644 0.400000
93549 -25.351600 -57.596873 -5.489992 0.400000
93550 -25.961852 -57.242173 -5.437028 0.500000
93551 -26.581280 -56.954776 -5.479947 0.500000
93593 -31.242135 -36.055684 -9.938967 0.300000
93597 -31.796409 -34.500462 -11.311465 0.400000
93598 -31.911118 -34.042081 -11.693171 0.400000
93599 -32.231385 -34.910641 -11.263980 0.400000
93600 -32.659938 -35.167116 -11.411000 0.400000
93601 -32.961852 -35.593665 -11.563500 0.500000
94673 -25.235973 -42.546690 -5.148465 0.400000
94674 -25.324070 -41.768169 -5.445246 0.300000
94675 -25.761799 -42.117412 -5.256219 0.400000
94676 -26.226141 -41.674492 -5.418764 0.400000
94677 -26.750132 -41.231572 -5.641578 0.400000
94678 -27.281464 -40.812299 -5.895440 0.400000
94679 -27.247510 -41.526246 -5.563958 0.500000
94680 -27.631097 -41.936424 -5.498210 0.500000
94681 -27.991742 -42.333870 -5.455291 0.500000
97762 -22.513241 -53.468714 -5.815081 0.400000
97763 -23.013372 -52.799332 -5.808689 0.400000
97764 -28.868118 -49.384210 -7.384824 0.800000
97765 -28.803881 -49.063161 -7.114525 0.700000
97766 -29.173703 -48.768487 -7.543716 0.700000
97767 -29.571055 -48.097286 -7.632294 0.700000
97768 -29.869298 -47.414262 -7.730003 0.800000
97769 -30.251049 -46.723962 -7.819494 0.800000
97770 -30.136340 -46.994079 -8.216724 0.800000
97771 -30.329969 -46.561163 -8.681528 0.800000
97772 -30.462114 -46.080955 -9.170989 0.800000
97773 -26.932748 -53.872526 -12.051134 0.700000
97774 -27.348454 -53.741560 -11.778096 0.700000
97775 -26.651941 -53.103100 -12.304083 0.700000
97776 -26.397746 -52.366416 -12.510460 0.700000
97777 -26.046277 -51.442378 -12.686702 0.700000
97778 -25.267174 -40.569466 -15.781443 0.800000
97779 -25.450708 -41.283413 -15.335815 0.800000
97780 -25.898532 -40.674057 -15.462746 0.800000
97781 -26.562009 -40.673148 -15.262761 0.800000
97782 -27.355795 -40.697704 -15.015291 0.800000
97783 -28.062402 -40.878692 -14.733121 0.800000
97784 -27.934846 -40.169292 -15.269153 0.800000
97785 -28.542345 -39.433517 -15.551323 0.800000
97786 -29.147090 -39.028796 -15.687386 0.800000
97787 -29.749083 -38.447634 -15.891023 0.800000
97788 -29.005769 -38.425806 -16.113837 0.800000
97789 -28.841506 -37.927408 -16.558552 0.800000
97790 -28.824070 -37.182538 -17.106456 0.800000
97913 -32.231385 -27.944883 -15.798793 0.300000
97914 -31.609204 -27.168182 -16.071831 0.300000
97915 -32.175407 -27.318247 -16.145798 0.300000
97916 -32.124935 -26.859866 -16.357654 0.300000
97917 -32.054274 -26.322359 -16.702833 0.300000
97918 -31.947824 -25.766663 -17.072668 0.300000
97919 -32.620478 -26.515171 -16.771321 0.300000
97920 -33.092161 -26.875327 -16.931127 0.300000
97921 -33.384898 -27.142716 -17.325617 0.300000
98993 -21.461589 -46.473853 -5.175860 0.400000
98995 -21.923178 -45.937256 -5.038884 0.400000
98996 -22.382014 -45.424305 -4.929304 0.300000
98997 -22.839932 -44.944096 -4.902822 0.400000
98998 -23.310698 -44.432965 -4.922912 0.400000
98999 -23.171212 -45.316076 -4.790502 0.400000
99000 -23.480467 -45.719888 -4.728406 0.400000
99001 -23.728239 -46.126429 -4.685487 0.400000
102076 -20.970635 -55.271316 -9.110719 0.400000
102077 -21.660724 -55.000289 -8.730840 0.400000
102078 -21.918590 -54.232682 -8.374703 0.500000
102079 -22.243446 -53.623326 -7.931814 0.500000
102080 -22.508653 -53.055807 -7.614943 0.600000
102081 -22.796802 -53.373218 -7.814928 0.600000
102082 -23.398794 -53.207691 -7.621336 0.500000
102083 -23.958574 -53.080363 -7.373866 0.500000
102084 -26.087573 -54.262696 -6.325544 0.500000
102085 -25.735187 -53.798857 -6.496307 0.500000
102086 -26.375722 -53.628783 -6.454301 0.500000
102087 -26.614316 -52.924841 -6.586711 0.600000
102088 -26.902465 -52.387334 -6.741951 0.600000
102089 -27.309911 -51.821634 -6.834181 0.800000
102090 -27.453986 -52.241816 -6.943762 0.700000
102091 -28.036707 -52.083566 -7.293507 0.800000
102092 -28.425800 -51.844371 -7.775662 0.800000
102093 -26.149974 -48.250080 -15.303854 0.500000
102094 -25.491086 -48.341029 -15.095650 0.500000
102095 -25.939827 -47.389706 -15.374168 0.600000
102096 -25.800341 -46.533879 -15.505665 0.600000
102097 -25.649843 -45.676233 -15.659078 0.700000
102098 -27.108024 -41.709053 -17.337488 0.700000
102099 -26.541820 -42.412995 -16.988656 0.700000
102100 -26.492266 -41.462582 -17.374015 0.700000
102101 -25.904038 -41.424383 -17.161246 0.800000
102102 -25.425014 -41.131529 -16.985917 0.800000
102103 -25.131359 -40.914162 -16.832504 0.800000
102104 -25.473650 -40.279340 -17.332009 0.800000
102105 -25.562664 -39.478992 -17.637922 0.800000
102106 -25.683797 -38.833256 -17.905481 0.800000
102107 -25.872837 -38.085658 -18.223265 0.800000
102108 -26.097667 -38.304845 -18.410466 0.700000
102109 -26.611563 -37.832821 -18.995809 0.700000
102110 -27.116283 -37.252569 -19.496227 0.600000
102220 -29.070923 -32.786080 -12.920474 0.300000
102221 -28.462507 -32.724235 -13.213602 0.400000
102222 -28.549686 -32.214923 -13.594395 0.400000
102223 -27.892633 -31.609205 -14.253706 0.300000
102227 -27.328265 -29.949392 -15.455440 0.300000
102228 -27.382407 -29.452812 -15.763179 0.300000
102229 -27.385160 -28.979879 -16.105619 0.300000
102230 -28.035790 -29.575593 -15.459093 0.300000
102231 -28.699266 -29.627434 -15.170530 0.300000
102232 -29.317777 -29.750214 -14.892926 0.300000
102233 -32.273598 -32.159444 -13.124111 0.300000
102234 -31.718406 -31.355458 -13.522255 0.300000
102235 -32.304799 -31.658317 -13.484814 0.300000
102236 -32.302963 -31.140819 -13.838212 0.300000
102237 -32.313058 -30.576938 -14.195262 0.300000
102238 -32.344259 -30.024879 -14.550486 0.300000
102239 -32.859990 -30.824318 -14.316714 0.300000
102240 -33.242659 -31.262690 -14.441819 0.300000
102241 -33.596881 -31.700153 -14.673765 0.300000
105473 -28.922261 -39.285271 -6.991247 0.400000
105474 -28.867200 -38.602247 -7.423177 0.300000
105475 -29.341637 -38.880550 -7.298986 0.500000
105476 -29.698611 -38.489470 -7.612204 0.400000
105477 -29.998690 -38.106577 -7.939119 0.300000
105478 -30.322628 -37.670023 -8.330870 0.300000
105479 -30.450184 -38.395793 -7.913551 0.400000
105480 -30.866807 -38.677734 -7.924509 0.500000
105481 -31.235711 -39.090641 -7.948251 0.600000
114719 -21.123886 -51.586077 -4.793241 0.300000
114720 -23.128081 -51.291403 -4.784109 0.500000
114721 -22.869298 -51.022195 -4.691879 0.400000
114722 -23.435501 -50.408292 -4.702837 0.500000
114723 -23.667672 -49.653418 -4.689139 0.500000
114724 -23.917279 -48.885811 -4.640741 0.600000
114725 -24.137520 -48.065454 -4.654439 0.600000
114726 -24.460541 -48.352852 -4.646220 0.600000
114727 -25.035003 -47.836264 -4.644394 0.600000
114728 -25.603960 -47.246916 -4.733885 0.700000
114729 -24.077871 -51.316869 -6.449736 0.600000
114730 -23.989775 -51.338696 -6.225095 0.600000
114731 -24.507342 -50.893048 -6.239706 0.600000
114732 -25.067122 -50.316433 -6.095425 0.600000
114733 -25.524122 -49.800755 -5.883569 0.600000
114734 -28.476272 -47.774419 -6.047940 0.700000
114735 -27.853173 -48.124571 -5.849781 0.600000
114736 -28.257866 -47.490659 -5.845216 0.800000
114737 -27.928422 -47.214175 -5.644318 0.800000
114738 -27.772418 -46.932234 -5.375845 0.800000
114739 -27.353960 -46.705772 -5.221519 0.800000
114740 -27.989906 -46.290136 -5.423330 0.800000
114741 -28.312927 -45.629849 -5.454378 0.700000
114742 -28.542345 -44.921359 -5.453465 0.700000
114743 -28.689172 -44.263800 -5.508255 0.700000
114744 -29.083771 -44.534827 -5.710979 0.700000
114745 -29.599502 -44.121921 -5.993149 0.700000
114746 -30.078527 -43.730841 -6.299062 0.700000
114747 -31.201757 -44.007325 -8.001215 0.700000
114748 -31.169639 -43.624431 -7.670647 0.700000
114749 -31.428422 -43.292469 -8.062398 0.700000
114750 -31.611039 -42.556694 -8.146410 0.700000
114751 -31.794573 -41.787269 -8.241379 0.700000
114752 -31.854222 -41.108792 -8.258730 0.700000
114753 -32.017567 -41.390732 -8.703445 0.700000
114754 -32.223126 -40.943265 -9.184686 0.700000
114755 -32.402990 -40.469423 -9.677799 0.700000
114756 -28.430389 -57.515929 -6.758388 0.600000
114757 -28.264290 -57.224893 -6.415035 0.600000
114758 -28.591899 -56.869284 -7.060648 0.600000
114759 -28.712114 -56.242648 -7.374779 0.600000
114760 -28.871789 -55.584179 -7.732743 0.600000
114761 -28.371658 -52.751129 -10.709684 0.700000
114762 -28.629523 -53.208601 -10.084161 0.700000
114763 -28.557945 -52.555589 -10.436646 0.700000
114764 -28.630441 -52.241816 -10.200134 0.700000
114765 -28.744232 -52.018992 -9.928922 0.700000
114766 -28.816728 -51.757970 -9.701542 0.700000
114767 -28.582722 -51.118601 -10.369071 0.700000
114768 -28.471684 -50.369184 -10.613801 0.700000
114769 -28.356975 -49.568835 -10.759909 0.800000
114770 -24.333902 -47.664371 -14.122209 0.800000
114771 -24.589932 -48.391050 -13.680233 0.800000
114772 -24.444023 -47.467012 -13.796206 0.800000
114773 -24.637651 -47.260559 -13.595308 0.800000
114774 -24.953330 -46.942238 -13.424545 0.800000
114775 -26.536314 -44.107369 -13.438243 0.800000
114776 -26.238988 -44.856786 -13.285743 0.800000
114777 -26.877688 -44.714906 -12.992615 0.800000
114778 -27.223650 -45.348818 -12.627346 0.800000
114779 -27.594390 -46.042756 -12.246553 0.800000
114780 -27.917410 -46.628465 -11.883110 0.800000
114781 -28.213818 -45.906333 -11.954338 0.800000
114782 -28.655218 -45.765363 -11.651165 0.800000
114783 -29.258129 -45.561638 -11.320596 0.800000
114784 -29.729812 -45.484331 -10.950762 0.800000
114785 -29.512324 -44.901351 -11.398216 0.800000
114786 -29.882145 -44.171033 -11.479488 0.700000
114787 -30.253802 -43.390693 -11.688605 0.700000
114788 -30.851207 -40.633130 -13.459246 0.800000
114789 -30.930126 -41.140624 -12.986222 0.800000
114790 -31.373362 -40.535815 -13.039186 0.800000
114791 -31.846881 -40.347551 -12.625519 0.700000
114792 -32.187337 -40.280249 -12.107751 0.700000
114793 -32.524122 -39.943739 -11.732437 0.700000
114794 -32.585606 -39.480811 -12.245640 0.700000
114795 -32.864579 -38.774140 -12.334217 0.700000
114796 -33.108679 -38.142047 -12.321433 0.700000
114797 -33.258260 -37.492673 -12.320520 0.700000
114798 -33.174752 -37.671842 -12.823678 0.700000
114799 -33.235318 -37.332604 -13.235518 0.700000
114800 -33.267436 -36.806011 -13.750548 0.700000
114801 -32.072628 -36.152090 -16.244421 0.700000
114802 -32.533299 -36.093883 -15.720260 0.600000
114803 -32.513110 -35.549100 -16.195110 0.600000
114804 -32.942581 -34.914279 -16.106532 0.500000
114805 -33.329838 -34.261267 -16.076397 0.500000
114806 -33.619822 -33.524583 -15.926637 0.400000
114807 -33.313320 -33.688291 -16.467235 0.500000
114808 -33.266519 -33.221724 -16.827938 0.500000
114809 -33.217882 -32.544157 -17.269913 0.400000
114810 -27.244757 -35.666424 -19.147396 0.700000
114811 -27.493446 -35.944727 -18.680765 0.700000
114812 -27.654956 -35.269888 -19.310853 0.700000
114813 -28.191794 -34.854253 -19.379341 0.500000
114814 -28.726797 -34.345850 -19.461527 0.600000
114815 -30.444678 -31.000758 -21.124413 0.500000
114816 -30.187730 -31.842943 -20.671480 0.600000
114817 -30.720897 -31.541903 -20.525372 0.500000
114818 -31.219193 -31.514618 -20.120837 0.500000
114819 -31.675276 -31.572825 -19.641422 0.500000
114820 -32.328658 -31.591015 -19.120000 0.500000
114821 -32.267174 -30.998030 -19.509012 0.400000
114822 -32.730598 -30.433239 -19.337335 0.400000
114823 -33.138962 -29.544670 -19.181183 0.300000
114824 -33.357368 -29.119940 -18.777561 0.300000
114825 -33.129786 -29.037177 -19.466093 0.300000
114826 -33.053619 -28.548783 -19.788442 0.300000
114827 -33.081149 -27.941246 -20.005777 0.400000
114828 -32.747117 -27.048130 -22.547136 0.500000
114829 -32.772811 -27.031759 -21.906089 0.400000
114830 -33.050866 -26.370562 -22.381852 0.300000
114831 -33.572103 -25.754840 -22.009277 0.300000
115175 -27.385160 -27.162725 -17.470811 0.300000
115176 -26.811616 -26.668874 -18.182172 0.300000
115177 -27.487022 -26.683426 -17.847951 0.300000
115180 -29.156267 -24.849901 -18.365720 0.300000
116036 -20.042869 -47.972687 -5.780380 0.300000
116037 -20.524646 -47.536133 -5.558479 0.400000
116038 -20.994494 -47.022273 -5.334752 0.400000
116039 -21.272549 -47.420628 -5.184079 0.500000
116040 -21.518485 -47.838992 -5.046190 0.400000
116041 -21.818564 -48.165498 -4.946654 0.500000
118435 -23.642895 -55.784266 -7.293507 0.400000
118436 -23.789723 -55.070320 -7.336426 0.500000
118437 -24.096225 -55.636020 -6.925498 0.400000
118438 -24.565155 -55.460489 -6.604062 0.500000
118439 -25.120347 -55.218566 -6.373942 0.500000
118440 -25.228632 -56.428183 -5.929227 0.500000
118441 -25.514028 -55.666943 -6.059811 0.500000
118442 -25.779235 -54.980280 -6.207745 0.500000
118443 -26.420687 -54.752909 -6.116428 0.500000
118444 -27.044704 -54.554641 -6.247924 0.500000
118445 -27.648532 -54.315446 -6.547445 0.500000
118446 -28.386340 -44.724910 -16.102879 0.400000
118447 -27.612743 -44.834049 -16.090095 0.500000
118448 -28.235842 -43.987317 -16.361307 0.600000
118449 -28.070661 -43.228805 -16.693702 0.600000
118450 -27.918328 -42.464836 -17.062623 0.700000
118451 -29.297588 -41.739066 -17.399584 0.600000
118452 -28.535921 -41.735428 -17.418760 0.700000
118453 -27.778842 -41.763622 -17.412368 0.700000
118454 -27.699004 -40.953269 -17.854344 0.600000
118455 -27.654038 -40.283887 -18.221439 0.600000
118456 -27.617331 -39.619962 -18.606798 0.600000
118457 -27.599896 -38.882369 -18.972980 0.600000
118458 -28.256949 -39.026067 -18.959282 0.500000
118459 -28.863530 -38.446725 -19.387560 0.500000
118541 -29.138831 -35.279892 -10.590058 0.300000
118543 -29.275564 -34.821511 -11.004639 0.300000
118547 -30.135423 -33.945676 -11.603680 0.400000
118548 -29.679340 -33.320858 -12.268469 0.400000
118549 -29.774778 -32.849744 -12.652001 0.300000
118550 -29.841768 -32.364988 -13.009965 0.300000
118551 -29.903252 -31.888417 -13.348752 0.300000
118552 -29.907840 -31.436402 -13.662883 0.300000
118553 -30.494232 -32.062129 -13.095803 0.300000
118554 -31.091637 -32.130341 -12.930519 0.300000
118555 -31.674358 -32.420467 -12.757929 0.300000
118556 -32.025827 -33.570967 -12.055700 0.400000
118557 -32.148795 -33.062564 -12.441059 0.400000
118558 -32.213032 -32.614187 -12.782585 0.300000
118559 -32.698480 -32.974344 -12.810893 0.300000
118560 -33.115103 -33.267199 -12.999007 0.400000
118561 -33.397746 -33.640088 -13.246477 0.400000
121066 -25.424096 -40.988739 -5.773075 0.300000
121067 -25.437861 -40.265698 -6.269841 0.300000
121069 -25.827872 -39.194322 -7.041471 0.300000
121070 -26.206870 -38.864179 -7.292594 0.300000
121075 -28.104615 -39.332564 -6.837834 0.300000
121076 -27.701757 -40.430315 -6.116428 0.500000
121077 -28.125722 -40.034688 -6.395858 0.400000
121078 -28.531332 -39.654523 -6.689900 0.300000
121079 -28.956215 -39.997399 -6.614107 0.500000
121080 -29.408627 -40.342095 -6.563882 0.600000
121081 -29.850027 -40.683152 -6.595843 0.600000
128270 -22.846356 -52.008988 -4.902822 0.300000
128271 -23.381359 -51.388718 -4.946654 0.500000
128272 -23.886078 -50.752987 -4.953959 0.500000
128273 -24.391715 -50.160911 -4.939349 0.500000
128274 -26.615234 -50.316433 -6.398598 0.700000
128275 -26.555585 -49.919897 -6.271667 0.600000
128276 -27.172261 -49.747095 -6.320978 0.700000
128277 -27.677898 -49.213226 -6.317326 0.700000
128278 -28.167934 -48.672082 -6.283538 0.700000
128279 -28.716702 -48.733927 -6.832355 0.700000
128280 -28.712114 -48.391960 -6.574840 0.700000
128281 -28.585475 -48.124571 -6.297236 0.700000
128282 -28.975486 -47.477016 -6.319152 0.800000
128283 -29.356319 -46.807634 -6.356592 0.800000
128284 -29.642633 -46.217378 -6.368463 0.800000
128285 -29.913346 -45.535263 -6.425080 0.700000
128286 -30.060174 -45.856311 -6.730993 0.700000
128287 -30.444678 -45.446133 -7.137354 0.700000
128288 -30.716309 -45.087795 -7.529105 0.700000
128289 -30.492397 -46.068222 -7.871545 0.700000
128290 -30.706215 -45.402478 -7.868805 0.700000
128291 -30.957657 -44.676707 -7.970167 0.700000
128292 -31.203593 -44.257434 -8.452322 0.700000
128293 -31.406398 -43.800872 -8.907995 0.700000
128294 -31.559649 -43.342491 -9.411153 0.700000
128295 -28.563451 -55.890676 -9.620270 0.600000
128296 -28.746985 -55.752434 -9.197471 0.600000
128297 -28.534086 -55.217656 -9.929835 0.600000
128298 -28.443236 -54.543727 -10.276840 0.700000
128299 -28.310174 -53.694266 -10.692334 0.700000
128300 -27.565942 -53.400502 -11.558021 0.700000
128301 -27.885292 -53.282269 -11.282243 0.700000
128302 -28.152334 -52.947578 -11.018336 0.700000
128303 -27.895386 -52.161782 -11.310551 0.700000
128304 -27.674227 -51.349610 -11.610072 0.700000
128305 -27.410855 -50.510154 -11.828320 0.700000
128306 -24.276089 -43.917286 -14.844528 0.900000
128307 -24.368773 -44.673069 -14.379723 0.800000
128308 -24.522025 -43.699009 -14.602537 0.900000
128309 -24.914788 -43.607151 -14.350502 0.800000
128310 -25.528711 -43.447991 -14.155996 0.800000
128311 -25.607630 -42.007364 -14.781519 0.800000
128312 -25.855402 -42.801346 -14.285667 0.800000
128313 -26.170163 -43.474366 -13.892089 0.800000
128314 -26.907971 -43.373413 -13.556042 0.800000
128315 -27.606319 -43.284283 -13.336881 0.800000
128316 -28.271631 -43.188787 -13.061103 0.800000
128317 -28.933273 -43.097839 -12.776193 0.800000
128318 -28.727714 -42.553056 -13.262000 0.800000
128319 -29.202151 -42.026464 -13.437330 0.800000
128320 -29.725223 -41.393461 -13.666536 0.800000
128321 -28.846094 -40.837765 -14.503002 0.800000
128322 -29.560043 -40.806842 -14.160562 0.800000
128323 -30.247379 -40.768644 -13.832733 0.800000
128324 -30.743839 -40.105628 -13.956011 0.800000
128325 -31.276089 -39.469897 -14.094814 0.800000
128326 -31.720242 -38.903287 -14.171520 0.800000
128327 -32.185501 -38.232995 -14.274708 0.800000
128328 -31.675276 -38.460367 -14.647283 0.800000
128329 -31.598192 -37.874658 -15.183315 0.800000
128330 -31.557814 -37.326237 -15.712042 0.800000
128331 -30.359335 -37.949235 -16.019781 0.800000
128332 -30.909938 -37.418095 -16.112011 0.800000
128333 -31.494495 -36.820563 -16.148538 0.700000
128334 -31.442187 -36.302155 -16.639825 0.700000
128335 -31.395386 -35.714627 -17.089105 0.600000
128336 -31.345832 -35.163478 -17.561215 0.600000
128337 -28.358810 -33.540954 -21.113455 0.500000
128338 -28.409282 -33.520036 -20.825806 0.500000
128339 -28.743315 -32.832464 -21.302482 0.500000
128340 -29.036052 -32.361350 -21.411150 0.500000
128341 -29.505900 -31.562821 -21.509772 0.600000
128342 -29.789460 -31.060784 -22.251268 0.500000
128343 -29.696776 -31.142638 -21.821164 0.600000
128344 -29.943629 -31.270876 -21.443111 0.500000
128345 -30.502491 -30.669705 -21.395626 0.500000
128346 -30.959492 -29.999414 -21.394712 0.400000
128347 -31.380703 -29.517386 -21.308874 0.400000
128348 -31.898270 -28.914396 -21.197467 0.400000
128349 -31.482565 -29.090837 -21.636703 0.400000
128350 -31.827609 -28.354152 -21.947182 0.400000
128351 -32.142371 -27.816646 -22.393723 0.400000
128353 -32.185501 -27.913961 -22.909665 0.400000
128354 -32.597536 -27.347351 -22.642106 0.400000
128355 -33.209623 -26.801659 -22.856701 0.400000
128356 -33.866676 -26.578835 -22.915144 0.300000
128621 -29.873886 -27.338256 -16.294645 0.300000
128622 -29.275564 -26.717986 -16.964001 0.300000
128623 -29.783037 -26.838038 -16.659001 0.300000
128624 -29.801390 -26.350554 -17.006920 0.300000
128625 -29.779366 -25.754840 -17.426066 0.300000
128626 -31.007211 -26.398756 -16.599645 0.300000
128627 -30.412560 -25.813957 -17.162159 0.300000
128628 -29.732565 -25.319196 -17.724673 0.300000
128629 -29.711458 -24.779870 -18.114598 0.300000
128630 -29.723388 -24.371511 -18.482606 0.300000
128631 -29.716964 -23.871293 -18.948324 0.300000
128633 -30.151941 -23.935867 -18.538310 0.300000
128634 -30.848454 -23.830366 -18.401334 0.300000
128635 -31.360515 -24.066833 -18.235136 0.300000
128636 -31.917541 -25.237342 -17.381320 0.300000
128637 -31.925800 -24.602520 -17.821469 0.300000
128638 -31.923047 -24.231450 -18.128295 0.300000
128639 -32.405743 -24.463369 -18.125556 0.300000
128640 -32.891191 -24.786237 -18.175780 0.300000
128641 -33.286708 -25.075453 -18.494477 0.300000
130915 -24.392633 -42.603078 -5.214213 0.300000
130916 -23.783299 -43.925471 -4.963091 0.400000
130917 -24.265077 -43.447082 -5.005097 0.400000
130918 -24.742266 -42.990519 -5.068106 0.400000
130919 -25.107499 -43.385236 -4.929304 0.500000
130920 -25.479156 -43.729932 -4.877253 0.500000
130921 -25.826954 -44.101912 -4.837073 0.500000
137413 -19.784085 -55.643296 -8.824897 0.400000
137414 -20.570530 -54.933897 -8.870555 0.300000
137415 -20.309911 -55.018479 -8.623999 0.300000
137416 -20.188779 -55.217656 -8.306215 0.300000
137417 -20.656791 -54.801112 -7.805796 0.400000
137418 -21.221159 -54.332726 -7.350123 0.400000
137419 -21.732302 -53.902539 -6.997639 0.300000
137420 -22.203068 -53.485994 -6.667984 0.400000
137421 -22.240693 -53.318648 -6.891711 0.500000
137422 -22.710541 -52.742944 -6.799481 0.600000
137423 -23.173047 -52.204527 -6.720948 0.600000
137424 -22.862874 -52.570141 -7.316336 0.600000
137425 -23.254720 -52.159053 -7.001292 0.600000
137426 -23.650236 -51.751603 -6.688073 0.600000
137427 -24.204510 -51.352339 -6.700858 0.600000
137428 -24.892764 -51.110415 -6.649720 0.600000
137429 -25.509439 -50.955802 -6.566622 0.700000
137430 -23.999869 -54.324541 -7.336426 0.500000
137431 -24.251311 -53.619689 -7.240543 0.600000
137432 -24.537625 -52.923931 -7.109046 0.500000
137433 -25.380048 -53.290454 -6.726427 0.600000
137434 -25.109335 -52.837530 -6.902669 0.600000
137435 -24.850551 -52.331856 -6.961112 0.600000
137436 -25.243315 -51.757060 -6.803133 0.600000
137437 -25.714080 -51.255024 -6.631457 0.600000
137438 -26.124279 -50.806647 -6.489002 0.700000
137439 -26.831804 -50.570180 -6.548358 0.700000
137440 -27.448480 -50.398287 -6.678942 0.800000
137441 -27.967882 -50.275507 -6.857010 0.800000
137442 -27.703593 -51.233196 -6.960199 0.900000
137443 -28.178029 -50.657491 -7.098088 0.800000
137444 -28.452413 -50.022669 -7.248761 0.800000
137445 -28.904825 -49.719810 -7.701695 0.800000
137446 -29.218669 -49.384210 -8.192068 0.800000
137447 -29.389356 -48.978579 -8.727187 0.800000
137448 -25.347012 -51.442378 -13.966056 0.700000
137449 -25.220373 -51.300498 -13.676581 0.700000
137450 -25.022156 -50.576547 -14.089335 0.700000
137451 -24.789067 -49.692526 -14.197089 0.700000
137452 -24.616545 -48.856708 -14.274708 0.800000
137453 -25.011144 -48.214610 -14.890187 0.700000
137454 -24.640404 -48.129118 -14.655501 0.800000
137455 -24.421081 -47.941764 -14.336804 0.800000
137456 -24.265994 -46.937691 -14.512133 0.800000
137457 -24.222864 -46.145528 -14.661893 0.800000
137458 -24.196251 -45.058692 -14.875576 0.800000
137459 -26.860252 -44.793122 -16.117490 0.700000
137460 -26.101338 -44.780389 -15.985993 0.700000
137461 -25.570006 -44.745828 -15.841712 0.700000
137462 -25.999476 -43.015985 -16.550334 0.700000
137463 -25.475486 -43.792686 -16.080050 0.700000
137464 -25.056110 -44.732186 -15.688299 0.700000
137465 -24.701888 -44.513909 -15.502925 0.700000
137466 -24.402727 -44.332921 -15.302027 0.900000
137467 -24.335737 -44.090998 -15.141309 0.900000
137468 -24.406398 -43.259727 -15.280111 0.800000
137469 -24.577085 -42.212908 -15.544018 0.800000
137470 -24.746854 -41.307060 -15.831667 0.800000
137471 -24.924883 -40.793200 -16.594166 0.800000
137472 -24.858810 -40.682242 -16.294645 0.800000
137473 -25.049686 -40.626764 -16.051742 0.800000
137474 -25.326823 -39.881894 -16.270903 0.800000
137475 -25.742528 -39.207055 -16.555813 0.800000
137476 -26.199529 -38.635898 -16.711052 0.800000
137477 -26.884112 -37.944688 -17.094584 0.800000
137478 -26.248165 -38.000167 -17.248910 0.800000
137479 -26.457394 -37.331694 -17.885392 0.800000
137480 -26.617069 -36.771450 -18.393115 0.700000
137481 -26.121526 -37.526324 -18.455211 0.800000
137482 -26.451888 -36.816925 -18.772995 0.700000
137483 -26.810698 -36.209388 -19.014072 0.700000
137484 -27.083246 -35.756463 -19.513578 0.700000
137485 -27.267698 -35.339919 -19.968337 0.700000
137486 -27.705428 -34.675084 -20.545462 0.500000
137487 -27.598060 -38.190249 -19.298069 0.600000
137488 -27.619167 -37.507225 -19.652380 0.600000
137489 -27.622837 -36.762355 -19.979295 0.700000
137490 -28.742397 -36.479505 -20.413965 0.500000
137491 -28.154169 -36.256681 -20.426750 0.600000
137492 -27.704510 -36.092064 -20.272424 0.500000
137493 -27.748558 -35.429048 -20.541810 0.700000
137494 -27.820137 -34.903365 -20.691570 0.600000
137495 -27.958705 -34.336755 -20.829459 0.500000
137496 -28.486367 -33.662825 -21.388320 0.500000
137710 -25.345176 -33.353600 -13.442809 0.300000
137718 -26.973126 -32.894309 -13.575219 0.300000
137720 -27.096094 -32.431381 -13.938661 0.300000
137721 -26.345438 -32.272220 -14.235442 0.300000
137735 -25.521369 -27.518334 -18.105466 0.300000
137736 -26.097667 -27.507420 -17.764853 0.300000
137737 -26.787756 -27.531067 -17.435198 0.300000
137738 -27.433797 -28.505127 -16.438014 0.400000
137739 -27.408102 -28.031285 -16.790498 0.300000
137740 -27.386996 -27.592912 -17.090018 0.300000
137741 -28.111957 -27.614740 -16.811501 0.400000
137742 -28.659807 -27.701141 -16.523852 0.300000
137743 -29.282906 -27.746615 -16.223418 0.300000
137744 -29.908758 -30.900715 -13.996191 0.300000
137745 -29.917017 -30.419596 -14.322193 0.300000
137746 -29.922523 -29.954849 -14.626280 0.300000
137747 -31.143944 -30.699718 -13.916745 0.300000
137748 -30.530022 -30.058530 -14.418077 0.300000
137749 -29.916099 -29.399152 -14.955935 0.300000
137750 -29.877557 -28.877107 -15.290156 0.300000
137751 -29.903252 -28.354152 -15.617985 0.300000
137752 -29.906005 -27.825741 -15.961338 0.300000
137753 -30.521763 -27.918508 -15.707476 0.300000
137754 -31.093472 -28.074940 -15.534886 0.300000
137755 -31.686288 -28.152246 -15.512970 0.300000
137756 -32.331411 -29.540123 -14.852746 0.300000
137757 -32.324988 -29.045362 -15.150441 0.300000
137758 -32.250656 -28.535140 -15.428045 0.300000
137759 -32.809518 -28.671563 -15.618898 0.300000
137760 -33.176587 -29.011711 -15.774137 0.300000
137761 -33.527138 -29.422799 -16.052655 0.300000
144032 -26.495019 -58.808309 -5.064453 0.400000
144034 -27.349371 -58.956556 -5.431548 0.500000
144035 -27.822890 -58.572752 -5.896353 0.500000
144038 -28.222077 -58.246247 -6.450649 0.500000
144039 -28.539592 -57.907918 -7.082564 0.600000
144040 -28.672654 -57.540485 -7.793012 0.600000
144041 -28.718538 -57.132126 -8.558250 0.500000
144049 -28.679078 -57.423161 -8.931738 0.400000
144050 -28.641453 -56.630089 -9.286049 0.500000
144051 -28.465260 -56.236281 -9.881437 0.700000
144052 -28.146828 -55.682404 -10.587319 0.700000
144053 -27.684321 -55.111246 -11.222887 0.700000
144054 -27.590719 -56.037104 -11.356210 0.400000
144055 -27.425538 -55.342256 -11.567153 0.600000
144056 -27.247510 -54.671964 -11.798185 0.700000
144057 -26.629917 -54.057152 -12.357960 0.700000
144058 -26.141715 -53.579671 -12.793543 0.700000
144059 -25.800341 -52.904832 -13.367928 0.700000
144083 -26.319744 -54.381838 -13.532299 0.500000
144084 -26.044442 -53.741560 -13.556042 0.500000
144085 -25.832460 -53.016699 -13.663796 0.600000
144086 -25.655349 -52.263644 -13.847344 0.700000
144087 -25.538805 -51.512408 -14.311235 0.600000
144089 -25.901285 -49.929902 -14.975112 0.500000
144091 -26.567515 -49.699802 -15.170530 0.500000
144092 -26.345438 -49.025872 -15.219842 0.500000
144093 -26.859335 -48.180050 -15.377821 0.500000
144094 -27.390667 -47.159606 -15.546757 0.500000
144095 -27.973388 -46.212830 -15.617072 0.600000
144101 -29.170032 -47.346050 -15.249063 0.400000
144102 -28.962638 -46.665754 -15.418000 0.300000
144103 -28.737809 -46.008196 -15.578718 0.400000
144104 -28.562533 -45.363370 -15.829841 0.400000
144105 -29.162691 -44.597582 -16.004257 0.400000
144106 -29.783954 -43.685367 -16.336651 0.400000
144342 -27.741217 -35.400854 -10.865836 0.300000
144344 -27.292476 -37.920132 -8.148236 0.300000
144345 -27.641191 -37.587260 -8.466933 0.300000
144347 -28.709361 -37.961059 -7.950991 0.300000
144348 -28.475355 -37.399906 -8.536334 0.300000
144352 -28.947955 -35.693709 -10.197394 0.300000
144353 -29.500394 -35.783748 -9.959970 0.300000
144355 -30.538281 -36.226668 -9.644012 0.300000
144357 -30.820006 -36.866946 -9.128070 0.300000
144358 -31.027400 -36.494057 -9.505210 0.300000
144359 -31.449529 -36.729614 -9.577350 0.300000
144360 -31.921212 -37.050663 -9.674147 0.300000
144361 -32.218538 -37.350793 -9.770030 0.500000
162375 -35.060567 -25.249165 -22.436642 0.300000
162376 -35.146828 -24.624348 -22.062241 0.300000
162873 -19.899712 -50.507426 -5.303704 0.300000
162875 -20.211720 -50.783909 -5.157597 0.400000
162876 -20.473257 -50.039040 -5.213300 0.300000
162877 -21.026613 -49.527909 -5.100067 0.500000
162878 -21.584557 -48.989493 -4.962178 0.500000
162879 -22.129654 -48.456533 -4.825202 0.600000
162881 -21.448742 -51.882569 -4.784109 0.300000
162882 -21.672654 -51.088587 -4.747582 0.300000
162883 -22.566466 -50.846664 -4.695532 0.400000
162884 -22.265470 -50.543805 -4.705577 0.400000
162885 -21.945202 -50.264593 -4.735711 0.400000
162886 -22.208574 -49.479706 -4.745756 0.400000
162887 -22.442580 -48.731198 -4.752148 0.600000
162888 -22.612350 -47.954497 -4.712882 0.600000
162889 -23.103304 -47.400620 -4.665397 0.500000
162890 -23.612612 -46.854928 -4.648047 0.500000
162891 -24.143944 -46.313783 -4.655352 0.500000
162892 -24.365103 -47.315128 -4.649873 0.600000
162893 -24.507342 -46.595724 -4.651699 0.400000
162894 -24.689959 -45.769001 -4.690966 0.500000
162895 -25.249738 -45.275150 -4.735711 0.500000
162896 -25.796671 -44.815859 -4.786849 0.600000
162897 -26.276613 -44.373848 -4.836160 0.600000
162898 -22.694022 -53.021246 -6.341068 0.500000
162899 -23.128081 -52.575598 -6.064377 0.500000
162900 -23.496068 -52.100846 -5.798644 0.600000
162901 -23.976928 -51.399632 -6.050679 0.500000
162902 -23.974175 -51.383261 -5.795904 0.500000
162903 -23.874148 -51.519684 -5.558479 0.500000
162904 -24.251311 -50.871220 -5.336579 0.500000
162905 -24.592685 -50.287330 -5.147552 0.500000
162906 -24.919376 -49.590663 -4.956699 0.500000
162907 -26.343603 -49.645232 -6.088119 0.600000
162908 -26.198611 -49.435141 -5.968494 0.600000
162909 -26.060042 -49.287804 -5.693629 0.600000
162910 -27.200708 -48.429249 -5.712806 0.600000
162911 -26.518878 -48.756664 -5.589527 0.600000
162912 -25.861825 -49.155019 -5.484512 0.600000
162913 -25.671867 -49.104088 -5.216040 0.600000
162914 -25.516781 -49.000406 -5.031579 0.500000
162915 -25.277268 -48.887630 -4.854424 0.500000
162916 -25.596618 -48.160950 -4.799633 0.600000
162917 -25.910462 -47.371516 -4.795981 0.600000
162918 -26.177504 -46.725781 -4.828855 0.800000
162919 -27.102518 -46.427469 -5.070845 0.800000
162920 -26.805192 -46.211921 -4.941175 0.800000
162921 -26.367463 -46.038209 -4.847118 0.700000
162922 -26.614316 -45.298796 -4.861729 0.700000
162923 -26.802439 -44.560293 -4.890037 0.600000
162924 -26.829051 -43.893639 -4.961265 0.600000
162925 -27.407185 -43.411612 -5.121070 0.600000
162926 -27.962376 -42.960506 -5.291833 0.600000
162927 -28.463425 -42.564880 -5.532911 0.600000
162928 -28.885554 -43.529845 -5.591354 0.700000
162929 -28.893813 -42.864101 -5.614183 0.700000
162930 -28.939696 -42.171072 -5.793165 0.600000
162931 -29.395779 -41.772717 -6.060724 0.600000
162932 -29.865627 -41.364357 -6.305454 0.700000
162933 -30.288674 -40.955998 -6.615933 0.700000
162934 -30.073021 -44.838596 -6.516397 0.700000
162935 -30.345570 -44.117373 -6.564795 0.700000
162936 -30.501574 -43.369775 -6.616846 0.700000
162937 -31.043918 -43.408883 -7.286201 0.700000
162938 -30.890667 -42.980515 -6.993986 0.700000
162939 -30.614447 -42.715854 -6.670723 0.700000
162940 -30.707132 -41.960981 -6.747430 0.700000
162941 -30.736498 -41.240667 -6.827789 0.700000
162942 -30.665837 -40.564009 -6.960199 0.700000
162943 -31.000787 -40.163835 -7.356516 0.700000
162944 -31.364185 -39.758204 -7.790272 0.600000
162945 -31.661511 -39.357121 -8.215811 0.600000
162946 -31.998296 -40.319357 -8.457801 0.700000
162947 -31.963425 -39.675441 -8.459628 0.700000
162948 -31.905612 -38.961494 -8.635870 0.500000
162949 -32.149712 -38.547678 -9.137201 0.500000
162950 -32.390142 -38.098391 -9.645838 0.500000
162951 -32.614054 -37.650014 -10.135299 0.600000
162952 -26.719848 -58.092543 -5.258046 0.400000
162953 -26.944678 -57.407700 -5.433375 0.500000
162954 -27.232827 -56.695572 -5.706413 0.500000
162955 -28.040378 -56.793797 -6.207745 0.500000
162956 -27.827478 -56.391804 -6.064377 0.500000
162957 -27.498034 -55.992539 -5.962102 0.500000
162958 -27.723781 -55.345894 -6.258883 0.500000
162959 -27.958705 -54.703796 -6.601322 0.600000
162960 -28.147746 -54.057152 -6.947414 0.600000
162961 -28.814893 -55.427748 -8.838594 0.600000
162962 -28.880965 -55.196738 -8.478804 0.600000
162963 -28.879130 -54.871142 -8.161933 0.600000
162964 -28.850682 -53.727008 -9.359102 0.700000
162965 -28.939696 -54.187208 -8.623085 0.700000
162966 -28.817646 -54.524628 -7.940033 0.700000
162967 -28.696513 -54.184480 -7.688910 0.700000
162968 -28.544180 -53.836146 -7.498970 0.700000
162969 -28.354222 -53.440520 -7.377519 0.600000
162970 -28.465260 -52.823888 -7.708087 0.600000
162971 -28.579969 -52.204527 -8.052353 0.700000
162972 -28.710278 -51.454201 -8.434972 0.800000
162973 -28.822234 -51.445106 -9.315270 0.700000
162974 -28.807552 -51.114053 -9.047711 0.700000
162975 -28.833247 -50.814832 -8.652307 0.800000
162976 -29.042476 -50.038131 -8.908908 0.700000
162977 -29.279235 -49.315089 -9.107067 0.800000
162978 -29.464605 -48.586590 -9.272351 0.800000
162979 -25.249738 -51.078583 -13.379800 0.700000
162980 -25.404825 -50.809375 -13.098543 0.700000
162981 -25.722339 -50.536529 -12.821851 0.700000
162982 -24.986367 -49.053157 -13.274785 0.800000
162983 -25.433273 -49.642504 -12.961567 0.800000
162984 -26.083902 -50.317343 -12.632825 0.700000
162985 -26.406922 -50.066325 -12.460235 0.700000
162986 -26.848323 -49.868057 -12.193589 0.700000
162987 -27.082329 -49.533365 -12.069398 0.700000
162988 -24.500918 -45.224218 -14.006236 0.900000
162989 -24.929471 -46.007286 -13.585263 0.800000
162990 -25.371789 -46.730328 -13.150593 0.800000
162991 -26.019665 -45.675324 -13.141462 0.800000
162992 -25.821448 -46.410189 -13.010878 0.800000
162993 -25.924227 -47.443365 -12.772540 0.800000
162994 -26.384898 -48.110929 -12.438319 0.800000
162995 -26.906136 -48.774854 -12.113230 0.800000
162996 -27.415444 -49.375115 -11.769877 0.700000
162997 -27.724699 -49.142286 -11.517841 0.700000
162998 -28.047719 -48.958570 -11.227453 0.800000
162999 -28.373493 -48.692090 -10.937064 0.800000
163000 -28.226665 -47.239640 -11.513276 0.900000
163001 -28.493708 -47.848087 -11.086824 0.900000
163002 -28.809387 -48.517469 -10.569969 0.800000
163003 -29.158102 -48.249171 -10.208352 0.800000
163004 -29.443498 -48.143670 -9.739895 0.800000
163005 -29.717882 -47.742586 -9.472336 0.800000
163006 -29.928947 -47.076842 -9.486946 0.800000
163007 -30.216178 -46.301050 -9.628488 0.800000
163008 -30.506162 -45.610750 -9.664102 0.800000
163009 -30.130834 -45.346089 -10.563576 0.800000
163010 -30.497903 -45.084157 -10.157215 0.800000
163011 -30.753933 -45.004123 -9.696063 0.800000
163012 -31.083378 -44.272895 -9.762724 0.700000
163013 -31.335737 -43.534392 -9.865000 0.700000
163014 -31.683535 -42.811350 -9.944446 0.700000
163015 -29.571055 -43.045089 -12.492196 0.700000
163016 -30.140929 -42.963235 -12.101359 0.700000
163017 -30.634636 -42.853187 -11.768051 0.700000
163018 -30.993446 -41.636294 -12.413663 0.700000
163019 -31.051259 -42.162887 -11.870326 0.700000
163020 -31.091637 -42.628544 -11.368994 0.700000
163021 -31.431175 -42.552147 -10.868576 0.700000
163022 -31.734925 -42.289305 -10.524310 0.700000
163023 -31.902859 -42.191990 -9.980973 0.700000
163024 -32.162560 -41.441664 -10.036676 0.700000
163025 -32.375459 -40.809571 -10.093293 0.700000
163026 -32.576430 -40.041964 -10.193742 0.700000
163027 -32.659938 -39.829144 -11.179968 0.700000
163028 -32.738857 -39.572669 -10.722468 0.700000
163029 -32.728763 -39.378948 -10.229355 0.700000
163030 -32.788412 -38.712295 -10.264969 0.600000
163031 -32.871920 -37.916494 -10.476825 0.600000
163032 -32.803095 -37.205275 -10.580014 0.600000
163033 -32.942581 -36.797825 -10.982723 0.600000
163034 -33.107762 -36.301246 -11.461225 0.600000
163035 -33.277531 -35.768287 -11.956164 0.600000
163036 -33.397746 -36.751442 -12.335131 0.600000
163037 -33.447300 -36.059322 -12.368005 0.600000
163038 -33.379392 -35.273526 -12.410011 0.600000
163039 -33.475748 -34.831516 -12.813633 0.400000
163040 -33.569350 -34.353126 -13.231866 0.400000
163041 -33.628999 -33.939309 -13.604440 0.400000
163042 -32.632408 -37.604540 -14.271056 0.700000
163043 -33.008653 -36.894231 -14.343196 0.700000
163044 -33.309649 -36.269414 -14.261011 0.700000
163045 -32.992135 -35.969283 -15.232626 0.600000
163046 -33.339932 -35.796481 -14.698420 0.600000
163047 -33.548244 -35.543644 -14.218092 0.600000
163048 -33.686812 -34.913369 -14.126775 0.600000
163049 -33.773074 -34.137577 -14.068332 0.500000
163050 -33.714343 -33.462738 -13.975188 0.300000
163051 -33.766650 -32.947059 -14.378810 0.300000
163052 -33.743708 -32.339522 -14.869184 0.300000
163053 -33.748296 -31.787464 -15.228060 0.300000
163054 -33.778580 -32.840650 -15.824362 0.300000
163055 -33.862088 -31.958448 -15.695604 0.300000
163056 -33.748296 -31.316350 -15.515710 0.300000
163057 -33.740037 -30.867064 -15.781443 0.300000
163058 -33.726272 -30.082177 -16.241681 0.300000
163059 -33.707001 -29.412795 -16.625214 0.300000
163060 -27.431044 -37.479940 -17.263521 0.800000
163061 -28.054143 -37.005188 -17.387713 0.800000
163062 -28.687337 -36.662312 -17.521949 0.800000
163063 -28.016519 -35.969283 -18.355675 0.700000
163064 -28.651547 -35.920171 -18.138340 0.700000
163065 -29.385685 -36.155728 -17.772158 0.700000
163066 -30.029890 -35.738274 -17.823296 0.600000
163067 -30.653907 -35.137103 -17.984927 0.600000
163068 -31.269665 -34.651437 -18.047936 0.600000
163069 -28.527662 -33.574605 -20.424924 0.500000
163070 -28.894731 -33.717395 -20.058741 0.500000
163071 -29.427898 -33.671920 -19.759221 0.600000
163072 -30.037232 -32.686037 -20.198457 0.600000
163073 -29.975748 -33.284479 -19.715389 0.600000
163074 -29.971159 -33.844723 -19.295329 0.600000
163075 -30.573152 -33.970232 -18.908144 0.600000
163076 -31.187075 -33.984784 -18.462516 0.600000
163077 -31.818433 -34.051176 -17.962098 0.600000
163078 -32.335082 -33.383613 -17.910960 0.500000
163079 -32.822366 -32.878848 -17.779464 0.400000
163080 -33.192187 -31.952991 -17.690886 0.300000
163081 -32.715916 -31.501885 -18.573923 0.500000
163082 -33.207788 -31.543722 -17.998625 0.500000
163083 -33.506949 -31.391837 -17.389539 0.300000
163084 -33.691401 -30.495993 -17.286351 0.300000
163085 -33.740955 -29.837525 -17.027923 0.300000
163086 -33.682224 -28.815262 -16.948477 0.300000
163087 -33.642764 -28.398717 -17.202339 0.300000
163088 -33.578527 -27.929422 -17.452548 0.300000
163089 -33.536314 -27.417381 -17.745676 0.300000
163090 -33.573021 -28.212273 -18.629627 0.300000
163091 -33.612481 -27.662943 -18.235136 0.300000
163092 -33.537232 -27.038125 -17.972143 0.300000
163093 -33.547326 -26.395118 -18.305451 0.300000
163094 -33.557421 -25.842151 -18.560226 0.300000
163095 -33.571186 -25.245527 -18.860659 0.300000
163096 -32.279104 -28.642460 -20.869638 0.400000
163097 -32.710410 -28.009457 -20.679699 0.400000
163098 -33.017830 -27.431024 -20.283382 0.400000
163099 -32.980205 -26.931715 -21.170072 0.400000
163100 -33.185764 -26.963547 -20.750013 0.300000
163101 -33.440876 -26.841676 -20.133622 0.300000
163102 -33.557421 -26.545184 -19.543712 0.300000
163103 -33.644600 -25.703909 -19.402171 0.300000
163798 -28.609335 -26.284161 -17.593176 0.300000
163799 -28.096356 -25.773030 -18.292666 0.300000
