#!ascii label, from file  /biac2/kgs/3Danat/FreesurferSegmentations/fsaverage-bkup/label/CBA/cROIs/averages/label/MPM_lh.FG1.label 
414
351 -27.697169 -61.866912 -12.216418 0.600000
830 -26.909807 -67.072813 -11.589069 0.600000
1782 -26.261013 -67.697631 -6.428733 0.700000
1783 -28.055061 -61.738675 -6.909974 0.600000
1785 -27.143813 -57.596873 -12.578948 0.500000
1786 -29.624280 -50.835750 -14.733121 0.400000
3327 -24.526613 -62.444436 -4.229814 0.500000
3927 -26.983220 -64.525342 -12.159802 0.600000
3928 -26.598716 -67.569393 -8.999312 0.800000
3929 -27.559518 -64.873675 -9.245869 0.500000
3930 -27.284217 -64.847300 -6.463433 0.600000
3931 -28.166099 -62.101560 -9.489686 0.600000
3932 -28.311091 -59.603200 -9.923443 0.600000
3933 -27.614578 -59.737804 -12.293125 0.600000
3935 -30.745674 -53.160398 -14.150517 0.400000
6102 -29.394862 -63.641321 -13.784335 0.500000
6103 -29.521500 -60.905585 -13.850083 0.400000
6104 -29.201233 -58.733731 -14.006236 0.500000
7997 -24.979025 -66.976408 -4.583211 0.500000
7998 -26.168328 -63.844136 -4.640741 0.600000
7999 -27.220897 -60.656386 -5.264438 0.600000
8001 -28.593734 -59.092069 -7.702608 0.500000
8002 -28.131228 -57.172143 -10.574535 0.500000
8004 -28.540509 -56.766512 -14.347762 0.500000
8005 -27.799030 -54.680150 -14.576055 0.500000
8006 -26.657447 -52.049915 -14.874663 0.500000
11007 -25.220373 -60.731873 -4.533900 0.400000
11008 -23.721815 -61.586791 -4.623391 0.500000
11607 -27.335606 -63.192944 -12.128754 0.600000
11608 -27.181437 -64.745437 -10.640283 0.600000
11609 -27.670556 -63.394850 -10.724295 0.500000
11610 -27.946776 -63.489436 -9.331707 0.500000
11611 -27.980729 -62.068818 -10.857618 0.600000
11612 -28.020189 -60.931051 -10.977244 0.600000
11613 -27.703593 -60.773710 -12.261164 0.600000
14010 -29.538936 -62.281638 -13.739590 0.400000
17537 -26.926325 -68.315172 -11.179968 0.500000
17539 -26.606975 -68.672600 -9.891482 0.600000
17540 -26.477583 -67.656704 -7.719958 0.700000
17546 -25.775564 -67.463893 -5.322881 0.500000
17547 -27.662297 -63.252970 -6.619586 0.600000
17548 -26.810698 -64.321617 -5.377671 0.600000
17549 -27.310829 -62.803684 -5.623315 0.700000
17550 -26.711589 -62.190690 -4.928391 0.600000
17551 -27.808207 -61.280294 -5.948404 0.600000
17552 -28.094521 -59.897874 -6.331936 0.500000
17553 -28.375328 -60.429014 -7.254240 0.500000
17554 -27.777006 -58.525459 -11.358036 0.400000
17555 -28.312927 -58.437239 -10.210179 0.500000
17556 -27.564106 -57.424980 -11.566240 0.400000
17558 -26.835475 -56.365428 -12.765235 0.400000
17560 -28.939696 -57.706012 -14.194349 0.500000
17561 -30.007866 -56.147152 -14.071071 0.300000
17562 -30.183142 -52.049005 -14.397074 0.400000
17563 -29.184715 -54.023501 -14.537702 0.400000
17564 -28.616676 -52.772047 -14.789738 0.500000
17565 -27.245674 -53.443248 -14.692028 0.500000
17566 -28.028448 -51.518775 -15.026249 0.500000
17567 -27.535659 -50.204567 -15.160486 0.500000
24419 -23.909938 -64.052409 -4.019784 0.500000
25499 -26.914395 -65.760424 -12.015520 0.700000
25500 -26.619822 -67.381129 -10.327978 0.700000
25501 -26.863923 -66.016900 -10.563576 0.700000
25502 -26.960278 -66.206982 -9.111633 0.800000
25503 -27.056634 -66.250638 -7.794838 0.700000
25504 -26.874935 -66.290655 -6.485349 0.600000
25505 -27.573283 -64.968262 -7.849629 0.600000
25506 -27.922916 -63.510355 -7.959209 0.600000
25507 -28.181700 -62.031530 -8.090706 0.600000
25508 -28.404694 -60.668209 -8.424927 0.700000
25509 -28.265208 -60.897400 -9.629401 0.700000
25510 -27.996330 -59.770546 -11.099609 0.600000
25511 -27.418197 -58.684619 -12.413663 0.500000
25515 -31.910200 -51.325054 -14.645456 0.300000
25516 -31.409151 -50.103614 -14.752298 0.300000
29593 -27.964211 -66.578962 -12.737840 0.500000
29595 -29.430651 -64.825472 -13.622703 0.600000
29596 -27.933928 -65.241108 -13.151507 0.700000
29597 -27.965129 -64.008753 -13.330488 0.600000
29598 -27.999083 -62.709097 -13.302180 0.600000
29599 -28.052308 -61.382156 -13.278438 0.600000
29600 -27.987153 -60.358984 -13.368842 0.600000
29601 -29.379261 -59.860585 -13.875652 0.500000
34313 -26.324332 -68.967274 -8.698879 0.500000
34322 -26.303225 -65.965059 -5.299139 0.600000
34323 -25.531464 -65.391173 -4.515637 0.500000
34324 -24.764290 -64.765446 -4.120233 0.500000
34325 -25.335082 -63.171116 -4.260862 0.600000
34326 -25.965522 -61.524946 -4.566774 0.400000
34327 -26.527137 -59.949715 -4.888211 0.600000
34329 -27.609072 -59.259415 -5.662581 0.500000
34330 -28.392764 -58.519093 -6.832355 0.400000
34332 -28.539592 -59.416756 -8.790196 0.600000
34333 -28.572628 -58.218962 -9.196558 0.500000
34338 -27.763241 -59.298522 -13.473856 0.600000
34339 -27.474175 -58.450881 -13.552389 0.500000
34340 -27.264028 -57.428618 -13.657404 0.500000
34341 -29.634374 -55.060315 -14.266490 0.300000
34342 -28.205559 -55.807913 -14.429948 0.500000
34343 -27.002491 -56.335415 -13.789814 0.500000
34344 -26.771238 -55.062134 -13.966056 0.400000
34345 -26.348191 -53.721551 -14.021760 0.500000
34347 -26.127033 -50.699327 -14.923061 0.500000
41727 -25.541558 -59.908788 -4.733885 0.400000
41728 -24.813844 -60.311691 -4.698271 0.400000
42327 -27.568695 -62.536295 -12.162541 0.600000
42328 -27.463163 -63.332095 -11.443875 0.600000
42329 -27.630179 -62.662713 -11.497752 0.600000
42330 -27.877033 -62.723649 -10.815612 0.600000
42331 -27.809125 -62.013340 -11.564413 0.600000
42332 -27.888962 -61.436725 -11.598201 0.600000
42333 -27.721028 -61.338501 -12.241987 0.600000
48257 -26.866676 -67.744015 -11.394563 0.500000
48258 -26.682224 -68.508893 -10.487783 0.500000
48259 -26.746461 -67.887713 -10.710597 0.500000
48260 -26.392240 -67.674894 -7.058821 0.700000
48261 -26.126115 -68.363375 -7.035079 0.700000
48262 -25.977452 -68.367013 -6.411382 0.700000
48264 -25.732434 -68.296073 -5.848868 0.700000
48265 -25.460803 -68.151464 -5.310097 0.500000
48266 -26.055454 -67.612139 -5.860739 0.700000
48267 -27.870609 -62.492639 -6.738298 0.600000
48268 -27.516388 -63.041060 -6.076248 0.600000
48269 -27.760488 -62.273453 -6.224182 0.600000
48270 -27.534741 -62.058814 -5.739288 0.600000
48271 -27.965129 -61.528583 -6.413209 0.600000
48272 -28.112874 -60.871934 -6.546532 0.600000
48273 -28.232172 -61.073840 -7.088043 0.600000
48274 -27.467751 -58.069806 -11.946119 0.500000
48275 -27.686157 -57.969763 -11.462138 0.400000
48276 -27.310829 -57.454993 -12.069398 0.400000
48277 -27.141060 -56.774697 -12.201807 0.400000
48278 -26.972208 -56.998431 -12.653828 0.400000
48282 -29.901416 -51.425098 -14.561445 0.400000
48283 -29.355402 -52.403705 -14.606190 0.400000
48284 -29.057158 -51.821634 -14.755037 0.400000
48285 -28.329445 -52.161782 -14.913016 0.500000
56057 -24.215522 -63.267522 -4.113841 0.500000
56058 -23.416230 -63.752278 -4.128452 0.500000
56059 -23.721815 -62.936469 -4.220682 0.500000
56060 -23.339146 -61.136595 -5.038884 0.500000
56061 -22.982171 -62.017887 -4.835247 0.500000
57857 -26.954772 -65.120146 -12.140625 0.700000
57858 -26.828134 -65.916856 -11.297767 0.700000
57859 -26.894206 -65.265664 -11.363515 0.700000
57860 -27.356713 -64.795459 -9.859521 0.600000
57861 -27.104353 -65.462113 -9.844910 0.700000
57862 -27.273205 -65.525777 -9.235824 0.500000
57863 -27.048375 -66.250638 -8.477891 0.700000
57864 -27.351207 -65.551242 -8.517157 0.600000
57865 -27.331936 -65.596717 -7.831365 0.600000
57866 -27.623755 -64.879132 -8.538160 0.500000
57867 -28.100027 -62.761847 -9.443114 0.500000
57868 -27.995412 -63.535820 -8.676049 0.600000
57869 -28.090850 -62.823692 -8.706184 0.500000
57870 -28.046802 -62.773671 -7.996649 0.600000
57871 -28.194547 -62.078823 -8.757322 0.600000
57872 -28.278055 -61.451277 -8.814852 0.600000
57873 -28.196382 -61.547683 -9.527126 0.700000
57874 -27.865103 -60.302596 -11.683126 0.600000
57875 -28.031201 -60.365350 -11.011944 0.600000
57876 -27.812796 -59.755994 -11.713260 0.600000
57877 -27.707263 -59.263962 -11.782661 0.500000
57878 -27.537494 -59.237587 -12.332391 0.500000
57885 -31.648663 -50.672952 -14.681070 0.300000
65054 -28.798375 -66.856356 -12.963393 0.400000
65055 -28.065155 -67.154667 -12.536029 0.500000
65056 -28.718538 -66.247909 -13.119546 0.500000
65062 -29.400368 -64.291604 -13.707629 0.500000
65063 -28.692843 -65.075581 -13.430937 0.700000
65064 -28.694678 -64.407108 -13.577958 0.700000
65065 -27.963294 -64.610833 -13.301267 0.700000
65066 -28.705690 -63.789567 -13.628183 0.600000
65067 -29.549948 -61.594976 -13.792554 0.400000
65068 -28.734138 -62.472631 -13.598048 0.500000
65069 -28.755244 -61.818710 -13.612659 0.500000
65070 -28.089932 -62.081551 -13.268393 0.500000
65071 -28.746985 -61.131138 -13.620877 0.500000
65072 -28.684584 -60.561799 -13.626356 0.500000
65073 -29.433404 -60.428105 -13.839125 0.400000
75655 -26.596880 -67.506639 -9.665015 0.600000
75656 -26.484924 -68.179659 -9.514342 0.700000
75657 -26.401416 -68.278793 -8.915301 0.700000
75677 -27.098847 -65.573980 -6.486262 0.600000
75678 -26.613399 -66.187883 -5.836084 0.600000
75679 -26.824463 -65.418457 -5.834257 0.600000
75680 -26.469324 -64.144267 -4.960352 0.600000
75681 -26.181175 -64.898231 -4.861729 0.600000
75682 -25.842554 -64.637208 -4.551250 0.600000
75683 -25.140535 -65.081038 -4.269080 0.500000
75684 -25.469062 -64.314341 -4.333915 0.600000
75685 -25.096487 -63.974193 -4.170458 0.500000
75686 -25.824201 -63.476704 -4.408796 0.600000
75687 -26.968538 -61.418536 -5.096414 0.600000
75688 -26.375722 -61.855089 -4.724753 0.500000
75689 -26.646435 -61.065655 -4.895516 0.600000
75690 -26.321579 -60.712774 -4.749409 0.500000
75691 -26.947431 -60.256212 -5.099154 0.600000
75692 -27.134636 -59.656860 -5.242522 0.600000
75693 -27.424620 -59.954262 -5.465336 0.500000
75694 -28.411117 -59.533170 -6.999465 0.600000
75695 -28.213818 -59.248501 -6.534661 0.500000
75696 -28.483614 -58.842870 -7.228671 0.500000
75698 -28.654301 -58.476347 -7.910811 0.400000
75699 -28.420294 -60.244388 -9.124417 0.700000
75700 -28.465260 -60.108875 -8.551858 0.700000
75701 -28.486367 -59.557726 -9.378279 0.600000
75702 -28.227583 -57.775133 -10.413816 0.500000
75703 -28.465260 -58.325372 -9.708847 0.500000
75704 -28.431306 -57.690550 -9.892395 0.500000
75705 -28.560698 -57.590507 -9.387411 0.500000
75706 -28.354222 -57.017530 -10.085987 0.400000
75708 -28.078003 -56.541869 -10.755343 0.400000
75714 -28.562533 -59.475872 -13.765158 0.500000
75715 -27.865103 -59.765999 -13.422719 0.600000
75716 -28.463425 -58.992935 -13.849170 0.500000
75717 -28.736891 -57.271277 -14.282014 0.500000
75718 -28.158758 -58.053435 -13.998017 0.500000
75719 -27.972470 -57.618701 -14.063766 0.500000
75720 -27.373231 -57.942478 -13.608093 0.500000
75721 -27.809125 -57.115755 -14.142298 0.500000
75722 -31.025564 -53.714275 -14.049155 0.400000
75723 -30.390535 -54.692883 -14.071984 0.300000
75724 -30.184059 -54.139005 -14.186131 0.400000
75725 -28.468931 -54.367286 -14.594319 0.500000
75726 -28.713949 -54.934806 -14.482912 0.400000
75727 -28.047719 -55.311333 -14.489304 0.400000
75728 -27.522811 -56.093492 -14.231789 0.500000
75729 -27.382407 -55.520515 -14.308496 0.400000
75730 -26.863923 -55.723331 -13.879305 0.400000
75731 -27.173178 -54.882056 -14.340457 0.400000
75732 -26.944678 -52.732939 -14.797043 0.500000
75733 -26.712507 -53.585128 -14.435427 0.500000
75734 -26.406922 -52.942121 -14.459169 0.500000
75736 -26.121526 -52.224536 -14.538615 0.500000
75737 -25.853566 -51.502404 -14.614409 0.500000
75738 -26.350027 -51.346882 -14.891100 0.500000
93539 -24.856057 -61.603161 -4.370442 0.500000
93540 -24.116414 -61.986965 -4.385966 0.500000
93541 -24.492659 -61.137504 -4.530247 0.500000
93542 -24.056765 -60.720050 -4.779544 0.400000
94619 -27.145648 -63.814123 -12.145191 0.700000
94620 -27.036445 -64.597191 -11.393650 0.600000
94621 -27.211721 -63.945999 -11.393650 0.600000
94622 -27.403514 -64.067870 -10.673157 0.400000
94623 -27.602649 -64.106978 -9.958143 0.500000
94624 -27.780677 -64.226121 -9.230345 0.500000
94625 -27.825643 -63.421225 -10.037589 0.400000
94626 -27.980729 -62.750933 -10.115209 0.600000
94627 -28.065155 -62.125207 -10.140778 0.700000
94628 -28.136734 -61.567691 -10.199221 0.600000
94629 -28.022025 -61.489476 -10.917887 0.600000
94630 -27.866938 -60.884667 -11.624683 0.600000
94631 -27.643026 -60.238022 -12.274861 0.600000
98944 -29.478370 -62.964663 -13.744155 0.400000
105293 -27.171343 -68.770825 -10.913321 0.500000
105295 -26.829051 -69.010020 -10.241227 0.400000
105296 -26.664788 -69.192827 -9.653144 0.500000
105297 -26.518878 -69.349258 -9.096109 0.500000
105298 -26.568433 -67.618505 -8.397532 0.700000
105299 -26.400499 -68.291525 -8.287038 0.600000
105300 -26.271107 -68.344276 -7.637773 0.700000
105310 -25.378212 -67.300185 -4.885471 0.500000
105311 -27.460410 -64.041495 -6.516397 0.700000
105312 -27.054799 -64.641756 -5.872611 0.600000
105313 -27.282381 -63.835041 -5.960275 0.700000
105314 -27.044704 -63.599484 -5.484512 0.700000
105315 -26.785003 -63.321181 -5.081804 0.600000
105316 -26.434453 -63.051973 -4.765846 0.600000
105317 -27.021762 -62.546299 -5.213300 0.600000
105318 -27.275040 -61.775964 -5.363061 0.600000
105319 -27.510882 -60.974706 -5.569437 0.600000
105320 -27.688910 -60.278039 -5.759377 0.600000
105321 -27.960541 -60.611821 -6.126473 0.500000
105322 -28.272549 -60.251664 -6.718208 0.500000
105323 -28.465260 -59.774184 -7.462444 0.600000
105324 -28.130310 -59.112987 -10.643022 0.400000
105325 -28.302832 -59.021129 -10.064984 0.500000
105326 -28.063320 -58.513636 -10.816525 0.400000
105327 -27.958705 -57.938840 -10.890492 0.400000
105328 -27.865103 -57.312204 -11.029294 0.400000
105329 -27.784348 -56.661012 -11.189099 0.400000
105330 -27.409938 -56.816534 -11.686778 0.400000
105331 -27.010750 -56.240829 -12.287646 0.400000
105332 -26.695989 -55.713327 -12.832810 0.400000
105333 -29.808732 -57.927017 -14.108511 0.400000
105334 -29.058076 -58.195315 -14.106685 0.500000
105335 -29.652727 -57.392239 -14.127688 0.400000
105336 -29.441663 -56.901116 -14.194349 0.400000
105337 -29.259964 -56.429092 -14.253706 0.400000
105338 -30.465785 -52.633805 -14.268316 0.400000
105339 -29.952806 -53.649702 -14.315801 0.400000
105340 -29.669245 -53.054897 -14.458256 0.400000
105341 -28.901154 -53.353209 -14.660067 0.400000
105342 -28.199135 -53.787944 -14.721250 0.500000
105343 -27.538412 -54.113540 -14.650935 0.500000
105344 -27.897221 -53.143118 -14.854573 0.500000
105345 -27.606319 -52.488287 -14.969633 0.500000
105346 -27.310829 -51.792530 -15.036294 0.500000
105347 -27.053881 -51.124057 -15.075561 0.500000
105348 -27.768747 -50.852121 -15.102956 0.500000
118420 -23.374935 -62.427156 -4.503765 0.500000
120935 -26.942843 -66.387061 -11.813709 0.600000
120936 -26.778579 -67.227426 -10.964459 0.600000
120937 -26.776744 -66.576234 -11.178141 0.600000
120938 -26.742790 -66.689010 -10.474999 0.700000
120939 -26.757473 -66.794511 -9.770943 0.700000
120940 -27.012586 -65.375712 -10.590058 0.700000
120941 -26.913477 -66.118762 -9.879610 0.700000
120942 -26.762061 -66.897283 -9.053190 0.700000
120943 -26.754720 -66.946395 -8.412143 0.700000
120944 -26.773073 -66.930024 -7.731829 0.700000
120945 -26.706083 -66.977317 -7.077998 0.700000
120946 -26.570268 -67.026430 -6.441517 0.700000
120947 -26.997903 -66.338858 -7.088956 0.600000
120948 -27.270452 -65.647648 -7.135528 0.600000
120949 -27.481516 -64.947343 -7.152878 0.500000
120950 -27.814631 -64.252496 -8.578340 0.600000
120951 -27.773336 -64.271595 -7.891635 0.500000
120952 -27.659544 -64.233396 -7.193971 0.600000
120953 -27.807289 -63.433958 -7.235977 0.600000
120954 -27.932093 -62.681812 -7.304465 0.600000
120955 -28.125722 -61.949676 -7.457878 0.600000
120956 -28.266125 -61.328496 -7.598506 0.600000
120957 -28.290902 -61.386704 -8.202113 0.600000
120958 -28.334033 -60.814637 -8.974657 0.700000
120959 -28.314762 -60.217104 -9.786467 0.700000
120960 -28.180782 -60.943784 -10.280493 0.700000
120961 -28.192712 -60.326242 -10.414729 0.700000
120962 -28.170687 -59.730529 -10.504220 0.700000
120963 -27.879786 -59.162100 -11.198231 0.500000
120964 -27.601731 -58.670977 -11.854802 0.500000
120965 -27.293393 -58.130742 -12.483065 0.500000
120970 -31.621133 -52.868453 -14.191610 0.300000
120973 -31.350420 -52.246364 -14.270143 0.300000
120974 -31.037494 -51.645193 -14.363286 0.400000
120975 -30.750263 -51.093135 -14.488391 0.300000
120976 -30.499738 -50.450128 -14.641804 0.400000
120977 -30.208836 -49.858052 -14.778780 0.400000
120978 -31.148532 -49.545189 -14.862791 0.300000
130787 -27.465916 -68.019589 -11.822841 0.500000
130788 -27.354877 -67.442065 -12.036523 0.500000
130789 -27.330100 -66.806334 -12.215505 0.500000
130795 -29.458181 -65.442104 -13.507644 0.500000
130796 -28.703855 -65.700398 -13.256521 0.600000
130797 -27.948611 -65.879567 -12.949696 0.600000
130798 -27.309911 -66.165146 -12.411837 0.700000
130799 -27.315417 -65.588531 -12.596298 0.700000
130800 -27.245674 -64.947343 -12.772540 0.700000
130801 -27.290640 -64.311612 -12.818199 0.600000
130802 -28.692843 -63.140194 -13.634575 0.500000
130803 -27.958705 -63.392121 -13.313138 0.500000
130804 -27.415444 -63.676791 -12.801762 0.600000
130805 -27.549424 -62.971029 -12.788977 0.600000
130806 -27.664133 -62.315289 -12.810893 0.600000
130807 -27.730205 -61.678649 -12.830070 0.600000
130808 -27.705428 -61.103853 -12.828244 0.600000
130809 -28.026613 -60.859201 -13.326836 0.600000
130810 -28.654301 -59.990642 -13.682973 0.600000
130811 -29.304012 -59.280333 -13.946880 0.500000
130814 -29.996854 -58.468161 -14.062853 0.300000
143987 -26.571186 -68.060516 -10.111556 0.500000
143988 -26.423440 -68.835398 -9.307965 0.600000
143989 -26.372051 -69.559350 -8.528116 0.500000
144014 -26.354615 -66.895464 -5.847955 0.600000
144015 -26.060960 -66.751765 -5.308270 0.600000
144016 -25.660855 -66.467095 -4.893690 0.600000
144017 -26.560174 -65.142883 -5.301878 0.600000
144018 -25.924227 -65.667657 -4.857163 0.600000
144019 -25.249738 -66.170603 -4.514724 0.500000
144020 -24.831280 -65.844097 -4.238946 0.500000
144023 -24.298113 -64.452583 -4.030742 0.500000
144024 -24.620215 -63.612217 -4.094664 0.500000
144025 -24.954248 -62.791860 -4.204245 0.500000
144026 -26.113267 -62.636338 -4.588691 0.600000
144027 -25.677373 -62.328932 -4.400577 0.600000
144028 -25.253409 -61.963318 -4.322957 0.500000
144029 -25.614054 -61.159332 -4.494634 0.400000
144030 -25.885685 -60.353527 -4.678181 0.400000
144031 -26.215129 -59.514980 -4.893690 0.400000
144033 -26.818957 -59.206664 -5.132028 0.500000
144036 -27.902727 -59.589558 -5.981278 0.600000
144037 -28.046802 -58.972017 -6.151128 0.500000
144042 -28.384505 -60.604545 -7.802144 0.600000
144043 -28.502885 -59.915154 -8.029524 0.600000
144044 -28.577216 -59.259415 -8.257817 0.500000
144045 -28.500132 -58.941094 -9.538084 0.500000
144046 -28.597405 -58.810128 -9.023968 0.500000
144047 -28.614841 -58.640964 -8.470586 0.500000
144048 -28.664395 -58.033427 -8.692487 0.400000
144060 -27.668721 -60.535424 -12.857465 0.600000
144061 -27.644862 -60.052487 -12.860205 0.600000
144062 -27.520976 -59.549541 -12.908603 0.600000
144063 -28.356057 -58.479075 -13.926790 0.500000
144064 -27.640273 -58.845598 -13.517689 0.500000
144065 -27.437468 -59.077517 -12.953348 0.500000
144066 -27.345701 -58.622774 -13.009052 0.500000
144067 -27.218144 -58.143475 -13.069321 0.500000
144068 -27.074987 -57.590507 -13.137809 0.500000
144070 -29.838097 -55.588727 -14.142298 0.300000
144071 -29.096618 -55.975259 -14.319454 0.300000
144072 -29.417803 -54.546455 -14.388855 0.300000
144073 -28.906660 -55.440481 -14.385202 0.400000
144074 -28.374411 -56.278118 -14.385202 0.500000
144075 -27.643026 -56.620085 -14.166954 0.500000
144076 -27.127295 -56.893840 -13.726805 0.500000
144077 -26.939172 -56.992974 -13.233692 0.500000
144078 -26.818039 -56.370885 -13.330488 0.400000
144079 -26.665706 -55.778810 -13.386192 0.400000
144080 -26.497772 -55.111246 -13.450114 0.400000
144081 -26.976797 -54.213583 -14.421729 0.400000
144082 -26.573939 -54.425494 -13.963317 0.400000
144088 -25.638831 -50.792095 -14.671025 0.500000
144090 -26.788674 -50.444671 -15.118480 0.500000
