#!ascii label, from file  /biac2/kgs/3Danat/FreesurferSegmentations/fsaverage-bkup/label/CBA/cROIs/averages/label/MPM_lh.FG2.label 
703
40 -38.959754 -58.789210 -17.178596 0.600000
446 -36.580231 -67.773118 -13.178902 0.600000
829 -32.459885 -65.618544 -14.313975 0.500000
831 -32.627819 -60.134341 -14.171520 0.500000
832 -31.700053 -55.328614 -13.793467 0.300000
833 -36.885816 -53.551477 -17.933790 0.400000
983 -36.903252 -71.316478 -12.341523 0.400000
1999 -32.642502 -68.958179 -12.224637 0.400000
2000 -37.937468 -64.097883 -15.481922 0.600000
2489 -37.546540 -61.367604 -11.558934 0.400000
2490 -38.969849 -57.165777 -14.229963 0.300000
2499 -39.170819 -51.549697 -17.052578 0.400000
2749 -35.869036 -62.634519 -15.651772 0.600000
2750 -32.648926 -62.898270 -14.349589 0.500000
2751 -35.876377 -59.348544 -15.912939 0.700000
2752 -35.312009 -56.823810 -15.894676 0.500000
2753 -38.271500 -55.866120 -17.731065 0.500000
2902 -35.332198 -74.074950 -13.156986 0.300000
2903 -38.005376 -72.799850 -12.425535 0.300000
3934 -33.738202 -52.104484 -15.892850 0.400000
3936 -32.848978 -49.599758 -15.748568 0.400000
4384 -34.743970 -70.399715 -12.874815 0.500000
4386 -34.635685 -68.648954 -13.705802 0.500000
4387 -34.998165 -67.136478 -14.790651 0.600000
4388 -37.130835 -66.301569 -14.539528 0.700000
5579 -38.041165 -59.524985 -12.988962 0.500000
6101 -29.508653 -66.064193 -13.395324 0.500000
6105 -32.383719 -57.833340 -13.924964 0.600000
6106 -34.520976 -54.295437 -15.954032 0.400000
6376 -34.917410 -72.228693 -12.725055 0.400000
6377 -36.307683 -69.357444 -12.294951 0.400000
8580 -32.573677 -67.552113 -13.477509 0.400000
8581 -35.487284 -65.015555 -15.312072 0.700000
8582 -38.656005 -61.496751 -16.387789 0.700000
10020 -36.702282 -66.639898 -11.284069 0.400000
10022 -36.604091 -63.474885 -10.603756 0.300000
10023 -37.426325 -64.754532 -12.482151 0.500000
10024 -38.068695 -62.875533 -13.709455 0.500000
10025 -39.185502 -60.740968 -15.007073 0.600000
10026 -40.216047 -58.062530 -16.168628 0.500000
10051 -37.738333 -53.781577 -13.553302 0.300000
10053 -40.047195 -54.956634 -17.732892 0.400000
10054 -39.060698 -52.478283 -18.404987 0.400000
10429 -37.600682 -60.650929 -16.594166 0.700000
10430 -35.962638 -60.947422 -15.748568 0.700000
10431 -37.523598 -59.033862 -16.823372 0.700000
10432 -37.243708 -57.694188 -16.925647 0.600000
10433 -38.665182 -57.291286 -17.456201 0.500000
10582 -37.128081 -74.419646 -12.857465 0.300000
11614 -34.346618 -50.478322 -17.006920 0.400000
11615 -33.240824 -50.839388 -15.774137 0.400000
11616 -33.992397 -49.103178 -16.945737 0.400000
11617 -33.582198 -48.024527 -16.770408 0.400000
11618 -34.576036 -47.702569 -17.663491 0.500000
12064 -35.691008 -69.210107 -13.228213 0.500000
12065 -34.660462 -69.481134 -13.230953 0.500000
12066 -35.769927 -68.405211 -13.829080 0.500000
12067 -35.881883 -67.632148 -14.420816 0.600000
12068 -36.795884 -67.109193 -13.872000 0.600000
14004 -31.068695 -66.999145 -13.423632 0.400000
14006 -30.959492 -65.757696 -13.826341 0.500000
14007 -32.660855 -61.492204 -14.194349 0.600000
14008 -30.976928 -63.172026 -13.861041 0.500000
14009 -31.026482 -61.872369 -13.887523 0.500000
14011 -31.107237 -60.549976 -13.870173 0.500000
14012 -30.932879 -59.474963 -13.896655 0.500000
14013 -32.554405 -58.972017 -14.084769 0.600000
14014 -36.164526 -55.062134 -17.075408 0.400000
14015 -34.929340 -55.501416 -15.887371 0.500000
14016 -35.632277 -53.898901 -17.130198 0.400000
14017 -35.126639 -52.849353 -17.125632 0.400000
14018 -36.276482 -52.465550 -17.900915 0.400000
14464 -36.305848 -72.777113 -12.601777 0.400000
14465 -35.120216 -73.176378 -12.909516 0.400000
14466 -35.957132 -71.805781 -12.531463 0.400000
14467 -35.751574 -70.847183 -12.560684 0.400000
14468 -36.545360 -70.369702 -12.220984 0.400000
18912 -32.583771 -69.871304 -11.902287 0.400000
18918 -32.634243 -68.218766 -12.755190 0.400000
18919 -36.492135 -65.780433 -15.333075 0.600000
18920 -35.245937 -66.150594 -15.100216 0.600000
18921 -36.963818 -64.623566 -15.681907 0.500000
18922 -37.306110 -63.364837 -15.953119 0.700000
18923 -38.366938 -62.881899 -15.920245 0.800000
22484 -36.617856 -67.683988 -10.996420 0.300000
22485 -36.592161 -66.235176 -10.514265 0.300000
22489 -37.186812 -60.968340 -10.607409 0.300000
22490 -36.628868 -62.068818 -10.155388 0.300000
22491 -37.018879 -62.366221 -11.039339 0.300000
22492 -37.059256 -63.953275 -11.516015 0.300000
22493 -37.441925 -62.888266 -12.089487 0.400000
22494 -37.712638 -63.768649 -13.156986 0.500000
22495 -37.751181 -62.023344 -12.662046 0.400000
22496 -38.493577 -58.422687 -13.673841 0.500000
22497 -38.546802 -60.134341 -14.014454 0.600000
22498 -39.241480 -58.855603 -14.670112 0.500000
22499 -39.779235 -59.448588 -15.603374 0.600000
22500 -39.856320 -57.580502 -15.291982 0.500000
22563 -37.235449 -52.000802 -13.018183 0.400000
22567 -40.004982 -54.798383 -16.911950 0.400000
22568 -39.728763 -53.275903 -17.549344 0.400000
22569 -39.646173 -53.695176 -18.219613 0.400000
22570 -39.415837 -52.036272 -17.908221 0.300000
23379 -34.032775 -64.236125 -15.057297 0.500000
23380 -32.453462 -64.402561 -14.460082 0.500000
23381 -34.235580 -62.778218 -15.007073 0.500000
23382 -34.356713 -61.230272 -14.930366 0.600000
23383 -34.275958 -59.725072 -14.886534 0.700000
23384 -34.119036 -58.460885 -14.866444 0.600000
23385 -35.600158 -58.059802 -15.949466 0.600000
23386 -36.739906 -56.274480 -17.027923 0.600000
23387 -37.633719 -54.589201 -17.898176 0.400000
23654 -34.023598 -75.487383 -13.710368 0.300000
23656 -36.699529 -73.618388 -12.714097 0.400000
23657 -37.407054 -72.096817 -12.404532 0.400000
25512 -32.875591 -53.716094 -14.505741 0.400000
25513 -31.285265 -54.289071 -13.938661 0.300000
25514 -32.394731 -52.560137 -14.558705 0.300000
26325 -33.600551 -69.547526 -12.695834 0.400000
26326 -33.571186 -68.727169 -13.031881 0.400000
26327 -33.737284 -68.053240 -13.619964 0.500000
26328 -34.670557 -67.901356 -14.233616 0.600000
26329 -36.103042 -66.829071 -15.002507 0.600000
26330 -37.498821 -65.238379 -15.029902 0.700000
28472 -37.668590 -59.888779 -11.274024 0.300000
28473 -37.832853 -60.489040 -12.234682 0.500000
28474 -37.701626 -58.847417 -11.946119 0.400000
29594 -31.011799 -64.523523 -13.922224 0.500000
29602 -30.753933 -58.248066 -13.903047 0.500000
29603 -32.091899 -56.582796 -13.805338 0.500000
29604 -34.007998 -57.303109 -14.729468 0.500000
29605 -33.705166 -56.025280 -14.583361 0.500000
29606 -33.318826 -54.781103 -14.489304 0.400000
29607 -34.124542 -53.186773 -15.981427 0.400000
29608 -34.721028 -51.747965 -17.042534 0.400000
30237 -34.794442 -71.258271 -12.673918 0.400000
30238 -35.658889 -69.949519 -12.770714 0.400000
30239 -36.348060 -68.470694 -12.643783 0.400000
36002 -32.436026 -66.696286 -14.032718 0.600000
36003 -33.757473 -67.372944 -14.212613 0.600000
36004 -33.847405 -66.460729 -14.609843 0.700000
36005 -33.900630 -65.484850 -14.886534 0.500000
36006 -35.732303 -63.846865 -15.540365 0.500000
36007 -37.493315 -62.031530 -16.253553 0.700000
36008 -38.899188 -60.100690 -16.821546 0.600000
40289 -38.323808 -71.538392 -11.829233 0.300000
40290 -37.697038 -70.873558 -11.825581 0.400000
40293 -37.101469 -70.029554 -11.716000 0.400000
40294 -36.662822 -69.037304 -11.612811 0.300000
40295 -36.516912 -68.064154 -11.784488 0.400000
40296 -36.763766 -67.174676 -12.202721 0.500000
40300 -36.290247 -61.476743 -9.375539 0.300000
40304 -37.062009 -65.669476 -11.843844 0.500000
40305 -37.129917 -66.426169 -12.821851 0.600000
40306 -37.572235 -65.555790 -13.593482 0.700000
40307 -37.912691 -64.630842 -14.312149 0.700000
40308 -38.245806 -63.620403 -14.741339 0.500000
40309 -38.120085 -61.223906 -13.250129 0.500000
40310 -38.522025 -61.870550 -14.324933 0.600000
40311 -38.838622 -62.512648 -15.295635 0.600000
40312 -39.315811 -61.175703 -15.826188 0.800000
40313 -39.685633 -59.904241 -16.425229 0.600000
40314 -39.926980 -58.563657 -16.967653 0.500000
40390 -37.882408 -52.516481 -14.241834 0.400000
40391 -38.570661 -54.132639 -14.708465 0.300000
40392 -39.360777 -55.744249 -14.997941 0.300000
40393 -40.115103 -56.166251 -16.078224 0.300000
40394 -40.338097 -56.501851 -16.986830 0.500000
40395 -39.797589 -56.729223 -17.556650 0.500000
40396 -39.447038 -55.360446 -17.988580 0.500000
40397 -38.844128 -54.093531 -18.274403 0.400000
40398 -38.062271 -52.943940 -18.422337 0.400000
40400 -38.482565 -51.335058 -18.499956 0.500000
40401 -37.446514 -51.841642 -18.408639 0.400000
41149 -38.274254 -59.682326 -16.915603 0.700000
41150 -37.641978 -59.850581 -16.744839 0.700000
41151 -38.236629 -58.874702 -17.061710 0.700000
41152 -38.153121 -58.141656 -17.163072 0.500000
41153 -38.825774 -58.043431 -17.317398 0.500000
42334 -34.631097 -49.649780 -17.462593 0.400000
42335 -34.156660 -49.781655 -16.974959 0.400000
42336 -34.464080 -49.009501 -17.437024 0.400000
42337 -34.274122 -48.385593 -17.383147 0.400000
42784 -36.152596 -68.530720 -13.249216 0.500000
42785 -35.729550 -68.813571 -13.518602 0.500000
42786 -36.256293 -68.157831 -13.577045 0.500000
42787 -36.329707 -67.784941 -13.907613 0.600000
42788 -36.705952 -67.443884 -13.511296 0.600000
44724 -31.688123 -66.327944 -13.887523 0.500000
44725 -31.019141 -66.374328 -13.680233 0.500000
44726 -31.686288 -65.688575 -14.050068 0.500000
44727 -32.662691 -60.763705 -14.194349 0.600000
44728 -31.786314 -61.689563 -13.970622 0.500000
44729 -31.815680 -60.998353 -13.976101 0.500000
44730 -31.099896 -61.212992 -13.884784 0.500000
44731 -31.844128 -60.330790 -13.966056 0.500000
44732 -31.863399 -59.835120 -13.920398 0.600000
44733 -32.603042 -59.559545 -14.139559 0.600000
44734 -36.549031 -54.277247 -17.587697 0.400000
44735 -35.902072 -54.467330 -17.111021 0.400000
44736 -36.239775 -53.801586 -17.587697 0.400000
44737 -35.939697 -53.206782 -17.576739 0.400000
44738 -36.558207 -53.032160 -17.908221 0.400000
45184 -36.627033 -72.031334 -12.490370 0.400000
45185 -36.111301 -72.275076 -12.576208 0.400000
45186 -36.438910 -71.579319 -12.438319 0.400000
45187 -36.291165 -71.133671 -12.363439 0.400000
45188 -36.732565 -70.845364 -12.259337 0.400000
48279 -31.038412 -56.346329 -13.839125 0.300000
49632 -32.586524 -69.406556 -12.021913 0.400000
49637 -32.157054 -68.696247 -12.111403 0.400000
49638 -32.649843 -68.569828 -12.467541 0.400000
49639 -37.270321 -64.966443 -15.450874 0.700000
49640 -36.751836 -65.177443 -15.507491 0.600000
49641 -37.521763 -64.331621 -15.651772 0.600000
49642 -37.728239 -63.715899 -15.829841 0.700000
49643 -38.175145 -63.476704 -15.705649 0.800000
53209 -37.363005 -61.155694 -11.035687 0.300000
53210 -37.078527 -61.655912 -10.775432 0.300000
53211 -37.267568 -61.835990 -11.275851 0.300000
53212 -37.242790 -62.599959 -11.519668 0.300000
53213 -37.449267 -62.114293 -11.788140 0.300000
53214 -37.571317 -62.408057 -12.392660 0.500000
53215 -37.644731 -61.685015 -12.084008 0.300000
53216 -38.741348 -57.794232 -13.956011 0.400000
53217 -38.849634 -58.630959 -14.151430 0.500000
53218 -39.190090 -58.029789 -14.465561 0.500000
53219 -39.580100 -58.213505 -14.982417 0.500000
53220 -39.425014 -57.423161 -14.770561 0.500000
53282 -37.022549 -51.730685 -12.404532 0.400000
53287 -39.493839 -53.171312 -17.019704 0.300000
53288 -39.375460 -52.428261 -17.271740 0.400000
53289 -39.562665 -52.673823 -17.748416 0.400000
53290 -39.302046 -51.785254 -17.463506 0.300000
54324 -34.948611 -63.473975 -15.342207 0.700000
54325 -34.133719 -63.504898 -15.037207 0.600000
54326 -35.027531 -62.678174 -15.354991 0.600000
54327 -35.949791 -60.122517 -15.830754 0.700000
54328 -35.184453 -61.086573 -15.332162 0.700000
54329 -35.147746 -60.326242 -15.330336 0.700000
54330 -34.343865 -60.475398 -14.907537 0.600000
54331 -35.059649 -59.596834 -15.369602 0.700000
54332 -34.966965 -58.962012 -15.380560 0.700000
54333 -35.769010 -58.700080 -15.959511 0.700000
54334 -37.822759 -56.733770 -17.359404 0.500000
54335 -37.031726 -56.940224 -16.982264 0.600000
54336 -37.571317 -56.042561 -17.456201 0.500000
54337 -37.184059 -55.405011 -17.521949 0.400000
54338 -37.976010 -55.213109 -17.825122 0.400000
54784 -37.639225 -73.550177 -12.609995 0.300000
54785 -36.928029 -73.992187 -12.792630 0.300000
54786 -37.372182 -73.201843 -12.587166 0.300000
54787 -37.100551 -72.861695 -12.539681 0.400000
54788 -37.695203 -72.454245 -12.401792 0.300000
57879 -33.320661 -52.852082 -15.191533 0.400000
57880 -32.627819 -53.175859 -14.537702 0.400000
57881 -33.100420 -52.280015 -15.183315 0.400000
57882 -33.039854 -50.222756 -15.736697 0.400000
57883 -32.642502 -51.044023 -15.154093 0.300000
57884 -32.399319 -50.426481 -15.143135 0.300000
57886 -32.164395 -49.828949 -15.173270 0.300000
57888 -32.657185 -48.984036 -15.795140 0.300000
57890 -33.393157 -47.423357 -16.710139 0.400000
59232 -34.654038 -69.059132 -13.450114 0.400000
59233 -34.116283 -69.522970 -12.967046 0.400000
59234 -34.092423 -69.073684 -13.158812 0.300000
59235 -33.573021 -69.118249 -12.838289 0.400000
59236 -34.077741 -68.618031 -13.411761 0.400000
59237 -34.141060 -68.266969 -13.668362 0.500000
59238 -34.639356 -68.263331 -13.965143 0.500000
59239 -36.491217 -67.050986 -14.547747 0.700000
59240 -35.974568 -67.250163 -14.722163 0.600000
59241 -36.646304 -66.623527 -14.806175 0.600000
59242 -36.824332 -66.124219 -15.018944 0.600000
59243 -37.312534 -65.822269 -14.820785 0.700000
62814 -37.688779 -59.354001 -11.614638 0.300000
65057 -32.556241 -63.670424 -14.415337 0.500000
65058 -31.726666 -64.438031 -14.166041 0.500000
65059 -31.777137 -63.749550 -14.115816 0.400000
65060 -30.196907 -63.422134 -13.811730 0.600000
65061 -30.197824 -64.045133 -13.791640 0.500000
65074 -31.653252 -58.658244 -13.874739 0.600000
65075 -30.860383 -58.855603 -13.883871 0.600000
65076 -31.554143 -58.050707 -13.827254 0.500000
65077 -31.442187 -57.505925 -13.783422 0.500000
65078 -32.250656 -57.213070 -13.861041 0.500000
65079 -34.768747 -57.649623 -15.359557 0.600000
65080 -34.060305 -57.887909 -14.803435 0.600000
65081 -34.647615 -57.037539 -15.302027 0.600000
65082 -34.726535 -54.893879 -15.912026 0.400000
65083 -34.383325 -55.735154 -15.258195 0.500000
65084 -34.202544 -55.143078 -15.248150 0.500000
65085 -33.508784 -55.374088 -14.528570 0.500000
65086 -34.000656 -54.577378 -15.224408 0.500000
65087 -33.782250 -54.016225 -15.197012 0.500000
65088 -34.337442 -53.705180 -15.987820 0.400000
65089 -35.442318 -52.110850 -17.511904 0.400000
65090 -34.912822 -52.308209 -17.087279 0.400000
65091 -35.229419 -51.521503 -17.494554 0.400000
65092 -35.017436 -50.923970 -17.473551 0.400000
66429 -34.740300 -74.756156 -13.442809 0.300000
66430 -33.918983 -74.978980 -13.535039 0.300000
66431 -34.632014 -74.282313 -13.287569 0.300000
66432 -35.011930 -72.707992 -12.822765 0.400000
66433 -34.464080 -73.354637 -13.103108 0.300000
66434 -34.400761 -72.886251 -12.957914 0.400000
66437 -34.236498 -71.957666 -12.667525 0.400000
66438 -34.852256 -71.724837 -12.663873 0.400000
66439 -36.081936 -70.145968 -12.460235 0.400000
66440 -35.690090 -70.373340 -12.632825 0.400000
66441 -36.036970 -69.641203 -12.570729 0.400000
66442 -36.040640 -69.239210 -12.742405 0.400000
66443 -36.307683 -68.889968 -12.445624 0.400000
79789 -32.001967 -67.986847 -12.787151 0.400000
79791 -31.919377 -67.631238 -13.144201 0.400000
79792 -31.830362 -67.243797 -13.452853 0.400000
79793 -32.512193 -67.171038 -13.800772 0.500000
79794 -34.308994 -67.628510 -14.307583 0.600000
79795 -33.752885 -67.732191 -13.915832 0.500000
79796 -34.419114 -67.268353 -14.566010 0.600000
79797 -35.368905 -65.586712 -15.194273 0.700000
79798 -34.565024 -66.326125 -14.878315 0.700000
79799 -34.652203 -65.754058 -15.010725 0.700000
79800 -33.873100 -65.986887 -14.747732 0.700000
79801 -34.704510 -65.249293 -15.125785 0.700000
79802 -34.767830 -64.708148 -15.232626 0.600000
79803 -35.591899 -64.459859 -15.449961 0.700000
79804 -37.994364 -62.458079 -16.207894 0.800000
79805 -37.434584 -62.730925 -16.075484 0.800000
79806 -38.120085 -61.767778 -16.417924 0.700000
79807 -38.221946 -61.082935 -16.617908 0.700000
79808 -38.780808 -60.774619 -16.630693 0.700000
90479 -38.000787 -71.225529 -11.820101 0.300000
90480 -37.953068 -70.625268 -11.454833 0.300000
90487 -37.306110 -69.830377 -11.384518 0.300000
90488 -36.991348 -69.361991 -11.336120 0.300000
90489 -36.839933 -69.556621 -11.659383 0.400000
90490 -36.772025 -68.867230 -11.286809 0.300000
90491 -36.622444 -67.172857 -11.102348 0.400000
90492 -36.553619 -67.860429 -11.368081 0.400000
90493 -36.630703 -67.365668 -11.497752 0.500000
90494 -36.600420 -67.583945 -11.968949 0.500000
90495 -36.766519 -66.892735 -11.692257 0.500000
90507 -36.573808 -62.755481 -10.387334 0.300000
90514 -37.269403 -64.308884 -11.978993 0.400000
90515 -37.107893 -64.833658 -11.665775 0.400000
90516 -37.230861 -65.183810 -12.140625 0.500000
90517 -37.157447 -66.046003 -12.307735 0.600000
90518 -37.376771 -65.573980 -12.648349 0.600000
90519 -37.358417 -66.013262 -13.181641 0.600000
90520 -37.565811 -65.105594 -12.996267 0.600000
90521 -37.864972 -63.327548 -13.410848 0.500000
90522 -37.870478 -64.227030 -13.731371 0.600000
90523 -38.050342 -63.741364 -14.045502 0.600000
90524 -38.063189 -64.139719 -14.522178 0.600000
90525 -38.188910 -63.292078 -14.295711 0.500000
90526 -37.921868 -59.998827 -12.631912 0.500000
90527 -37.964998 -60.847378 -12.764322 0.400000
90528 -38.098061 -60.350798 -13.152420 0.500000
90529 -38.833116 -60.440838 -14.505741 0.600000
90530 -38.558732 -61.011995 -14.149604 0.600000
90531 -38.854222 -61.331225 -14.679244 0.600000
90532 -38.751443 -62.168862 -14.851833 0.600000
90533 -39.053357 -61.665916 -15.123959 0.600000
90534 -39.101993 -61.853270 -15.565934 0.700000
90535 -39.357106 -61.039280 -15.426219 0.700000
90536 -40.026089 -58.752831 -15.893763 0.500000
90537 -39.859990 -59.704153 -16.064526 0.600000
90538 -39.985711 -59.064784 -16.343044 0.600000
90539 -39.830625 -59.247591 -16.712878 0.600000
90540 -40.085738 -58.314458 -16.605124 0.500000
90724 -37.405218 -53.516917 -12.970699 0.400000
90731 -37.961327 -51.802534 -14.551400 0.400000
90733 -38.601862 -53.479628 -15.124872 0.300000
90735 -39.000132 -54.934806 -14.892013 0.300000
90736 -39.413084 -55.151264 -15.408868 0.300000
90737 -39.784741 -55.931603 -15.549497 0.400000
90738 -39.798506 -55.324976 -15.979601 0.300000
90739 -40.104091 -54.929349 -17.357578 0.400000
90740 -40.246330 -55.638749 -16.972219 0.400000
90741 -40.237153 -55.735154 -17.390452 0.400000
90742 -40.110515 -56.589162 -17.334749 0.500000
90743 -40.014159 -55.838836 -17.672622 0.500000
90744 -39.646173 -56.028009 -17.797727 0.500000
90745 -39.827872 -55.217656 -17.889044 0.500000
90746 -39.351600 -53.050350 -18.319148 0.400000
90747 -39.249739 -53.865250 -18.262532 0.400000
90748 -38.958837 -53.306825 -18.394028 0.400000
90749 -38.429340 -53.502365 -18.359328 0.400000
90750 -38.623886 -52.698379 -18.464343 0.400000
90754 -38.190745 -49.858962 -18.320061 0.500000
90755 -38.511013 -50.461042 -18.367546 0.500000
90756 -38.186157 -50.682956 -18.508175 0.400000
90757 -38.051259 -51.546969 -18.540136 0.400000
90758 -37.730074 -51.025833 -18.493564 0.400000
90759 -37.161118 -51.226829 -18.397681 0.400000
92499 -36.749083 -61.589519 -16.092834 0.700000
92500 -35.916755 -61.790516 -15.690125 0.700000
92501 -36.777531 -60.774619 -16.218852 0.700000
92502 -36.750001 -59.959719 -16.316562 0.700000
92503 -36.672916 -59.157552 -16.419750 0.700000
92504 -36.554537 -58.529097 -16.490977 0.700000
92505 -37.391453 -58.355385 -16.876336 0.700000
92506 -38.008129 -57.445898 -17.255303 0.500000
92507 -38.489906 -56.537321 -17.609613 0.500000
92776 -37.883325 -73.936708 -12.588993 0.300000
94632 -34.011668 -51.242291 -16.461756 0.400000
94633 -33.466571 -51.476029 -15.820709 0.400000
94634 -33.823546 -50.614745 -16.398747 0.400000
94635 -33.614316 -50.013574 -16.340304 0.400000
94636 -33.432617 -49.414223 -16.298298 0.400000
94637 -33.268354 -48.833970 -16.288253 0.400000
94638 -33.777662 -48.586590 -16.853507 0.400000
94639 -34.055716 -47.831716 -17.294569 0.400000
95442 -35.221160 -69.804002 -13.102195 0.500000
95443 -34.697169 -69.940425 -13.039186 0.500000
95444 -35.200971 -69.371086 -13.331402 0.500000
95445 -35.217489 -68.969093 -13.588003 0.500000
95446 -35.213818 -68.577104 -13.860128 0.400000
95447 -35.215654 -68.203305 -14.137733 0.500000
95448 -35.802963 -68.011404 -14.111251 0.400000
95449 -36.404956 -67.414780 -14.233616 0.700000
95450 -36.959230 -66.723571 -14.223571 0.700000
98937 -30.317122 -66.512570 -13.439156 0.500000
98938 -30.250132 -65.920494 -13.595308 0.500000
98939 -32.681044 -62.179776 -14.264664 0.600000
98940 -31.843210 -62.981033 -14.074724 0.500000
98941 -31.778973 -62.332570 -13.999844 0.500000
98942 -31.031070 -62.498096 -13.845518 0.500000
98943 -30.230861 -62.779127 -13.808991 0.400000
98945 -30.310698 -62.076094 -13.792554 0.400000
98946 -30.340064 -61.388523 -13.800772 0.400000
98947 -30.339146 -60.773710 -13.868347 0.400000
98948 -30.287756 -60.198914 -13.917658 0.400000
98949 -31.064107 -59.994280 -13.873826 0.500000
98950 -31.758784 -59.262143 -13.909440 0.600000
98951 -32.492004 -58.387217 -14.005323 0.600000
98952 -35.736891 -55.932513 -16.501022 0.500000
98953 -35.108286 -56.153518 -15.885544 0.500000
98954 -35.510226 -55.320428 -16.514720 0.400000
98955 -35.277138 -54.681059 -16.527504 0.400000
98956 -35.078920 -54.135367 -16.530244 0.400000
98957 -34.876115 -53.541473 -16.564944 0.400000
98958 -35.367069 -53.366851 -17.130198 0.400000
98959 -35.671736 -52.643809 -17.548431 0.400000
98960 -36.043393 -51.917130 -17.895436 0.400000
99762 -35.887389 -73.448314 -12.808154 0.400000
99763 -35.244101 -73.622026 -12.999007 0.300000
99764 -35.743315 -72.988114 -12.729621 0.400000
99765 -35.579052 -72.521547 -12.690355 0.400000
99766 -35.449660 -72.028606 -12.646522 0.400000
99767 -35.361563 -71.521112 -12.639217 0.400000
99768 -35.830494 -71.345581 -12.512286 0.400000
99769 -36.167279 -70.646186 -12.388095 0.400000
99770 -36.368249 -69.876760 -12.225550 0.400000
107768 -32.572759 -70.391530 -11.821928 0.400000
107770 -32.055192 -70.628906 -11.354384 0.400000
107779 -32.114841 -68.317901 -12.426448 0.400000
107780 -32.607630 -67.902265 -13.122285 0.400000
107781 -35.668983 -66.592605 -15.113001 0.600000
107782 -35.144993 -66.639898 -15.002507 0.600000
107783 -35.885554 -65.985068 -15.252716 0.600000
107784 -36.071841 -65.423914 -15.409782 0.600000
107785 -36.242528 -64.889136 -15.585111 0.600000
107786 -36.381097 -64.315250 -15.652685 0.600000
107787 -37.143682 -64.008753 -15.824362 0.700000
107788 -37.860384 -63.110181 -16.007909 0.800000
107789 -38.526613 -62.221612 -16.146712 0.800000
114200 -36.621527 -66.984593 -10.714250 0.300000
114201 -36.671081 -66.434354 -10.880447 0.400000
114207 -36.969324 -60.654567 -10.225703 0.300000
114208 -36.704117 -61.218449 -9.991017 0.300000
114209 -36.897746 -61.498570 -10.351721 0.300000
114210 -36.810567 -62.183414 -10.565403 0.300000
114211 -36.794967 -62.911913 -10.823831 0.300000
114212 -36.824332 -63.662239 -11.063082 0.300000
114213 -37.015208 -63.132008 -11.303246 0.300000
114214 -37.250132 -63.419406 -11.803664 0.300000
114215 -37.423572 -63.782291 -12.269382 0.300000
114216 -37.582329 -64.281599 -12.823678 0.500000
114217 -37.585082 -63.359380 -12.603603 0.500000
114218 -37.727321 -62.894632 -12.921387 0.500000
114219 -37.853042 -62.430794 -13.199905 0.600000
114220 -38.208181 -59.035681 -13.341446 0.400000
114221 -38.260488 -59.810563 -13.493033 0.500000
114222 -38.530284 -59.232130 -13.823601 0.500000
114223 -38.848716 -59.529532 -14.362373 0.600000
114224 -39.187337 -59.807835 -14.837223 0.600000
114225 -39.499345 -60.098871 -15.291982 0.700000
114226 -39.558994 -59.147548 -15.156833 0.500000
114227 -39.904956 -58.480894 -15.443569 0.600000
114228 -40.119691 -57.788775 -15.749482 0.500000
114340 -37.116152 -52.632896 -12.696747 0.400000
114341 -37.480467 -52.943031 -13.322270 0.400000
114349 -39.904039 -54.052604 -17.266261 0.400000
114350 -39.919639 -54.162652 -17.725586 0.400000
114351 -39.845308 -54.298165 -17.994059 0.400000
114352 -39.727846 -53.501455 -17.913700 0.400000
114353 -39.546147 -52.874819 -18.073505 0.400000
114354 -39.392895 -52.292748 -18.228744 0.400000
115989 -33.175669 -65.060120 -14.692941 0.500000
115990 -32.442450 -65.057391 -14.415337 0.500000
115991 -33.225224 -64.374367 -14.730381 0.500000
115992 -33.301390 -63.653144 -14.723989 0.600000
115993 -33.420688 -62.879171 -14.677417 0.500000
115994 -35.103698 -61.872369 -15.354991 0.600000
115995 -34.317253 -61.993331 -14.966893 0.600000
115996 -33.502360 -62.076094 -14.608930 0.600000
115997 -33.512455 -61.346686 -14.553226 0.600000
115998 -33.472077 -60.637287 -14.512133 0.600000
115999 -33.420688 -59.933344 -14.494783 0.600000
116000 -33.389487 -59.321260 -14.478346 0.700000
116001 -34.183273 -59.086612 -14.902058 0.700000
116002 -34.860515 -58.313549 -15.377821 0.600000
116003 -35.479025 -57.450446 -15.922071 0.600000
116004 -36.391191 -57.854258 -16.502849 0.600000
116005 -36.198480 -57.203975 -16.492804 0.600000
116006 -35.952544 -56.536412 -16.486412 0.600000
116007 -36.433404 -55.665124 -17.052578 0.500000
116008 -36.861039 -54.820211 -17.565781 0.400000
116009 -37.251050 -54.056242 -17.948400 0.400000
116636 -36.019534 -73.894872 -12.917735 0.400000
116637 -36.490300 -73.218214 -12.651088 0.400000
116638 -36.846356 -72.465159 -12.523244 0.400000
116639 -37.143682 -71.721199 -12.390834 0.400000
120966 -32.346094 -54.504619 -14.003496 0.400000
120967 -31.492659 -54.800202 -13.851910 0.300000
120968 -32.109335 -53.948013 -14.034544 0.400000
120969 -31.878081 -53.402321 -14.090248 0.300000
120971 -32.876508 -51.682482 -15.175096 0.300000
120972 -32.153383 -51.934410 -14.598885 0.300000
120981 -33.081149 -48.153674 -16.265424 0.400000
120982 -32.894862 -47.570694 -16.261771 0.400000
122861 -34.141978 -69.989537 -12.822765 0.400000
122862 -33.617069 -70.027735 -12.593558 0.400000
122863 -33.104091 -70.213270 -12.208200 0.400000
122864 -33.079314 -69.613009 -12.308649 0.400000
122865 -33.059125 -69.130072 -12.465714 0.400000
122866 -33.088490 -68.748088 -12.652001 0.400000
122867 -33.142633 -68.427039 -12.872076 0.400000
122868 -33.684977 -68.355189 -13.324096 0.500000
122869 -34.226403 -67.935007 -13.972448 0.500000
122870 -34.830231 -67.573941 -14.528570 0.600000
122871 -35.273467 -67.826778 -14.416250 0.600000
122872 -35.364316 -67.431151 -14.713031 0.600000
122873 -35.488202 -67.022792 -14.963240 0.600000
122874 -36.278317 -66.327944 -15.164138 0.600000
122875 -37.029891 -65.559428 -15.212536 0.700000
122876 -37.709885 -64.681773 -15.253629 0.700000
127875 -37.743839 -60.923775 -11.877631 0.400000
127876 -37.703462 -60.187091 -11.749787 0.400000
127877 -37.764028 -59.708701 -12.113230 0.500000
127878 -37.842030 -59.178470 -12.474846 0.400000
127880 -37.730074 -58.358113 -12.255685 0.300000
127881 -37.972340 -58.655516 -12.827330 0.400000
127882 -38.142109 -58.132561 -13.125938 0.300000
127883 -38.349503 -57.573227 -13.404455 0.300000
127884 -38.568826 -56.931129 -13.672928 0.300000
130790 -31.698218 -65.062848 -14.151430 0.500000
130791 -30.976928 -65.156525 -13.894829 0.500000
130792 -30.217096 -65.315685 -13.672928 0.500000
130793 -31.010882 -63.837770 -13.900308 0.400000
130794 -30.238202 -64.676316 -13.745069 0.500000
130812 -30.212507 -59.613205 -13.962404 0.400000
130813 -30.167541 -58.991116 -13.993451 0.300000
130815 -30.622706 -57.651442 -13.922224 0.400000
130816 -31.249476 -56.918396 -13.798033 0.400000
130817 -31.890929 -55.944336 -13.787074 0.400000
130818 -33.339015 -58.738279 -14.435427 0.600000
130819 -33.272025 -58.166212 -14.334978 0.600000
130820 -33.189434 -57.552308 -14.235442 0.500000
130821 -34.522811 -56.399079 -15.276458 0.500000
130822 -33.880441 -56.666468 -14.649109 0.500000
130823 -33.079314 -56.912030 -14.127688 0.500000
130824 -32.946251 -56.308131 -14.072897 0.500000
130825 -32.776482 -55.699684 -14.044589 0.500000
130826 -32.563582 -55.095785 -14.015368 0.500000
130827 -33.098585 -54.232682 -14.487478 0.400000
130828 -33.541820 -53.432334 -15.187881 0.400000
130829 -33.925407 -52.665637 -15.954032 0.400000
130830 -34.681569 -52.960311 -16.611516 0.400000
130831 -34.493446 -52.450998 -16.620648 0.400000
130832 -34.240168 -51.868017 -16.543941 0.400000
130833 -34.536576 -51.160437 -17.026096 0.400000
130834 -34.816466 -50.304610 -17.459853 0.400000
132531 -34.509964 -73.823932 -13.167944 0.300000
132539 -34.756818 -70.819898 -12.746058 0.400000
132540 -35.305585 -71.032718 -12.662959 0.400000
132541 -35.269796 -70.611626 -12.733274 0.400000
132542 -35.241348 -70.215089 -12.898558 0.400000
132543 -35.649712 -69.593910 -12.981657 0.400000
132544 -36.080100 -68.879963 -12.975264 0.400000
132545 -36.430651 -68.112357 -12.883947 0.500000
148987 -31.732172 -66.834528 -13.719500 0.400000
148988 -32.451626 -66.133314 -14.194349 0.500000
148989 -33.152727 -68.080525 -13.223647 0.400000
148990 -33.183928 -67.773118 -13.528647 0.400000
148991 -33.211458 -67.429332 -13.828167 0.500000
148992 -34.498952 -66.828162 -14.745905 0.600000
148993 -33.815286 -66.919110 -14.438166 0.600000
148994 -33.185764 -67.014606 -14.097553 0.700000
148995 -33.142633 -66.572596 -14.312149 0.600000
148996 -33.096749 -66.117853 -14.489304 0.600000
148997 -33.079314 -65.642191 -14.617148 0.500000
148998 -33.957526 -64.876403 -14.994288 0.600000
148999 -34.857762 -64.103340 -15.328509 0.500000
149000 -35.810305 -63.247513 -15.605200 0.600000
149001 -36.529760 -63.674972 -15.731218 0.700000
149002 -36.655481 -62.987400 -15.828928 0.700000
149003 -36.694023 -62.257082 -15.956772 0.700000
149004 -37.538281 -61.342139 -16.426142 0.700000
149005 -38.256818 -60.360803 -16.773148 0.700000
149006 -38.971684 -59.451316 -16.993222 0.700000
161820 -38.584427 -72.429689 -12.186284 0.300000
161823 -38.251312 -72.136835 -12.189936 0.300000
161824 -37.931044 -71.828519 -12.168020 0.300000
161825 -37.640142 -71.471090 -12.168020 0.400000
161826 -37.367594 -71.086378 -12.126014 0.400000
161833 -37.632801 -70.258745 -11.445701 0.300000
161834 -37.399712 -70.475203 -11.778096 0.400000
161835 -37.110646 -70.668923 -12.067571 0.400000
161836 -36.885816 -70.198719 -11.995431 0.400000
161837 -36.646304 -69.691225 -11.958904 0.400000
161838 -36.487547 -69.198283 -11.969862 0.400000
161839 -36.626115 -68.376108 -11.276764 0.300000
161840 -36.540772 -68.555277 -11.664862 0.400000
161841 -36.416886 -68.724441 -12.033784 0.400000
161842 -36.467358 -68.261512 -12.217331 0.400000
161843 -36.582067 -67.833144 -12.425535 0.500000
161844 -36.729812 -67.444793 -12.668438 0.600000
161857 -36.476535 -61.766869 -9.780988 0.300000
161864 -36.667410 -65.689484 -10.716076 0.300000
161865 -36.796802 -65.885934 -11.131570 0.400000
161866 -36.897746 -64.496238 -11.221974 0.300000
161867 -36.950053 -65.350246 -11.370821 0.400000
161868 -36.869298 -66.156051 -11.549803 0.500000
161869 -36.936288 -66.455272 -11.975341 0.500000
161870 -36.936288 -66.799967 -12.488544 0.600000
161871 -36.876639 -67.111012 -12.997181 0.600000
161872 -37.033561 -66.759041 -13.370668 0.600000
161873 -37.225355 -66.369780 -13.750548 0.700000
161874 -37.463032 -65.935046 -14.121296 0.700000
161875 -37.688779 -64.715424 -13.378887 0.700000
161876 -37.757604 -65.092861 -13.977927 0.700000
161877 -37.641978 -65.480303 -14.428121 0.700000
161878 -37.809912 -64.977356 -14.692941 0.700000
161879 -37.975093 -64.447126 -14.935845 0.600000
161880 -38.154956 -63.947818 -15.175096 0.500000
161881 -37.826430 -61.277565 -12.395400 0.400000
161882 -37.938386 -61.640450 -12.942390 0.400000
161883 -38.060436 -62.008792 -13.463812 0.500000
161884 -38.305454 -60.707317 -13.636401 0.600000
161885 -38.302701 -61.530402 -13.793467 0.600000
161886 -38.295360 -62.398962 -14.022673 0.500000
161887 -38.466047 -62.705459 -14.584274 0.500000
161888 -38.473388 -63.076530 -14.989722 0.500000
161889 -38.415575 -63.346647 -15.430785 0.800000
161890 -38.660593 -62.723649 -15.679167 0.800000
161891 -38.834951 -62.071547 -15.925724 0.800000
161892 -39.057945 -61.343048 -16.184152 0.800000
161893 -39.636078 -60.370807 -15.748568 0.700000
161894 -39.500263 -60.555433 -16.105619 0.700000
161895 -39.244233 -60.633649 -16.443493 0.600000
161896 -39.368118 -60.002465 -16.687310 0.600000
161897 -39.432355 -59.358549 -16.922908 0.600000
161898 -39.464474 -58.648240 -17.153941 0.600000
162123 -38.773467 -56.209906 -14.014454 0.300000
162124 -37.378606 -51.326873 -13.351491 0.400000
162125 -37.555717 -52.244545 -13.663796 0.400000
162126 -37.797064 -53.163126 -13.916745 0.400000
162127 -38.234794 -52.651995 -14.890187 0.400000
162128 -38.170557 -53.355937 -14.503915 0.300000
162129 -38.134767 -53.929823 -14.160562 0.300000
162130 -38.531202 -54.720167 -14.281101 0.300000
162131 -38.919377 -55.548709 -14.427208 0.300000
162132 -39.213032 -56.389985 -14.593406 0.300000
162133 -39.659938 -56.636455 -15.136743 0.400000
162134 -40.056372 -56.767421 -15.625290 0.300000
162135 -40.267437 -56.978422 -16.144885 0.500000
162136 -40.067384 -55.499597 -16.522025 0.300000
162137 -40.304143 -56.264475 -16.562205 0.400000
162138 -40.342686 -57.266730 -16.540289 0.500000
162139 -40.139880 -57.414976 -16.961261 0.500000
162140 -39.882014 -57.585050 -17.218776 0.500000
162141 -39.418590 -57.760581 -17.404150 0.500000
162142 -39.299293 -56.992974 -17.585871 0.500000
162143 -39.124018 -56.273570 -17.742023 0.500000
162144 -38.879917 -55.577813 -17.890871 0.500000
162145 -39.553488 -54.520990 -18.091768 0.400000
162146 -39.230467 -54.707434 -18.160256 0.400000
162147 -38.606451 -54.917526 -18.029673 0.400000
162148 -38.341244 -54.346368 -18.139253 0.400000
162149 -37.919115 -53.827051 -18.177607 0.400000
162150 -37.478632 -53.283179 -18.196783 0.400000
162152 -39.259833 -51.418731 -18.019628 0.400000
162153 -39.138700 -51.680663 -18.297232 0.500000
162155 -38.846881 -51.060393 -18.341978 0.500000
162156 -38.773467 -51.972608 -18.485346 0.400000
162157 -38.323808 -52.103574 -18.512741 0.400000
162158 -37.746592 -52.410071 -18.417771 0.400000
162159 -37.100551 -52.700198 -18.210481 0.400000
162160 -36.820661 -52.177243 -18.146559 0.400000
162161 -36.567384 -51.608814 -18.125556 0.400000
