#!ascii label, from file  /biac2/kgs/3Danat/FreesurferSegmentations/fsaverage-bkup/label/CBA/cROIs/averages/label/MPM_lh.hOc3.label 
1286
87 -18.231385 -80.047548 -6.802220 0.600000
207 -26.692318 -84.866918 -12.834636 0.500000
627 -13.445727 -63.918714 -3.527584 0.600000
629 -16.028055 -66.729028 -9.246782 0.500000
687 -29.643551 -82.670508 -7.323641 0.300000
1406 -14.055978 -79.465477 -8.764627 0.500000
1525 -31.295360 -81.497270 -9.523473 0.400000
1780 -18.462638 -76.128571 -7.605812 0.600000
1994 -16.268485 -85.005160 -8.855944 0.700000
1995 -21.213818 -85.859167 -14.765995 0.500000
1996 -21.898401 -82.366739 -11.460312 0.600000
2372 -25.600289 -82.260329 -1.358800 0.300000
2516 -11.744363 -59.440402 -2.082033 0.500000
2521 -15.648139 -74.245934 -9.134462 0.600000
2522 -13.891715 -72.255977 -10.192829 0.600000
2523 -11.284610 -69.727605 -6.486262 0.600000
2524 -13.152989 -63.757735 -8.108056 0.500000
3324 -14.709361 -82.475878 -6.753822 0.700000
3326 -15.796802 -79.732866 -7.239630 0.700000
3499 -33.271107 -81.684624 -7.496231 0.300000
3500 -30.693367 -82.823301 -8.575601 0.400000
4373 -16.043655 -86.960556 -10.864010 0.500000
4374 -24.470635 -87.149729 -13.438243 0.500000
4376 -24.269665 -85.441713 -14.537702 0.600000
4378 -24.435763 -81.369032 -12.489457 0.600000
5283 -23.426325 -82.492248 0.089491 0.300000
5644 -10.890928 -64.608105 -2.268320 0.400000
5645 -10.161379 -62.113383 -1.288486 0.400000
5646 -12.619822 -61.916025 -2.214443 0.400000
5647 -13.293393 -58.874702 -3.359561 0.400000
5648 -14.341374 -61.020181 -3.502929 0.400000
5657 -19.103173 -73.988549 -6.207745 0.500000
5658 -16.483220 -75.207261 -7.884329 0.700000
5659 -17.646828 -72.960829 -6.874361 0.500000
5661 -16.670425 -70.969963 -9.313444 0.800000
5662 -15.000262 -69.965890 -8.694313 0.800000
5663 -13.111694 -71.587505 -7.717219 0.600000
5664 -13.455821 -68.420673 -7.980212 0.600000
5665 -11.287363 -67.206508 -8.229508 0.600000
5666 -14.842423 -65.112870 -8.958220 0.600000
5842 -26.044442 -84.049289 -4.438930 0.300000
5844 -28.296409 -81.884711 -6.155694 0.400000
6369 -29.488464 -82.298528 -13.000833 0.500000
6370 -26.916230 -83.031574 -13.767898 0.500000
7133 -10.771631 -65.726773 -4.487328 0.700000
7393 -23.701626 -87.538989 -11.021989 0.400000
7394 -26.417017 -85.997409 -11.511449 0.500000
7395 -27.441138 -84.480386 -8.066050 0.300000
7396 -28.119298 -84.287575 -9.846736 0.400000
7397 -28.532250 -83.295325 -11.205537 0.400000
7398 -32.220373 -80.635986 -11.518755 0.500000
7989 -20.679733 -77.907527 -9.005705 0.600000
7990 -18.490168 -78.117618 -7.915377 0.500000
7991 -20.505375 -76.037622 -8.978309 0.600000
7992 -21.324856 -74.325969 -7.060648 0.600000
8563 -13.799948 -84.236643 -8.476065 0.700000
8564 -17.198086 -82.515895 -7.549195 0.700000
8568 -24.165050 -83.421744 -13.548737 0.600000
8569 -21.372575 -84.010181 -13.114067 0.500000
8570 -19.064631 -85.699098 -12.121448 0.500000
8571 -19.608810 -83.922871 -10.059505 0.700000
8572 -19.803356 -81.580943 -9.753593 0.500000
8573 -20.431044 -79.672840 -9.139028 0.500000
10104 -10.751442 -56.779245 -2.350505 0.300000
10117 -16.546539 -77.780198 -8.941783 0.600000
10118 -14.960803 -77.416404 -9.887829 0.500000
10120 -17.253147 -72.083175 -8.140017 0.700000
10121 -15.078265 -73.385560 -10.683202 0.600000
10126 -8.622444 -68.948175 -6.097251 0.600000
10127 -9.886078 -65.970516 -6.893537 0.800000
10128 -13.272287 -64.164275 -6.024197 0.400000
10129 -15.739906 -61.440363 -9.254087 0.400000
10130 -15.417803 -61.421264 -7.062474 0.400000
10131 -15.414132 -61.976051 -4.840726 0.500000
11004 -16.472208 -81.268989 -6.406816 0.700000
11005 -15.244363 -80.829707 -6.451562 0.700000
11006 -16.832853 -79.771974 -6.724600 0.700000
12054 -25.563582 -86.081992 -13.177075 0.700000
12055 -24.468800 -86.434872 -14.194349 0.600000
12056 -25.580100 -85.245264 -13.720413 0.700000
13324 -12.250918 -64.472591 -2.921238 0.400000
13325 -11.925144 -63.363018 -2.114907 0.400000
13326 -13.134636 -63.040150 -2.689292 0.600000
13327 -13.572365 -61.456734 -2.808918 0.500000
13328 -14.105533 -62.473540 -3.268243 0.500000
13337 -19.686812 -72.856238 -5.651623 0.500000
13338 -18.140535 -73.433762 -6.510918 0.500000
13340 -16.634636 -67.353845 -8.929911 0.500000
13341 -16.246461 -69.015477 -8.815765 0.700000
13342 -15.419638 -68.339728 -8.560990 0.700000
13343 -14.324856 -69.300146 -8.033176 0.600000
13344 -14.822234 -67.715820 -8.565556 0.600000
13345 -13.971552 -67.002783 -8.599343 0.600000
13346 -15.492135 -66.006895 -9.160031 0.500000
13577 -26.794180 -82.941535 -5.468989 0.400000
13578 -27.739382 -81.531830 -5.584961 0.300000
14454 -31.270583 -81.262622 -13.261087 0.500000
14455 -29.870216 -81.841056 -13.859215 0.500000
15726 -8.701364 -67.047348 -3.562285 0.500000
15727 -9.762192 -66.205163 -3.574156 0.600000
15728 -9.250131 -66.478919 -4.666310 0.700000
15732 -13.285134 -80.307662 -7.715392 0.500000
16250 -23.296933 -87.339812 -9.532605 0.300000
16252 -25.260750 -86.958737 -11.510536 0.300000
16253 -26.087573 -86.182945 -10.561750 0.300000
16254 -27.902727 -83.349894 -6.936456 0.300000
16255 -27.027268 -84.461287 -7.216800 0.300000
16256 -28.503802 -83.588180 -7.665168 0.300000
16257 -31.043000 -82.237592 -9.000226 0.400000
16258 -29.336131 -83.503597 -9.157291 0.400000
16259 -29.546277 -82.919707 -9.685105 0.400000
16260 -28.299162 -83.887401 -10.527050 0.500000
16261 -29.775695 -82.214855 -10.379116 0.400000
16262 -30.222602 -81.832871 -11.340686 0.400000
16263 -31.614710 -80.977044 -10.459475 0.400000
17529 -21.121133 -76.857070 -10.186436 0.500000
17530 -20.484269 -77.046243 -9.194731 0.600000
17531 -21.121133 -75.927574 -9.938053 0.500000
17535 -21.885554 -73.432853 -6.218703 0.400000
18874 -14.562533 -85.696369 -9.692410 0.600000
18876 -14.868118 -84.650460 -8.734492 0.700000
18877 -15.288411 -83.647296 -7.681605 0.700000
18878 -16.567646 -83.767348 -8.187502 0.700000
18882 -21.534085 -86.866879 -15.085605 0.500000
18886 -19.897877 -86.252975 -14.464648 0.500000
18888 -25.547982 -83.290777 -13.726805 0.600000
18889 -25.608548 -82.307623 -13.348752 0.600000
18890 -23.112481 -81.716456 -11.915071 0.500000
18891 -22.984007 -82.763275 -12.525070 0.500000
18892 -21.686419 -83.252579 -12.126927 0.600000
18893 -20.169507 -84.757779 -12.673004 0.500000
18894 -20.548506 -84.086578 -11.643859 0.600000
18895 -19.415181 -84.943314 -10.957154 0.700000
18896 -20.785265 -83.110699 -10.902363 0.600000
18898 -20.840326 -81.194411 -10.836615 0.400000
18900 -20.047457 -80.570503 -9.551782 0.500000
18901 -20.938516 -79.294494 -10.708771 0.500000
18902 -21.142240 -78.330438 -10.317020 0.500000
21608 -21.763503 -85.209794 0.708622 0.300000
21610 -24.625722 -82.427675 -0.576212 0.300000
21611 -24.059518 -83.562714 -0.520508 0.300000
21615 -25.906791 -83.220747 -2.915759 0.300000
22692 -11.046015 -60.811908 -1.548740 0.300000
22694 -10.711065 -59.565912 -1.601704 0.400000
22695 -10.267829 -58.222600 -1.720417 0.300000
22696 -11.292869 -58.143475 -2.227227 0.500000
22698 -12.184846 -57.954301 -2.692945 0.500000
22699 -13.944940 -58.416321 -4.020697 0.300000
22727 -18.590194 -77.224502 -8.274254 0.500000
22728 -17.536707 -78.098519 -8.340002 0.600000
22729 -17.529366 -76.912548 -8.318999 0.500000
22730 -15.897745 -74.825277 -8.426753 0.600000
22731 -15.704117 -76.194963 -8.915301 0.600000
22732 -14.896566 -75.801156 -9.427590 0.600000
22733 -14.083508 -76.836151 -10.412903 0.600000
22734 -14.570792 -74.978980 -10.234834 0.700000
22736 -18.284610 -71.258271 -6.981202 0.600000
22737 -17.864316 -70.831721 -7.485273 0.700000
22738 -15.425145 -71.517474 -10.251272 0.700000
22739 -15.987677 -72.300542 -9.995583 0.600000
22740 -14.788280 -72.728001 -11.018336 0.700000
22741 -13.754064 -74.004920 -11.580850 0.500000
22742 -12.921736 -73.396473 -10.912408 0.600000
22744 -12.368380 -73.188201 -9.507036 0.600000
22745 -12.451888 -70.535229 -6.686247 0.700000
22746 -12.516125 -72.462431 -6.510005 0.600000
22747 -11.899450 -71.335577 -5.364887 0.500000
22749 -10.654169 -70.477931 -5.204169 0.500000
22750 -9.386864 -70.062296 -5.082717 0.500000
22751 -9.961327 -69.318336 -6.457954 0.600000
22752 -12.102255 -65.440285 -8.383834 0.500000
22753 -10.307289 -66.476190 -7.819494 0.800000
22754 -11.629654 -64.957348 -7.604898 0.600000
22755 -11.565417 -64.897322 -6.550184 0.600000
22756 -13.033692 -63.891430 -7.097175 0.500000
22758 -16.546539 -62.102470 -9.875045 0.400000
22759 -16.899843 -60.106147 -9.887829 0.400000
22762 -16.289591 -60.445385 -6.709076 0.300000
22763 -15.491217 -61.788697 -5.890874 0.400000
22765 -15.859203 -60.574532 -4.614259 0.300000
24414 -13.270451 -83.352623 -7.296246 0.600000
24415 -12.149974 -83.094328 -7.310857 0.500000
24416 -13.675144 -82.142096 -6.744690 0.600000
24417 -14.246854 -80.523210 -6.886232 0.700000
24418 -14.793786 -79.598262 -7.960122 0.600000
24729 -31.631228 -82.306713 -7.390303 0.400000
24730 -30.258391 -82.898789 -7.937293 0.300000
24731 -32.090981 -82.271243 -7.999389 0.300000
24732 -32.374542 -81.745560 -8.500720 0.300000
24734 -32.982958 -80.262187 -9.681452 0.300000
26303 -16.211589 -86.065621 -9.757245 0.600000
26304 -23.066597 -87.890051 -13.214515 0.400000
26306 -23.247379 -87.413480 -14.256445 0.500000
26307 -23.110645 -86.655878 -14.863705 0.500000
26308 -22.755506 -85.599964 -14.842702 0.600000
26310 -25.748952 -81.295364 -13.082106 0.600000
26312 -24.336655 -80.492287 -12.755190 0.600000
26313 -23.040902 -80.883367 -12.073963 0.600000
26314 -21.933273 -81.402683 -11.445701 0.500000
28592 -10.471552 -63.408492 -1.671105 0.400000
28593 -11.483744 -62.194328 -1.721330 0.400000
28594 -12.182093 -60.690037 -2.038200 0.400000
28595 -12.601469 -59.171194 -2.647286 0.500000
28596 -13.082329 -60.388997 -2.623544 0.400000
28597 -13.774253 -60.015198 -3.422570 0.400000
28598 -14.457001 -59.425851 -4.061790 0.400000
28613 -18.677373 -75.062653 -6.793088 0.600000
28614 -17.405480 -75.757500 -7.604898 0.600000
28615 -17.595438 -74.538788 -6.972070 0.500000
28616 -16.961327 -74.054942 -7.474315 0.600000
28617 -16.597011 -73.687509 -7.980212 0.600000
28619 -17.479812 -70.374250 -8.005781 0.700000
28620 -17.126508 -69.591182 -8.672397 0.700000
28621 -15.840850 -70.366064 -9.390150 0.800000
28622 -14.579969 -71.269184 -9.476902 0.600000
28623 -13.426455 -72.109550 -8.999312 0.600000
28624 -13.974305 -70.885381 -8.377442 0.700000
28625 -13.257604 -69.897679 -7.590288 0.800000
28626 -12.138962 -69.081869 -7.493491 0.700000
28627 -10.940483 -68.597113 -7.588461 0.700000
28628 -12.340850 -67.834963 -8.210332 0.700000
28629 -12.994232 -66.262461 -8.684268 0.600000
28630 -13.871526 -64.363453 -8.775585 0.600000
28632 -17.444940 -58.495446 -9.378279 0.300000
28990 -26.021500 -85.285281 -4.258122 0.300000
28991 -26.041689 -85.536300 -5.259872 0.300000
28992 -26.351862 -84.323954 -5.322881 0.300000
28993 -27.335606 -83.136165 -6.218703 0.300000
28994 -28.979156 -82.271243 -6.716382 0.400000
28995 -29.616938 -80.743306 -6.062551 0.300000
28996 -30.269403 -81.234428 -6.525529 0.300000
28997 -30.985187 -81.826504 -6.982115 0.400000
30219 -27.928422 -83.446300 -12.762495 0.500000
30220 -26.866676 -83.915595 -13.392584 0.500000
30221 -28.231254 -82.765094 -13.484814 0.500000
32001 -9.742003 -65.523048 -2.488394 0.500000
32002 -11.059780 -65.392992 -3.306597 0.500000
32003 -12.210540 -65.069215 -4.024350 0.600000
32679 -22.477452 -87.767270 -8.411230 0.300000
32680 -22.288412 -87.739986 -10.290538 0.400000
32681 -22.712376 -87.994642 -11.906853 0.400000
32682 -24.238464 -87.496243 -12.338783 0.400000
32683 -25.522287 -86.645873 -12.510460 0.400000
32684 -26.579445 -85.595416 -12.171673 0.600000
32688 -28.965391 -83.727331 -8.424014 0.300000
32689 -27.898139 -84.430364 -8.959133 0.300000
32690 -26.885947 -85.247083 -9.684192 0.300000
32691 -27.200708 -85.187057 -10.561750 0.500000
32692 -27.377819 -84.848728 -11.322423 0.600000
32693 -27.510882 -84.244829 -12.017347 0.400000
32694 -29.003016 -82.715982 -12.060266 0.500000
32695 -30.846618 -81.582762 -12.352481 0.500000
32696 -32.654432 -80.470460 -12.479412 0.400000
32697 -33.491348 -79.835638 -10.680463 0.300000
34299 -19.707919 -79.036199 -7.787533 0.500000
34300 -18.367200 -78.940703 -7.179360 0.600000
34301 -19.667541 -78.041221 -8.128146 0.500000
34302 -19.603304 -77.140829 -8.529942 0.600000
34303 -19.616151 -76.154946 -8.133625 0.600000
34304 -21.605664 -74.971704 -8.921693 0.500000
34305 -20.798113 -75.073567 -8.035916 0.600000
34306 -19.750131 -75.189071 -7.240543 0.600000
34307 -20.257604 -74.331426 -6.383987 0.600000
34308 -20.706345 -73.316439 -5.726503 0.500000
35951 -12.973126 -84.134781 -8.253251 0.500000
35952 -14.191794 -83.551800 -7.368387 0.700000
35953 -15.807814 -82.638676 -6.887145 0.700000
35954 -17.802832 -81.284450 -7.002205 0.700000
35964 -25.551652 -84.259381 -13.966056 0.700000
35965 -24.118249 -84.417631 -14.280188 0.600000
35966 -22.677504 -84.584977 -14.204394 0.600000
35967 -24.287101 -82.486791 -12.866597 0.600000
35968 -22.761013 -83.630925 -13.445548 0.500000
35969 -21.148663 -84.815986 -14.031805 0.600000
35970 -19.913477 -85.357131 -13.616311 0.500000
35971 -18.738857 -86.290264 -13.242824 0.500000
35972 -17.366938 -87.223397 -12.761582 0.500000
35973 -17.672523 -86.616770 -11.495925 0.500000
35974 -17.924882 -85.791865 -10.301496 0.600000
35975 -18.001049 -84.733223 -9.283309 0.700000
35976 -20.834819 -82.058423 -10.597364 0.600000
35977 -19.730860 -82.754180 -9.724371 0.700000
35978 -18.191007 -83.447209 -8.850465 0.700000
35979 -18.497510 -82.170290 -8.549119 0.700000
35980 -19.099502 -80.897918 -8.209418 0.600000
35981 -19.514290 -79.954781 -7.810362 0.600000
35982 -20.620084 -78.798823 -8.915301 0.600000
39247 -22.938123 -83.756435 0.082186 0.300000
39251 -26.053619 -85.396239 -2.338634 0.300000
39252 -26.030677 -85.323480 -3.369606 0.300000
39253 -25.866414 -84.233006 -3.562285 0.300000
40552 -13.041033 -57.625977 -3.212540 0.500000
40585 -17.254982 -78.891591 -7.561066 0.700000
40586 -16.247378 -78.867035 -8.338176 0.700000
40587 -15.373755 -78.650577 -9.033100 0.600000
40588 -16.585999 -76.515103 -8.610301 0.600000
40589 -15.717882 -77.552827 -9.440375 0.600000
40590 -14.720373 -78.577818 -9.772769 0.500000
40594 -18.552570 -71.620246 -6.465259 0.500000
40595 -17.375197 -72.495172 -7.553761 0.700000
40596 -16.421736 -73.186382 -8.718969 0.700000
40597 -16.955821 -71.687548 -8.796588 0.700000
40598 -16.147352 -72.739824 -9.408414 0.600000
40599 -15.372837 -73.786643 -9.921616 0.600000
40600 -14.212900 -74.431469 -11.036600 0.600000
40606 -12.442711 -73.043593 -8.066050 0.600000
40614 -8.005768 -68.273336 -5.378584 0.600000
40615 -9.602517 -68.229680 -7.378432 0.700000
40616 -8.652727 -67.452069 -6.640589 0.700000
40617 -8.652727 -66.753584 -5.759377 0.700000
40618 -10.229287 -65.738597 -5.693629 0.700000
40619 -11.942580 -65.126512 -5.358495 0.500000
40620 -13.519140 -64.332530 -4.737538 0.400000
40622 -15.410462 -63.247513 -9.229432 0.500000
40623 -14.589146 -62.557213 -8.560077 0.600000
40624 -16.345569 -59.905150 -8.888819 0.400000
40625 -15.381096 -61.232091 -8.218550 0.400000
40626 -14.329444 -62.417152 -7.549195 0.500000
40627 -14.407447 -62.824602 -6.520050 0.500000
40628 -14.613005 -63.145651 -5.312836 0.400000
40629 -14.574463 -63.048336 -4.124799 0.500000
40630 -15.036969 -61.684106 -3.977778 0.400000
40631 -15.170949 -60.121608 -4.110188 0.300000
41724 -17.350420 -80.594150 -6.501786 0.700000
41725 -16.648401 -80.497744 -6.457041 0.700000
41726 -17.502753 -79.894755 -6.628717 0.600000
42774 -26.083902 -85.502649 -12.962480 0.500000
42775 -25.533299 -85.712740 -13.492120 0.800000
42776 -26.125197 -85.080647 -13.237345 0.600000
44044 -12.867593 -64.230668 -3.225324 0.500000
44045 -12.785921 -63.755007 -2.781523 0.500000
44046 -13.304405 -63.519450 -3.084696 0.500000
44047 -13.632014 -62.773671 -2.976028 0.500000
44048 -13.819219 -63.216591 -3.368692 0.500000
44058 -19.238071 -72.514271 -5.757551 0.500000
44060 -16.346487 -67.038253 -9.149073 0.500000
44061 -15.998689 -67.902265 -8.819418 0.600000
44062 -15.665575 -67.600316 -8.876034 0.600000
44063 -15.088359 -68.075977 -8.505286 0.600000
44064 -15.418721 -67.234702 -8.922606 0.600000
44065 -15.136996 -66.916382 -8.902516 0.500000
44066 -15.783036 -66.350681 -9.233085 0.500000
44296 -26.821710 -81.942009 -4.823376 0.300000
44297 -27.024515 -82.080251 -5.195950 0.300000
44298 -27.542082 -81.366304 -5.250740 0.300000
46446 -8.530677 -67.289271 -4.078227 0.500000
46447 -8.965653 -66.803605 -4.168631 0.700000
46448 -8.684845 -66.992779 -4.635262 0.700000
46452 -13.665050 -79.843823 -8.230421 0.500000
46453 -12.956607 -80.203980 -8.132712 0.500000
46454 -13.342030 -79.789254 -8.665091 0.500000
46974 -28.746985 -82.962453 -7.162923 0.300000
46975 -28.232172 -83.470856 -7.311770 0.300000
46976 -29.065417 -83.112518 -7.498970 0.300000
46977 -31.139356 -81.878345 -9.230345 0.300000
46978 -30.265732 -82.567736 -9.310704 0.400000
46979 -30.358417 -82.203032 -9.590135 0.400000
46980 -29.637127 -82.558641 -10.012020 0.500000
46981 -30.464867 -81.801948 -9.923443 0.500000
46982 -30.639225 -81.566391 -10.348981 0.400000
46983 -31.439434 -81.206234 -9.961796 0.400000
48250 -21.115627 -76.411421 -10.110643 0.500000
48251 -21.425800 -75.772052 -10.346241 0.500000
49594 -15.405873 -85.454446 -9.224866 0.700000
49595 -14.717620 -85.188876 -9.207516 0.700000
49596 -15.515994 -84.893293 -8.802067 0.700000
49597 -15.638044 -84.299398 -8.375616 0.700000
49598 -16.319874 -84.409446 -8.521723 0.700000
49602 -21.342292 -86.366661 -15.007073 0.500000
49603 -20.788018 -87.056961 -15.093824 0.300000
49604 -20.605402 -86.580390 -14.944064 0.500000
49605 -19.943760 -86.773201 -14.812567 0.400000
49606 -20.499869 -86.091996 -14.661893 0.500000
49608 -26.286707 -82.264877 -13.613572 0.500000
49609 -26.371133 -81.791944 -13.503991 0.500000
49610 -22.492135 -82.006582 -11.682212 0.600000
49611 -22.452675 -82.481334 -11.944293 0.600000
49612 -21.807552 -82.838763 -11.728784 0.600000
49613 -21.019272 -83.643658 -11.979907 0.500000
49614 -21.216571 -83.243484 -11.525147 0.600000
49615 -20.704510 -83.648206 -11.248456 0.600000
49616 -21.338621 -82.753271 -11.200971 0.600000
49620 -20.820137 -79.824724 -10.832049 0.500000
52330 -25.124017 -82.339455 -0.930523 0.300000
52331 -24.898270 -82.906974 -0.825508 0.300000
52332 -25.386471 -82.822392 -1.219998 0.300000
52334 -25.776482 -82.805112 -1.691195 0.300000
52335 -26.018747 -82.796017 -2.171524 0.300000
53412 -11.403907 -60.129793 -1.834563 0.300000
53413 -10.856975 -60.177086 -1.560611 0.400000
53414 -11.259832 -59.538627 -1.819039 0.400000
53415 -11.056109 -58.883797 -1.896659 0.400000
53416 -11.560829 -58.797395 -2.149607 0.500000
53417 -11.747116 -58.064349 -2.424472 0.400000
53418 -11.999476 -58.686438 -2.407122 0.500000
53447 -18.541558 -76.668806 -8.003955 0.500000
53448 -18.073545 -77.125368 -8.173805 0.500000
53449 -17.963425 -76.537840 -7.929075 0.500000
53450 -15.813320 -74.582444 -8.716229 0.600000
53451 -15.408626 -75.278201 -8.894298 0.500000
53452 -15.221421 -74.982618 -9.297920 0.600000
53453 -14.710278 -75.430995 -9.829386 0.700000
53454 -15.096618 -74.600634 -9.723458 0.600000
53455 -18.433273 -69.726695 -6.551098 0.500000
53456 -18.294704 -70.382435 -6.903582 0.600000
53457 -18.048768 -70.236917 -7.087130 0.600000
53458 -14.672654 -71.829428 -10.342589 0.600000
53459 -15.155349 -72.115007 -10.690507 0.700000
53460 -14.335868 -72.359659 -10.744385 0.600000
53461 -13.891715 -73.040864 -11.095956 0.500000
53462 -13.416361 -72.752557 -10.562663 0.500000
53463 -12.528055 -73.233675 -10.262230 0.600000
53464 -13.061222 -72.730729 -9.931661 0.600000
53465 -11.881096 -70.081395 -6.590364 0.600000
53466 -12.164657 -70.938131 -6.058898 0.600000
53467 -11.621395 -70.449737 -5.900919 0.600000
53468 -11.284610 -70.776243 -5.264438 0.500000
53469 -10.977190 -70.022278 -5.883569 0.600000
53470 -10.330231 -69.915868 -5.749332 0.600000
53471 -10.636733 -69.479315 -6.473478 0.600000
53472 -12.558338 -64.565359 -8.294343 0.500000
53473 -11.714080 -65.155616 -8.056006 0.600000
53474 -12.393157 -64.405289 -7.875197 0.600000
53475 -12.285789 -64.387100 -7.331860 0.500000
53476 -13.020845 -63.765920 -7.591201 0.600000
53478 -17.370609 -60.491769 -10.239400 0.400000
56049 -13.935763 -82.960634 -7.037818 0.700000
56050 -13.462245 -82.825120 -7.014076 0.600000
56051 -14.201888 -82.312170 -6.738298 0.700000
56052 -15.491217 -80.244907 -6.741951 0.700000
56053 -14.684583 -80.793327 -6.559316 0.700000
56054 -15.022287 -80.083928 -7.038732 0.700000
56055 -14.495543 -80.007531 -7.359255 0.600000
56056 -15.280152 -79.630094 -7.582982 0.700000
56574 -32.509440 -82.040233 -7.460617 0.300000
56575 -31.906529 -82.361282 -7.696216 0.300000
56576 -32.715916 -81.999307 -7.739135 0.300000
59197 -15.301259 -86.393946 -10.204700 0.600000
59198 -16.119822 -86.514907 -10.301496 0.600000
59199 -23.797982 -87.523528 -13.372494 0.400000
59200 -23.181306 -87.687235 -13.776116 0.400000
59201 -23.869560 -87.282514 -13.892089 0.500000
59202 -24.382538 -85.951026 -14.427208 0.600000
59203 -23.839277 -86.501265 -14.583361 0.500000
59204 -23.701626 -86.037427 -14.731295 0.600000
59205 -22.921605 -86.129285 -14.934932 0.600000
59206 -23.534610 -85.513563 -14.765082 0.600000
59212 -24.171474 -80.191247 -13.033707 0.400000
59213 -23.675014 -80.643262 -12.445624 0.500000
59214 -23.571317 -80.375873 -12.701313 0.500000
59215 -22.955559 -80.602335 -12.323259 0.500000
63009 -10.184321 -64.559902 -1.978844 0.500000
63011 -10.670687 -64.046952 -1.928620 0.400000
63012 -12.316073 -62.730015 -2.145955 0.400000
63013 -11.709492 -62.782765 -1.880222 0.400000
63014 -12.069219 -62.085189 -1.952362 0.400000
63015 -11.836130 -61.453096 -1.840955 0.300000
63016 -12.396828 -61.315764 -2.080206 0.400000
63017 -12.667541 -60.558161 -2.282017 0.400000
63018 -12.910724 -61.144780 -2.332242 0.400000
63019 -13.966964 -61.246643 -3.139486 0.400000
63020 -13.713687 -60.753701 -3.057301 0.400000
63021 -14.052308 -60.559071 -3.501102 0.400000
63022 -14.100944 -59.753266 -3.757704 0.400000
63023 -14.365234 -60.260759 -3.814320 0.400000
63047 -18.866414 -74.549702 -6.480783 0.600000
63048 -18.074463 -74.875298 -6.790349 0.600000
63049 -18.308469 -74.291408 -6.548358 0.500000
63050 -17.871657 -73.156369 -6.630544 0.500000
63051 -17.555978 -73.697513 -6.941022 0.500000
63052 -17.277006 -73.526530 -7.155618 0.600000
63053 -16.749345 -73.880320 -7.672473 0.500000
63054 -17.130179 -73.306434 -7.411306 0.600000
63058 -15.604091 -69.468401 -8.787456 0.700000
63059 -16.007866 -69.707596 -9.050450 0.800000
63060 -15.391191 -70.166887 -9.062321 0.800000
63061 -15.180126 -70.829902 -9.489686 0.700000
63062 -14.801128 -70.658009 -9.001139 0.600000
63063 -14.286314 -71.087287 -8.882426 0.700000
63064 -14.459754 -70.449737 -8.524463 0.600000
63065 -13.957787 -68.882692 -7.956470 0.600000
63066 -13.772418 -69.653936 -7.809449 0.500000
63067 -13.320006 -69.170089 -7.711740 0.600000
63068 -12.728107 -69.456578 -7.468836 0.800000
63069 -12.751049 -68.779920 -7.769269 0.600000
63070 -12.182093 -68.479789 -7.833191 0.600000
63071 -12.887782 -68.156012 -8.108056 0.600000
63072 -14.430388 -66.120581 -8.756409 0.500000
63073 -13.493445 -66.613523 -8.645915 0.600000
63074 -13.956870 -65.654014 -8.769193 0.600000
63075 -13.481516 -65.356612 -8.752756 0.600000
63076 -14.303750 -64.802735 -8.874208 0.600000
63766 -26.023336 -84.668650 -4.349439 0.300000
63767 -26.141715 -84.882379 -4.752148 0.300000
63768 -26.228894 -84.207540 -4.826115 0.300000
63769 -27.498952 -82.379472 -5.874437 0.400000
63770 -27.045622 -83.054311 -5.855260 0.300000
63771 -27.781595 -82.529537 -6.194047 0.400000
63772 -28.090850 -82.661413 -6.515484 0.300000
63773 -28.609335 -82.086617 -6.446083 0.400000
63775 -29.308600 -80.515025 -5.755725 0.300000
63778 -30.931044 -80.903375 -6.299062 0.300000
63779 -31.286183 -81.181678 -6.542879 0.300000
63780 -30.658496 -81.534559 -6.751082 0.300000
63782 -31.942318 -81.753745 -6.950154 0.300000
66399 -28.643288 -82.820573 -12.849247 0.500000
66400 -28.060567 -83.085233 -13.114980 0.500000
66401 -28.859859 -82.547727 -13.264740 0.500000
66403 -29.154432 -82.055695 -14.006236 0.500000
70219 -10.275171 -65.999619 -4.081880 0.700000
70220 -10.397221 -65.836821 -3.497450 0.600000
70221 -10.981778 -65.639463 -3.931206 0.600000
70222 -11.657184 -65.242017 -3.667300 0.600000
70223 -11.525040 -65.422095 -4.297389 0.600000
70232 -12.305061 -82.456778 -7.144660 0.500000
71786 -22.947300 -87.610839 -8.120841 0.300000
71787 -23.468537 -87.437127 -10.305149 0.300000
71788 -22.763766 -87.499881 -9.945359 0.400000
71789 -22.957394 -87.656313 -10.729774 0.400000
71790 -22.466440 -87.905512 -11.176315 0.400000
71791 -23.215260 -87.769999 -11.472183 0.400000
71792 -23.507080 -87.814564 -12.159802 0.400000
71793 -24.030153 -87.589011 -11.731524 0.400000
71794 -25.864578 -86.496718 -11.613725 0.300000
71795 -25.446120 -86.861422 -12.069398 0.300000
71796 -25.993052 -86.327553 -12.023739 0.400000
71797 -26.072890 -86.109276 -12.367092 0.600000
71798 -26.521631 -85.825516 -11.867586 0.600000
71799 -26.250001 -85.029716 -5.829692 0.300000
71800 -26.031595 -85.563584 -5.856174 0.300000
71801 -26.341768 -85.055181 -6.372116 0.300000
71802 -27.215391 -84.446735 -7.666994 0.300000
71803 -26.642764 -84.934220 -7.351950 0.300000
71804 -26.793262 -84.897840 -7.831365 0.400000
71806 -26.981385 -84.860551 -8.342742 0.300000
71807 -30.505244 -82.910612 -8.276993 0.400000
71808 -29.596749 -83.290777 -8.182936 0.300000
71809 -29.810567 -83.265312 -8.540900 0.400000
71810 -28.733220 -83.865573 -9.489686 0.400000
71811 -28.591899 -84.035647 -9.131722 0.400000
71812 -28.086262 -84.386709 -9.424851 0.400000
71813 -27.372313 -84.785973 -9.313444 0.300000
71814 -27.525564 -84.794159 -9.752680 0.400000
71815 -27.069481 -85.240717 -10.151736 0.300000
71816 -27.600813 -84.760508 -10.187350 0.500000
71817 -28.407447 -83.563623 -10.820178 0.400000
71818 -27.836655 -84.390347 -10.933411 0.600000
71819 -27.912822 -84.143876 -11.261240 0.500000
71820 -27.431962 -84.618628 -11.709608 0.500000
71821 -27.999083 -83.821008 -11.611898 0.400000
71822 -28.190876 -83.459032 -12.002736 0.400000
71823 -28.714867 -83.021569 -11.624683 0.400000
71824 -31.217358 -81.231700 -11.418306 0.500000
71825 -30.534610 -81.680986 -11.878545 0.500000
71826 -31.539461 -81.086182 -11.980820 0.500000
71827 -31.767043 -80.987048 -12.472106 0.500000
71828 -32.458968 -80.545947 -12.026478 0.500000
71829 -33.851993 -79.650103 -9.759985 0.300000
71830 -33.225224 -80.021173 -10.172739 0.300000
75624 -20.286052 -78.485960 -8.328131 0.600000
75625 -19.694154 -78.518702 -7.864239 0.500000
75626 -20.219062 -77.974829 -8.481544 0.600000
75627 -20.441138 -76.541478 -9.244956 0.600000
75628 -20.075905 -77.069890 -8.863250 0.600000
75629 -20.079576 -76.612418 -8.830376 0.600000
75630 -19.641846 -76.690634 -8.420361 0.600000
75631 -20.131883 -75.993967 -8.468759 0.600000
75635 -21.857106 -74.316874 -7.448746 0.600000
75636 -21.550603 -74.666117 -7.922682 0.500000
75637 -21.050472 -74.697039 -7.531845 0.600000
75638 -20.320923 -75.127226 -7.564719 0.600000
75639 -20.479681 -74.759794 -7.137354 0.600000
75640 -19.952937 -74.777074 -6.797654 0.600000
75641 -20.783430 -74.338701 -6.695379 0.600000
75643 -21.297326 -73.419211 -5.921922 0.500000
79662 -13.581542 -84.612261 -9.135375 0.400000
79664 -13.200708 -84.482205 -9.030360 0.500000
79666 -13.413608 -84.191169 -8.325391 0.500000
79667 -13.565024 -83.855569 -7.776575 0.700000
79668 -14.020189 -83.910138 -7.864239 0.700000
79669 -16.157447 -83.185277 -7.513581 0.700000
79670 -15.515994 -83.174363 -7.248761 0.700000
79671 -16.454772 -82.628671 -7.145573 0.700000
79672 -16.832853 -81.984755 -6.828702 0.700000
79673 -17.519271 -81.922000 -7.249674 0.700000
79697 -26.898794 -83.450847 -13.608093 0.600000
79698 -26.238071 -84.113863 -13.677494 0.600000
79699 -26.227976 -83.642749 -13.765158 0.600000
79700 -24.831280 -83.391730 -13.665623 0.700000
79701 -24.833115 -83.841017 -13.945966 0.700000
79702 -24.145779 -83.902862 -13.965143 0.600000
79703 -23.412559 -84.497666 -14.279274 0.600000
79704 -23.446513 -83.998358 -13.912179 0.600000
79705 -25.107499 -81.303549 -12.774366 0.600000
79706 -25.039591 -81.860155 -12.869336 0.600000
79707 -24.414657 -81.925638 -12.557031 0.500000
79708 -22.239775 -83.374450 -12.830983 0.500000
79709 -22.828920 -83.278954 -12.997181 0.500000
79710 -22.070006 -83.787357 -13.309485 0.500000
79711 -21.961720 -84.204811 -13.752374 0.600000
79712 -21.234007 -84.422179 -13.584350 0.500000
79713 -20.471421 -85.087013 -13.806251 0.500000
79714 -20.581542 -84.699572 -13.353318 0.500000
79715 -19.612481 -85.210704 -12.425535 0.500000
79716 -19.466571 -85.487187 -12.949696 0.500000
79717 -18.894861 -85.981948 -12.714097 0.500000
79718 -18.107499 -86.811400 -13.042839 0.500000
79719 -18.255244 -86.508541 -12.443798 0.500000
79720 -17.511012 -86.937818 -12.130580 0.500000
79721 -18.432355 -86.192040 -11.807317 0.500000
79722 -19.577609 -84.474019 -10.460388 0.700000
79723 -18.703986 -85.424433 -10.647588 0.700000
79724 -18.789329 -84.917849 -10.105164 0.700000
79725 -17.982696 -85.308928 -9.767290 0.700000
79726 -18.871920 -84.352148 -9.629401 0.700000
79727 -21.885554 -81.057988 -11.618290 0.400000
79728 -21.360645 -81.717366 -11.041166 0.600000
79729 -21.382670 -81.348114 -11.177228 0.400000
79730 -20.325512 -81.412688 -10.260403 0.500000
79731 -20.352124 -81.881073 -10.262230 0.600000
79732 -19.789591 -82.143915 -9.698802 0.600000
79733 -18.999476 -83.125251 -9.244043 0.700000
79734 -19.142633 -82.525899 -9.146333 0.600000
79735 -18.307551 -82.783284 -8.710750 0.700000
79736 -19.163739 -81.947466 -9.192905 0.600000
79737 -20.254851 -80.134859 -9.322575 0.500000
79738 -19.617987 -80.739668 -8.872381 0.500000
79739 -19.858417 -80.298567 -8.627651 0.600000
79740 -19.358286 -80.417709 -7.920856 0.600000
79741 -20.013503 -79.843823 -8.477891 0.600000
79742 -20.119036 -79.410908 -8.341828 0.500000
79743 -20.538412 -79.231739 -9.017576 0.600000
87871 -22.626115 -83.190734 0.435583 0.300000
87872 -23.161117 -83.119794 0.079446 0.300000
87882 -26.065548 -84.845090 -2.470131 0.300000
87883 -26.091243 -85.326208 -2.879232 0.300000
87884 -26.000394 -84.785064 -2.993379 0.300000
87885 -25.926980 -84.781426 -3.461836 0.300000
87886 -25.904956 -84.238462 -3.113004 0.300000
91122 -10.501836 -57.479549 -2.040027 0.300000
91124 -10.254064 -56.793797 -2.113994 0.300000
91134 -12.978632 -59.030224 -3.018947 0.500000
91135 -12.779497 -58.422687 -3.009816 0.500000
91136 -13.169507 -58.270803 -3.312076 0.400000
91138 -13.598978 -56.725585 -3.962254 0.300000
91217 -18.420425 -78.500512 -7.558327 0.600000
91218 -17.751442 -78.905233 -7.315423 0.600000
91219 -17.870740 -78.500512 -7.717219 0.600000
91220 -17.049424 -77.953001 -8.622172 0.600000
91221 -16.939303 -78.470499 -8.373789 0.600000
91222 -16.409806 -78.315886 -8.702531 0.500000
91223 -15.780283 -78.635116 -8.652307 0.600000
91224 -15.952806 -78.216752 -9.067800 0.600000
91225 -16.926455 -75.493749 -7.739135 0.600000
91226 -16.918196 -76.180412 -8.140931 0.400000
91227 -16.484138 -75.884829 -8.217637 0.500000
91228 -15.326036 -76.767940 -9.399282 0.600000
91229 -15.740824 -76.889811 -9.255914 0.600000
91230 -15.327871 -77.476430 -9.652231 0.500000
91231 -15.294835 -78.141265 -9.715239 0.600000
91232 -14.916754 -78.073053 -9.984625 0.500000
91233 -14.395517 -78.531434 -10.156302 0.400000
91234 -14.535921 -77.902979 -10.257664 0.500000
91242 -18.945333 -70.924489 -6.157520 0.500000
91243 -17.764290 -71.701190 -7.576590 0.800000
91244 -17.844127 -71.873993 -7.277983 0.700000
91245 -17.310960 -72.320551 -7.875197 0.800000
91246 -16.865889 -72.895346 -8.116275 0.600000
91247 -16.807158 -72.653423 -8.460541 0.700000
91248 -17.115496 -70.693479 -8.676963 0.800000
91249 -17.277924 -71.070916 -8.420361 0.800000
91250 -16.866807 -71.412883 -9.051363 0.800000
91251 -15.557289 -72.847143 -10.362679 0.600000
91252 -16.060173 -72.571569 -9.756332 0.700000
91253 -15.587572 -73.093614 -10.071377 0.600000
91254 -15.738988 -73.278240 -9.696976 0.600000
91255 -15.190221 -73.596560 -10.342589 0.600000
91256 -14.820399 -74.081317 -10.520657 0.700000
91257 -14.603828 -73.928523 -10.905103 0.700000
91270 -13.273204 -71.903096 -8.345481 0.600000
91271 -12.874935 -72.517000 -8.583819 0.600000
91272 -12.839146 -72.326917 -7.866979 0.600000
91287 -8.975747 -69.512966 -5.647970 0.600000
91289 -8.450839 -69.267404 -5.453465 0.600000
91291 -8.174620 -68.666234 -5.734722 0.600000
91292 -10.964342 -68.055968 -7.918117 0.600000
91293 -10.321054 -68.416125 -7.477054 0.700000
91294 -10.455034 -67.693083 -7.878850 0.700000
91295 -10.033823 -66.176969 -7.367474 0.800000
91296 -9.410724 -66.987322 -7.290767 0.800000
91297 -9.159282 -66.599880 -6.837834 0.800000
91298 -8.548112 -67.054624 -6.235140 0.700000
91299 -9.141846 -66.345224 -6.353852 0.800000
91300 -9.359334 -66.166055 -5.784946 0.700000
91301 -10.008128 -65.801351 -6.291757 0.700000
91302 -12.468406 -64.531708 -6.293583 0.500000
91303 -11.777399 -65.018283 -5.957536 0.500000
91304 -12.604222 -64.707239 -5.729243 0.400000
91305 -12.774908 -64.758170 -5.081804 0.500000
91306 -13.433797 -64.318888 -5.401414 0.400000
91310 -16.116151 -61.738675 -9.608398 0.400000
91311 -15.954641 -62.680903 -9.532605 0.500000
91312 -15.577478 -62.316199 -9.293354 0.400000
91313 -14.927766 -62.822783 -8.935390 0.500000
91314 -15.193891 -62.029711 -8.907082 0.400000
91316 -16.835606 -59.186656 -9.146333 0.300000
91317 -16.738333 -59.253048 -8.645915 0.400000
91318 -15.857368 -60.797356 -7.453312 0.400000
91319 -15.820661 -60.680942 -8.002128 0.400000
91320 -15.343472 -61.291208 -7.656949 0.400000
91321 -14.862612 -61.815981 -7.834105 0.400000
91322 -14.861694 -61.892378 -7.298986 0.400000
91323 -14.431306 -62.590864 -6.979375 0.500000
91324 -14.925931 -62.120659 -6.723687 0.500000
91325 -15.460016 -61.977870 -5.398674 0.500000
91326 -15.003016 -62.494458 -5.624228 0.400000
91327 -15.035134 -62.574493 -5.037058 0.500000
91328 -14.647877 -63.211134 -4.679095 0.500000
91329 -15.008522 -62.529928 -4.458107 0.500000
91330 -14.848847 -62.353488 -3.996042 0.500000
91331 -15.265470 -61.869641 -4.348526 0.500000
91333 -15.560960 -60.385359 -4.244425 0.300000
93534 -15.605926 -81.904720 -6.453388 0.700000
93535 -14.999345 -81.719185 -6.502700 0.700000
93536 -15.775695 -81.105281 -6.373029 0.700000
93537 -16.016125 -80.313119 -6.570274 0.700000
93538 -16.249214 -79.736504 -6.914540 0.700000
93850 -33.426194 -81.525464 -7.723611 0.300000
95423 -15.939041 -87.362549 -11.462138 0.400000
95424 -25.009308 -86.674977 -13.349665 0.600000
95425 -24.508260 -86.866879 -13.859215 0.600000
95426 -25.026744 -86.303906 -13.703063 0.700000
95427 -25.008391 -85.849163 -14.019020 0.600000
95428 -24.954248 -85.370773 -14.178825 0.700000
97710 -11.588359 -64.597191 -2.615325 0.400000
97711 -11.453461 -64.060594 -2.166045 0.400000
97712 -12.154562 -63.945089 -2.466478 0.400000
97713 -12.552832 -63.258427 -2.384293 0.400000
97714 -12.841899 -62.528109 -2.409862 0.400000
97715 -13.143813 -61.694110 -2.520355 0.500000
97716 -13.342947 -62.278000 -2.690205 0.500000
97717 -13.863267 -61.965137 -3.033558 0.400000
97718 -14.264290 -61.767778 -3.349516 0.400000
97733 -19.379392 -73.427396 -5.992236 0.500000
97734 -18.579182 -73.734802 -6.310020 0.500000
97735 -18.848978 -73.167283 -6.026937 0.500000
97736 -18.497510 -72.830773 -6.206832 0.500000
97737 -18.260750 -72.560655 -6.376682 0.500000
97739 -16.818170 -68.524354 -8.633130 0.600000
97740 -16.389618 -68.212400 -8.755495 0.600000
97741 -15.777530 -68.680786 -8.669657 0.600000
97742 -15.196644 -69.207378 -8.549119 0.700000
97743 -14.649712 -69.673035 -8.338176 0.600000
97744 -14.887389 -68.820847 -8.301649 0.700000
97745 -14.557945 -68.510712 -8.204853 0.600000
97746 -14.144075 -68.061425 -8.258730 0.600000
97747 -13.693498 -67.706726 -8.322652 0.600000
97748 -14.457001 -67.357483 -8.587472 0.600000
97749 -14.766256 -66.549859 -8.828549 0.500000
97750 -15.192056 -65.617635 -8.998399 0.500000
98164 -26.129786 -83.411739 -4.537553 0.300000
98165 -26.343603 -83.525425 -4.928391 0.300000
98166 -26.546408 -82.836944 -5.069019 0.300000
98167 -27.218144 -82.227588 -5.560306 0.300000
98168 -28.000918 -81.705542 -5.875350 0.300000
99744 -30.394206 -81.792853 -13.156072 0.500000
99745 -29.746330 -82.055695 -13.439156 0.500000
99746 -30.614447 -81.596404 -13.578871 0.400000
102035 -9.218013 -66.327944 -3.032645 0.500000
102036 -9.188647 -66.639898 -3.596072 0.700000
102037 -9.581411 -66.395246 -4.127539 0.700000
102038 -9.991610 -66.113305 -4.595996 0.700000
102044 -12.922654 -80.901556 -7.298073 0.500000
102046 -12.535396 -80.731482 -7.709000 0.500000
102979 -24.206346 -87.307980 -10.609235 0.300000
102980 -24.512848 -87.311617 -11.305986 0.300000
102981 -25.015732 -87.021491 -10.897798 0.300000
102982 -25.636996 -86.593123 -11.058516 0.300000
102983 -26.276613 -86.112005 -11.074040 0.300000
102984 -27.171343 -83.881944 -6.664331 0.300000
102985 -26.840981 -84.476748 -6.768433 0.400000
102986 -27.404432 -83.945608 -7.056995 0.300000
102987 -27.677898 -84.007453 -7.475228 0.300000
102988 -27.948611 -84.063841 -7.836844 0.300000
102989 -30.888831 -82.562279 -8.789283 0.300000
102990 -29.988595 -83.157992 -8.855031 0.400000
102991 -30.149188 -82.901517 -9.072366 0.400000
102992 -29.480205 -83.264402 -9.411153 0.400000
102993 -28.813975 -83.649115 -9.810209 0.400000
102994 -28.196382 -84.118410 -10.206526 0.400000
102995 -28.869953 -83.366265 -10.102425 0.500000
102996 -28.981909 -83.021569 -10.421122 0.400000
102997 -29.127819 -82.727805 -10.793696 0.400000
102998 -29.289329 -82.516804 -11.228366 0.400000
102999 -29.950053 -82.009311 -10.794609 0.400000
103000 -30.885161 -81.384494 -10.844834 0.400000
103001 -31.925800 -80.766043 -10.977244 0.400000
105279 -20.910986 -77.339098 -9.652231 0.500000
105280 -20.587966 -77.415494 -9.120764 0.600000
105281 -20.879785 -76.929829 -9.667755 0.500000
105282 -20.796277 -76.512374 -9.641273 0.500000
105283 -20.804536 -75.990329 -9.466857 0.600000
105288 -22.187468 -73.943075 -6.998552 0.500000
105289 -21.600158 -73.894872 -6.615933 0.600000
105290 -22.519665 -73.554724 -6.556577 0.400000
107702 -13.977976 -85.368954 -9.701542 0.400000
107703 -14.115627 -84.917849 -9.191992 0.700000
107704 -14.295491 -84.392166 -8.613954 0.700000
107705 -14.510226 -83.955612 -8.020392 0.700000
107706 -15.047064 -84.106587 -8.224942 0.700000
107707 -15.901416 -83.728240 -7.931814 0.700000
107708 -16.861301 -83.145260 -7.872458 0.700000
107722 -19.242659 -86.542192 -14.307583 0.500000
107724 -26.208705 -83.178001 -13.768811 0.500000
107725 -26.203199 -82.730534 -13.701236 0.500000
107726 -25.569088 -82.812388 -13.533213 0.600000
107727 -24.862481 -82.909703 -13.381626 0.600000
107728 -23.764945 -81.502727 -12.187197 0.500000
107729 -23.735580 -82.052966 -12.347915 0.500000
107730 -23.085868 -82.233954 -12.157062 0.500000
107731 -22.384767 -82.938806 -12.347002 0.500000
107732 -21.527662 -83.606369 -12.630998 0.500000
107733 -20.733876 -84.343053 -12.886687 0.600000
107734 -20.886209 -83.994720 -12.419142 0.500000
107735 -20.351206 -84.441278 -12.158888 0.600000
107736 -19.805192 -84.874194 -11.842931 0.700000
107737 -19.235318 -85.348036 -11.511449 0.600000
107738 -19.985973 -84.472200 -11.312378 0.700000
107739 -20.149319 -84.005634 -10.831136 0.700000
107740 -20.240168 -83.499050 -10.514265 0.700000
107745 -20.342947 -80.912470 -10.270448 0.400000
107746 -19.881359 -81.076178 -9.696976 0.500000
107747 -20.419114 -80.435899 -10.225703 0.500000
107748 -20.587048 -79.972971 -10.099685 0.500000
107749 -20.746723 -79.470024 -9.933488 0.500000
107750 -20.838490 -78.997091 -9.730763 0.500000
107751 -21.082591 -78.776996 -10.515178 0.500000
112624 -21.911248 -84.564059 0.727798 0.300000
112625 -22.301259 -84.465834 0.382619 0.300000
112626 -24.044835 -82.505891 -0.294955 0.300000
112627 -23.726403 -83.039759 -0.271212 0.300000
112628 -24.336655 -82.988828 -0.536945 0.300000
112637 -26.021500 -82.738719 -2.587930 0.300000
114572 -10.613792 -61.503118 -1.383456 0.300000
114574 -10.410986 -60.839193 -1.314968 0.400000
114575 -10.292606 -60.184362 -1.304010 0.400000
114579 -10.799161 -58.205320 -1.984323 0.300000
114580 -11.022155 -57.453174 -2.315805 0.400000
114581 -11.235973 -56.709214 -2.551403 0.300000
114582 -11.500262 -57.375868 -2.523095 0.400000
114583 -11.978369 -57.266730 -2.723993 0.300000
114584 -12.434452 -57.122121 -2.925804 0.300000
114585 -13.598060 -58.684619 -3.693782 0.400000
114586 -13.480598 -58.081630 -3.606117 0.400000
114587 -13.801783 -57.884271 -3.977778 0.300000
114635 -18.541558 -77.710168 -8.235900 0.500000
114636 -17.988202 -78.133989 -8.104404 0.600000
114637 -18.088228 -77.714715 -8.371050 0.500000
114638 -17.588097 -77.624676 -8.515331 0.600000
114639 -17.138438 -77.338188 -8.661439 0.600000
114640 -16.126246 -75.047191 -8.163760 0.600000
114641 -16.000525 -75.701112 -8.416709 0.600000
114642 -15.678422 -75.523762 -8.662352 0.500000
114643 -15.328789 -76.039441 -9.167336 0.600000
114644 -14.886471 -76.602413 -9.671407 0.600000
114645 -14.474437 -77.145377 -10.129820 0.600000
114646 -14.479025 -76.343210 -9.943533 0.600000
114647 -14.237677 -75.849359 -10.334370 0.700000
114648 -14.031201 -75.427357 -10.755343 0.600000
114650 -18.795753 -70.804437 -6.448822 0.500000
114651 -18.584688 -70.519767 -6.646981 0.500000
114652 -18.059780 -71.039994 -7.279809 0.600000
114653 -17.589932 -71.472000 -7.841410 0.800000
114654 -16.082197 -71.249176 -9.920703 0.800000
114655 -16.364840 -71.639345 -9.688757 0.800000
114656 -15.825249 -71.853075 -10.258577 0.600000
114657 -15.461851 -72.482439 -10.585493 0.700000
114658 -15.058076 -73.072696 -10.909669 0.700000
114659 -14.486366 -73.661134 -11.221060 0.600000
114660 -14.308338 -73.380103 -11.319683 0.600000
114667 -12.877688 -71.105477 -7.116351 0.700000
114668 -12.785003 -72.028606 -7.178447 0.600000
114669 -12.593209 -71.542030 -6.501786 0.600000
114670 -12.303225 -71.934019 -5.820560 0.500000
114677 -10.007210 -70.274206 -5.118330 0.500000
114678 -9.632800 -69.703049 -5.779467 0.600000
114679 -9.274908 -69.159176 -6.362984 0.600000
114680 -11.679208 -66.327944 -8.355526 0.600000
114681 -10.765207 -66.859084 -8.076095 0.800000
114682 -11.113923 -65.950507 -8.133625 0.700000
114683 -10.959754 -65.659471 -7.792099 0.700000
114684 -10.772549 -65.499402 -7.272504 0.700000
114685 -10.753278 -65.376621 -6.751996 0.800000
114686 -11.535134 -64.928244 -7.083477 0.600000
114687 -12.328920 -64.478958 -6.844226 0.500000
114688 -13.142895 -63.985107 -6.583972 0.500000
114692 -16.689696 -61.133866 -9.940793 0.400000
114693 -16.207919 -60.750973 -9.579177 0.400000
114698 -15.897745 -60.941965 -6.832355 0.400000
114699 -15.447169 -61.604980 -6.507265 0.400000
114700 -15.926193 -61.072021 -6.306367 0.400000
114701 -15.895910 -61.323040 -5.748419 0.400000
114702 -15.817908 -61.343958 -5.235216 0.500000
114703 -15.720635 -61.353962 -4.659005 0.400000
115391 -28.111957 -80.732392 -5.221519 0.300000
118404 -12.657447 -83.691861 -7.649644 0.500000
118405 -12.063713 -83.578175 -7.608551 0.500000
118406 -12.761143 -83.226204 -7.266112 0.500000
118407 -12.936419 -82.732353 -6.999465 0.600000
118408 -13.086917 -81.899263 -6.853358 0.600000
118409 -14.449659 -81.579124 -6.548358 0.700000
118410 -13.935763 -81.324468 -6.672550 0.700000
118411 -13.384243 -81.071630 -6.943762 0.500000
118412 -13.720110 -80.384968 -7.284375 0.500000
118413 -14.003671 -79.915673 -7.814015 0.600000
118414 -14.404694 -79.500038 -8.348221 0.600000
119139 -30.633718 -82.445864 -7.397608 0.300000
119140 -29.968406 -82.816935 -7.602159 0.300000
119141 -30.920950 -82.599568 -7.690737 0.400000
119142 -31.222864 -82.649589 -7.996649 0.400000
119143 -31.417410 -82.525899 -8.300736 0.300000
119144 -32.869167 -81.836508 -7.991170 0.300000
119145 -32.230467 -82.072975 -8.272427 0.300000
119146 -31.600027 -82.292161 -8.536334 0.300000
119147 -31.760619 -81.973841 -8.733579 0.300000
119148 -31.867987 -81.590947 -8.933564 0.300000
119150 -32.146042 -80.848806 -9.580090 0.300000
119152 -33.649188 -79.944776 -9.320749 0.300000
120925 -22.041558 -75.350050 -10.242140 0.500000
122811 -14.546933 -86.112005 -10.197394 0.500000
122812 -15.337048 -85.958301 -9.658623 0.600000
122813 -16.228107 -85.570860 -9.257740 0.700000
122817 -22.563713 -87.878228 -14.136819 0.400000
122819 -23.930126 -86.913262 -14.326759 0.600000
122820 -23.219848 -87.094250 -14.632672 0.500000
122821 -22.434321 -87.208845 -14.822612 0.400000
122822 -22.302177 -86.757740 -15.018031 0.400000
122823 -22.176456 -86.272984 -15.025336 0.600000
122824 -22.029628 -85.737296 -14.829004 0.600000
122825 -27.168590 -80.900647 -13.807164 0.500000
122826 -26.430782 -81.315373 -13.426371 0.500000
122827 -26.413346 -80.820612 -13.419066 0.500000
122828 -25.796671 -80.786052 -13.062929 0.500000
122829 -25.105664 -80.802422 -12.827330 0.500000
122832 -24.418328 -80.887914 -12.567076 0.500000
122833 -23.747510 -81.021609 -12.273948 0.500000
122834 -23.084951 -81.242614 -11.927856 0.600000
122835 -22.505900 -81.493632 -11.630162 0.600000
122836 -21.960803 -81.867431 -11.318770 0.600000
122837 -22.480205 -81.108010 -11.810970 0.500000
122838 -22.402203 -80.791508 -12.040176 0.500000
126642 -24.369691 -81.881983 -0.278518 0.300000
128152 -10.378868 -62.738201 -1.434594 0.400000
128153 -11.224043 -63.410311 -1.872003 0.400000
128154 -11.053356 -62.785494 -1.651015 0.400000
128155 -10.788149 -62.171590 -1.493950 0.400000
128156 -11.249738 -61.536769 -1.619054 0.300000
128157 -11.637913 -60.770981 -1.792557 0.300000
128158 -11.967357 -60.019745 -2.068335 0.500000
128159 -12.187599 -59.307617 -2.360550 0.500000
128160 -12.447300 -59.920611 -2.324937 0.400000
128161 -12.861170 -59.797831 -2.632676 0.400000
128162 -13.206214 -59.642308 -3.030819 0.400000
128163 -13.335606 -60.951060 -2.671942 0.500000
128164 -13.446644 -60.203462 -3.021687 0.400000
128165 -13.495281 -59.466778 -3.412525 0.400000
128166 -13.789853 -59.240315 -3.731222 0.400000
128167 -14.112874 -58.957465 -3.989650 0.400000
128168 -14.596487 -58.630959 -4.365876 0.300000
128201 -18.507604 -75.603797 -7.176621 0.600000
128202 -17.910200 -75.997605 -7.559240 0.600000
128203 -17.966178 -75.408258 -7.143746 0.600000
128204 -17.459623 -75.124498 -7.221366 0.600000
128205 -16.992528 -74.855290 -7.443267 0.600000
128206 -17.815679 -74.009467 -6.824136 0.500000
128207 -17.217357 -74.268671 -7.231411 0.500000
128208 -16.655742 -74.611547 -7.667907 0.500000
128209 -16.425407 -74.424193 -7.933640 0.600000
128210 -16.223519 -74.225925 -8.189329 0.600000
128211 -16.143681 -73.979454 -8.548205 0.500000
128213 -17.862481 -69.955886 -7.401261 0.700000
128214 -17.662428 -69.702139 -7.702608 0.600000
128215 -17.290771 -70.035921 -8.347307 0.600000
128216 -16.897090 -70.335142 -8.956393 0.800000
128217 -16.614447 -69.253762 -8.829462 0.600000
128218 -16.507997 -69.936787 -9.126243 0.700000
128219 -16.360252 -70.619811 -9.505210 0.800000
128220 -15.653645 -70.984515 -9.805644 0.800000
128221 -14.936025 -71.356495 -9.962709 0.500000
128222 -14.225748 -71.786682 -9.854955 0.600000
128223 -13.569612 -72.239606 -9.619356 0.600000
128224 -14.056896 -71.730294 -9.299746 0.600000
128225 -13.752229 -71.508379 -8.678789 0.700000
128226 -13.526482 -71.212796 -8.107143 0.700000
128227 -14.106450 -70.103223 -8.120841 0.600000
128228 -13.629261 -70.427909 -7.864239 0.700000
128229 -13.237415 -70.750777 -7.572937 0.800000
128230 -12.800603 -70.176891 -7.244195 0.800000
128231 -12.194940 -69.729424 -7.151052 0.800000
128232 -11.634242 -69.376543 -7.155618 0.700000
128233 -10.989119 -69.105516 -7.080738 0.700000
128234 -11.503015 -68.801747 -7.519973 0.700000
128235 -11.575512 -68.242413 -7.954643 0.500000
128236 -11.726927 -67.553022 -8.241379 0.600000
128237 -13.153907 -67.445703 -8.421274 0.600000
128238 -12.539067 -67.117378 -8.517157 0.600000
128239 -12.101337 -66.740851 -8.453235 0.500000
128240 -12.572103 -65.848645 -8.510765 0.500000
128241 -13.037363 -64.868218 -8.613954 0.500000
128242 -13.426455 -63.926900 -8.523550 0.500000
129154 -26.020583 -85.832792 -4.254469 0.300000
129155 -25.971946 -85.969215 -4.774978 0.300000
129156 -26.053619 -85.484459 -4.718361 0.300000
129157 -26.183928 -84.969690 -5.285441 0.300000
129158 -26.481254 -84.417631 -5.836084 0.300000
129159 -26.548244 -83.638201 -5.369453 0.300000
129160 -26.750132 -83.734607 -5.847042 0.300000
129161 -26.958443 -83.818280 -6.275320 0.300000
129162 -27.619167 -83.236208 -6.578493 0.300000
129163 -28.412953 -82.796926 -6.815004 0.300000
129164 -29.323283 -82.465873 -7.008597 0.300000
129165 -28.335868 -80.898828 -5.544782 0.300000
129166 -28.595570 -81.071630 -5.842476 0.300000
129167 -28.886471 -81.246252 -6.112775 0.300000
129168 -30.657578 -80.587783 -6.063464 0.300000
129169 -29.927111 -80.975225 -6.301802 0.300000
129170 -29.211327 -81.494542 -6.363897 0.400000
129171 -29.595832 -81.736465 -6.616846 0.400000
129172 -29.995937 -81.982936 -6.876187 0.400000
129173 -30.340064 -82.224859 -7.127309 0.300000
129174 -31.312796 -82.092074 -7.188492 0.300000
129175 -32.248821 -81.970203 -7.173881 0.300000
132489 -27.282381 -84.202083 -12.735100 0.500000
132490 -26.825381 -84.420360 -13.146941 0.500000
132491 -27.394337 -83.754616 -13.063842 0.500000
132492 -27.487022 -83.313515 -13.375234 0.500000
132493 -27.597143 -82.913341 -13.657404 0.600000
132494 -29.038805 -82.287614 -13.662883 0.500000
132495 -28.357893 -82.456778 -13.799859 0.500000
132496 -27.659544 -82.560460 -13.872913 0.500000
137326 -9.624541 -65.011917 -2.089338 0.500000
137327 -10.315548 -65.074672 -2.367856 0.500000
137328 -9.766780 -65.914128 -3.005250 0.500000
137329 -10.391715 -65.502130 -2.892930 0.500000
137330 -10.998296 -65.073762 -2.736777 0.500000
137331 -11.648925 -65.021921 -3.120310 0.400000
137332 -12.261930 -64.846390 -3.465489 0.500000
137333 -12.899712 -64.569906 -3.765922 0.500000
137391 -16.752098 -66.106029 -9.480554 0.500000
139260 -22.716964 -87.433489 -9.032187 0.300000
139261 -22.301259 -87.687235 -9.332620 0.300000
139266 -22.926193 -87.998280 -12.573469 0.400000
139267 -23.669508 -87.701787 -12.795369 0.400000
139268 -24.373362 -87.350725 -12.907690 0.400000
139269 -24.755113 -87.246134 -11.918724 0.400000
139270 -24.922129 -87.127901 -12.475759 0.400000
139271 -24.971684 -86.962375 -12.974351 0.500000
139272 -25.559911 -86.383032 -12.868423 0.600000
139273 -26.095832 -85.850982 -12.658394 0.700000
139274 -26.624411 -85.261635 -12.499502 0.600000
139278 -26.511537 -84.984241 -6.879840 0.300000
139284 -29.348978 -83.242575 -7.808536 0.300000
139285 -28.746985 -83.680947 -8.022218 0.300000
139286 -28.184453 -84.110225 -8.242293 0.300000
139287 -29.163608 -83.660029 -8.827636 0.400000
139288 -28.389093 -84.128415 -8.683355 0.300000
139289 -27.677898 -84.467653 -8.504373 0.300000
139290 -27.189696 -84.796887 -8.844986 0.300000
139291 -26.665706 -85.227074 -9.178294 0.300000
139294 -26.676718 -85.692731 -10.569056 0.300000
139295 -26.820792 -85.615425 -10.996420 0.400000
139296 -27.727452 -84.602257 -10.571795 0.600000
139297 -27.308994 -85.026078 -10.932498 0.600000
139298 -26.923572 -85.482640 -11.375387 0.500000
139299 -27.006162 -85.257087 -11.744308 0.500000
139300 -27.082329 -84.953319 -12.088574 0.500000
139301 -27.140142 -84.607714 -12.414577 0.500000
139302 -27.729287 -83.834650 -12.397226 0.500000
139303 -28.441401 -83.091600 -12.433753 0.500000
139304 -29.232434 -82.517714 -12.548813 0.500000
139305 -29.600420 -82.303075 -11.718739 0.500000
139306 -29.878475 -82.139367 -12.210026 0.500000
139307 -30.134505 -81.985664 -12.715010 0.500000
139308 -31.063189 -81.423602 -12.826417 0.500000
139309 -31.970766 -80.872453 -12.922300 0.400000
139311 -32.305716 -80.583236 -10.064071 0.300000
139312 -32.589277 -80.385877 -10.587319 0.300000
139313 -32.868249 -80.237631 -11.106914 0.300000
139316 -33.117856 -80.135769 -11.615551 0.300000
139317 -33.331673 -80.028449 -12.046568 0.400000
143949 -19.014159 -79.560064 -7.278896 0.600000
143950 -18.330493 -79.480938 -6.954720 0.600000
143951 -19.065548 -79.024376 -7.364734 0.600000
143952 -19.060960 -78.492326 -7.587548 0.500000
143953 -19.089408 -78.097609 -7.953730 0.500000
143954 -20.141060 -77.515538 -8.678789 0.600000
143955 -19.639093 -77.601030 -8.401185 0.500000
143956 -19.049948 -77.668332 -8.198460 0.500000
143957 -19.077478 -77.237235 -8.307128 0.500000
143958 -19.105008 -76.742474 -8.195721 0.600000
143959 -19.017829 -76.142213 -7.803970 0.600000
143960 -21.696513 -75.313671 -9.828473 0.500000
143961 -21.329445 -75.379154 -9.454072 0.500000
143962 -20.966964 -75.449184 -9.008444 0.600000
143964 -21.256031 -74.996260 -8.424927 0.600000
143965 -20.629261 -75.503754 -8.524463 0.600000
143966 -20.201626 -75.546500 -8.065137 0.600000
143967 -19.651941 -75.616530 -7.675213 0.600000
143968 -19.078396 -75.706569 -7.362908 0.600000
143969 -19.220635 -75.204533 -6.935543 0.600000
143970 -19.440876 -74.687944 -6.534661 0.600000
143971 -19.666623 -74.187727 -6.221442 0.600000
143972 -21.073414 -73.898510 -6.272580 0.600000
143973 -20.470504 -73.839393 -6.021458 0.500000
143974 -19.941925 -73.622026 -5.875350 0.500000
143975 -20.223650 -73.056325 -5.651623 0.500000
148835 -12.533561 -84.047470 -8.100751 0.500000
148836 -13.112612 -83.759163 -7.715392 0.600000
148837 -13.713687 -83.444481 -7.324555 0.700000
148838 -14.418459 -83.084324 -7.060648 0.700000
148839 -14.716702 -83.592727 -7.462444 0.700000
148840 -14.965391 -83.144350 -7.089869 0.700000
148841 -15.280152 -82.577740 -6.747430 0.700000
148842 -16.195071 -81.968384 -6.541966 0.700000
148843 -17.102648 -81.288998 -6.610454 0.700000
148844 -18.019403 -80.686917 -6.831442 0.700000
148872 -26.220635 -84.574063 -13.467464 0.600000
148873 -25.596618 -84.759598 -13.880218 0.700000
148874 -24.890929 -84.843271 -14.222658 0.700000
148875 -25.536970 -83.756435 -13.886610 0.700000
148876 -24.832198 -84.313040 -14.151430 0.700000
148877 -24.164133 -84.921487 -14.471954 0.600000
148878 -23.402465 -85.009707 -14.587013 0.600000
148879 -22.638962 -85.077919 -14.566010 0.600000
148880 -21.914919 -85.185238 -14.505741 0.600000
148881 -25.692974 -81.813771 -13.189860 0.600000
148882 -24.925800 -82.404028 -13.104935 0.600000
148883 -24.202675 -82.971548 -13.189860 0.500000
148884 -23.623624 -82.599568 -12.692181 0.500000
148885 -23.512586 -83.105242 -13.114067 0.500000
148886 -23.451102 -83.510873 -13.521341 0.500000
148887 -22.704117 -84.098402 -13.834559 0.600000
148888 -21.901154 -84.677744 -14.148691 0.600000
148889 -21.156922 -85.345308 -14.440906 0.500000
148890 -20.453068 -85.581774 -14.262837 0.500000
148891 -19.877688 -85.750939 -14.054634 0.500000
148892 -19.297719 -86.106548 -13.890263 0.500000
148893 -20.007080 -85.054272 -13.140549 0.500000
148894 -19.358286 -85.780952 -13.438243 0.500000
148895 -18.617725 -86.622227 -13.728631 0.400000
148896 -17.989119 -87.095160 -13.563347 0.500000
148897 -17.288018 -87.438036 -13.327749 0.500000
148899 -16.629130 -87.494424 -12.442885 0.500000
148900 -16.762192 -87.227035 -11.789967 0.400000
148901 -16.886078 -86.882340 -11.159878 0.500000
148902 -18.578265 -85.856439 -11.215581 0.600000
148903 -17.836786 -86.232966 -10.884100 0.600000
148904 -17.002622 -86.452153 -10.534355 0.600000
148905 -17.093472 -85.987405 -9.934401 0.600000
148906 -17.119167 -85.500830 -9.390150 0.700000
148907 -17.123755 -84.960595 -8.986528 0.700000
148908 -21.380834 -82.230316 -11.015597 0.600000
148909 -20.832984 -82.570464 -10.695986 0.600000
148910 -20.277793 -82.960634 -10.286885 0.600000
148911 -20.879785 -81.593676 -10.704205 0.500000
148912 -20.316335 -82.411304 -10.189176 0.600000
148913 -19.666623 -83.345347 -9.834865 0.700000
148914 -18.917803 -83.735516 -9.400195 0.700000
148915 -18.072628 -84.102949 -9.022142 0.700000
148916 -17.199922 -84.343053 -8.731753 0.700000
148917 -17.355008 -83.672762 -8.487023 0.700000
148918 -17.584426 -83.017022 -8.245945 0.700000
148919 -17.867987 -82.328541 -8.066050 0.700000
148920 -19.357368 -81.321739 -9.063234 0.600000
148921 -18.812271 -81.475442 -8.417622 0.700000
148922 -18.200184 -81.681896 -7.834105 0.700000
148923 -18.492921 -81.100734 -7.543716 0.700000
148924 -18.739775 -80.520481 -7.308117 0.600000
148925 -18.908626 -80.036635 -7.257893 0.600000
148926 -19.618904 -79.510042 -7.763790 0.600000
148927 -20.230991 -78.967078 -8.274254 0.500000
148928 -20.676980 -78.372274 -8.914387 0.600000
148929 -20.920163 -78.545986 -9.623009 0.500000
148930 -20.969717 -78.149450 -9.577350 0.600000
148931 -20.988071 -77.747457 -9.563653 0.500000
158696 -22.468275 -83.831922 0.408188 0.300000
158698 -23.485056 -83.665486 -0.234685 0.300000
158713 -25.988464 -85.346217 -3.822539 0.300000
158714 -25.949004 -84.771422 -3.898332 0.300000
158715 -25.907709 -84.190260 -4.003347 0.300000
162610 -12.372051 -58.556381 -2.714861 0.500000
162611 -12.611563 -57.818788 -2.965070 0.400000
162612 -12.875852 -56.985698 -3.189711 0.300000
162613 -13.368642 -57.464998 -3.585114 0.400000
162614 -13.253933 -56.863827 -3.550414 0.400000
162709 -17.647745 -79.353610 -6.917280 0.600000
162710 -17.047588 -79.239015 -7.117264 0.700000
162711 -16.551128 -79.299951 -7.426830 0.700000
162712 -17.431175 -78.525068 -7.988431 0.600000
162713 -16.779628 -78.875220 -7.958296 0.700000
162714 -16.054667 -79.268118 -7.807623 0.700000
162715 -15.560960 -79.192631 -8.159194 0.600000
162716 -15.109465 -79.143519 -8.524463 0.600000
162717 -14.745150 -79.036199 -8.874208 0.600000
162718 -17.447693 -76.317744 -7.977473 0.500000
162719 -17.054930 -76.727013 -8.485196 0.500000
162720 -16.627295 -77.213588 -8.945435 0.600000
162721 -16.097798 -76.405964 -8.719882 0.600000
162722 -16.170294 -77.054428 -9.069627 0.600000
162723 -16.132669 -77.677427 -9.232171 0.600000
162724 -15.571972 -78.167640 -9.425764 0.600000
162725 -15.036969 -78.592370 -9.378279 0.600000
162726 -14.421212 -79.032561 -9.331707 0.500000
162738 -18.092816 -72.297814 -6.668897 0.500000
162739 -18.402072 -71.374685 -6.688987 0.500000
162740 -17.957919 -72.044067 -6.966591 0.700000
162741 -17.530284 -72.695259 -7.188492 0.600000
162742 -16.978763 -73.102709 -7.730003 0.600000
162743 -16.485055 -73.449224 -8.326304 0.600000
162744 -16.026220 -73.701151 -8.919866 0.500000
162745 -17.682617 -70.667104 -7.756485 0.700000
162746 -17.392633 -71.296469 -8.126320 0.800000
162747 -17.082460 -71.913101 -8.448670 0.700000
162748 -16.489644 -72.014963 -9.404761 0.700000
162749 -16.626377 -72.260525 -9.079672 0.700000
162750 -16.679602 -72.454245 -8.764627 0.700000
162751 -16.280415 -72.999937 -9.063234 0.600000
162752 -15.910593 -73.482875 -9.337186 0.600000
162753 -15.498558 -73.981273 -9.528039 0.600000
162754 -14.940614 -74.291408 -10.107904 0.700000
162755 -14.396434 -74.656112 -10.668591 0.700000
162757 -13.969717 -74.241386 -11.397303 0.500000
162772 -12.916230 -72.587940 -9.341752 0.600000
162775 -12.492266 -72.856238 -7.281635 0.600000
162799 -10.410068 -68.966364 -7.037818 0.700000
162800 -9.731909 -68.798109 -6.960199 0.700000
162801 -8.978500 -68.620760 -6.815004 0.700000
162802 -9.889748 -67.372944 -7.682518 0.700000
162803 -8.999607 -67.875890 -7.077998 0.700000
162804 -8.426062 -68.290616 -6.362984 0.700000
162805 -8.182879 -67.886804 -5.975799 0.700000
162806 -8.192056 -67.497544 -5.594093 0.600000
162807 -8.402203 -67.160124 -5.157597 0.600000
162808 -8.894992 -66.580781 -5.216953 0.700000
162809 -9.646565 -66.113305 -5.205082 0.700000
162810 -10.476141 -65.773157 -5.092762 0.700000
162811 -10.928553 -65.342061 -6.138344 0.600000
162812 -11.069874 -65.443923 -5.542042 0.600000
162813 -11.329575 -65.457565 -4.936609 0.500000
162814 -12.160986 -65.116508 -4.705577 0.500000
162815 -12.941925 -64.742709 -4.408796 0.400000
162816 -13.569612 -64.200655 -4.112928 0.500000
162817 -16.203330 -65.424824 -9.483294 0.500000
162818 -15.917934 -65.020102 -9.309791 0.500000
162819 -15.581149 -64.598101 -9.153639 0.500000
162820 -16.387782 -62.961934 -9.644012 0.500000
162821 -15.840850 -63.604941 -9.350884 0.500000
162822 -15.122313 -64.225211 -9.078758 0.600000
162823 -14.633194 -63.824128 -8.949088 0.600000
162824 -14.264290 -63.387574 -8.692487 0.600000
162825 -13.904562 -63.061068 -8.280646 0.500000
162826 -17.188910 -59.176651 -9.678713 0.400000
162827 -16.530021 -59.923340 -9.411153 0.400000
162828 -15.970242 -60.690946 -9.110719 0.400000
162829 -16.292344 -59.979728 -8.329044 0.400000
162830 -15.869298 -60.509049 -8.548205 0.400000
162831 -15.407709 -61.321221 -8.730840 0.400000
162832 -14.933272 -61.815072 -8.381095 0.400000
162833 -14.419376 -62.333479 -8.101664 0.500000
162834 -13.795359 -62.999223 -7.841410 0.500000
162835 -13.726534 -63.136556 -7.308117 0.500000
162836 -13.796277 -63.342100 -6.794001 0.400000
162837 -13.934846 -63.497622 -6.325544 0.400000
162838 -15.030546 -62.314380 -6.184002 0.500000
162839 -14.548768 -63.034693 -5.885395 0.400000
162840 -14.026613 -63.693161 -5.636099 0.400000
162841 -14.100026 -63.790477 -5.028840 0.400000
162842 -14.145910 -63.745912 -4.414275 0.500000
162843 -14.028448 -63.532182 -3.853587 0.500000
162844 -14.372575 -62.810050 -3.673692 0.500000
162845 -14.619429 -62.108836 -3.598812 0.400000
162846 -14.705690 -61.419445 -3.705653 0.400000
162847 -15.408626 -61.156603 -4.280951 0.300000
162848 -15.132407 -60.965611 -3.993302 0.400000
162849 -14.744232 -60.650929 -3.902898 0.400000
162850 -14.817646 -59.794193 -4.082793 0.300000
