#!ascii label, from file  /biac2/kgs/3Danat/FreesurferSegmentations/fsaverage-bkup/label/CBA/cROIs/averages/label/MPM_lh.hOc4.label 
1006
158 -25.832460 -59.080246 -4.942088 0.400000
349 -28.280808 -71.369228 -9.643099 0.600000
350 -20.487022 -71.516565 -5.262612 0.600000
445 -26.411511 -78.058501 -14.874663 0.700000
979 -33.027924 -80.081199 -13.288482 0.400000
980 -27.124542 -81.357209 -13.768811 0.600000
981 -32.770058 -76.796134 -14.430861 0.300000
982 -32.369036 -73.210029 -12.673004 0.400000
1407 -23.251049 -65.680390 -4.056311 0.500000
1408 -18.230467 -69.434750 -6.819570 0.500000
1409 -20.609072 -62.276181 -7.114525 0.600000
1410 -18.220373 -58.706447 -10.243966 0.400000
1779 -21.798375 -75.792061 -10.729774 0.500000
1781 -24.835868 -72.707992 -7.011336 0.600000
1997 -21.393682 -78.956165 -11.934248 0.500000
1998 -27.249345 -75.157239 -12.002736 0.500000
2525 -17.007211 -59.431308 -6.379421 0.400000
2899 -35.952544 -77.693797 -12.919561 0.300000
2900 -33.071972 -78.627840 -14.501175 0.400000
3328 -21.585475 -64.153362 -4.783196 0.700000
3329 -23.030808 -60.705498 -5.490905 0.400000
3330 -22.037887 -58.860150 -7.750093 0.400000
3331 -24.426587 -57.458631 -6.056158 0.400000
3502 -34.717358 -79.106230 -9.818428 0.300000
3924 -25.301128 -74.332335 -9.736242 0.700000
3925 -23.313451 -74.182270 -8.603909 0.600000
3926 -26.600551 -72.152296 -8.476065 0.600000
4377 -26.808863 -79.652831 -14.250966 0.700000
4379 -24.058600 -79.995708 -13.332315 0.500000
4380 -21.785527 -80.775138 -11.812796 0.500000
4381 -23.275826 -78.605103 -13.924964 0.500000
4382 -23.319875 -76.495094 -13.098543 0.600000
4383 -26.651941 -76.410512 -13.420892 0.600000
4385 -32.557158 -70.969054 -11.784488 0.400000
5660 -17.322890 -68.037779 -8.293430 0.600000
5667 -19.651023 -55.935241 -8.546379 0.300000
5668 -17.193498 -58.696442 -8.371963 0.300000
5670 -18.810436 -57.149406 -5.220606 0.300000
6099 -30.161118 -68.239685 -12.163454 0.400000
6100 -27.522811 -69.224659 -10.606496 0.400000
6371 -30.045491 -81.173493 -14.481085 0.500000
6372 -29.978501 -79.498219 -15.029902 0.600000
6373 -29.585737 -77.501896 -14.929453 0.600000
6374 -29.779366 -75.614711 -13.709455 0.500000
6375 -32.451626 -75.009902 -13.608093 0.400000
7139 -21.950708 -68.778101 -4.465412 0.600000
7140 -19.322496 -70.336051 -5.905485 0.500000
7141 -20.264945 -67.467531 -4.845292 0.600000
7142 -19.090325 -65.784071 -6.323718 0.600000
7143 -18.589277 -64.387100 -9.046797 0.600000
7144 -17.420163 -62.920098 -10.170912 0.500000
7145 -19.915312 -60.551795 -9.707021 0.700000
7146 -20.782512 -56.193535 -9.448593 0.300000
7399 -35.619429 -78.636935 -11.476749 0.300000
7993 -22.416886 -72.461521 -5.694542 0.500000
7994 -26.495937 -70.084123 -8.354613 0.500000
7995 -25.323152 -70.466108 -6.312760 0.600000
7996 -23.697955 -69.935877 -4.787762 0.500000
8574 -21.419376 -77.221774 -11.518755 0.500000
8575 -24.130179 -75.456460 -11.779009 0.600000
8576 -27.843996 -73.632030 -10.265882 0.600000
8577 -29.786707 -74.320512 -12.111403 0.500000
8578 -30.259308 -72.261434 -10.583666 0.600000
8579 -30.534610 -69.871304 -10.822917 0.500000
10132 -16.197824 -59.065694 -4.662657 0.300000
11009 -24.372444 -59.905150 -4.985920 0.400000
11010 -23.759439 -59.099345 -5.813254 0.400000
11011 -25.082722 -58.292630 -5.345710 0.300000
11179 -34.544836 -80.584146 -7.484360 0.300000
11181 -34.951364 -80.053005 -7.907158 0.300000
11182 -35.416624 -79.259024 -8.350960 0.300000
11604 -27.021762 -73.176378 -9.336273 0.600000
11605 -26.000394 -73.257322 -8.972830 0.600000
11606 -27.434715 -71.817605 -9.030360 0.500000
12057 -26.517043 -79.004367 -14.758690 0.700000
12058 -25.433273 -79.762879 -13.816296 0.600000
12059 -25.097405 -79.224463 -14.335891 0.500000
12060 -23.675014 -79.499128 -13.819036 0.500000
12061 -24.862481 -78.343171 -14.478346 0.600000
12062 -24.822103 -77.260882 -14.008062 0.600000
12063 -26.464736 -77.124459 -14.288406 0.600000
13339 -18.970110 -72.160481 -5.943838 0.500000
13347 -20.686157 -54.981190 -7.530018 0.300000
13348 -19.615234 -56.444554 -7.845976 0.300000
14005 -29.680258 -67.265625 -12.957914 0.400000
14456 -31.597274 -80.731482 -14.124948 0.500000
14457 -32.941663 -77.754733 -14.675591 0.300000
14458 -31.651416 -79.051661 -14.959588 0.500000
14459 -31.397221 -78.053044 -15.112087 0.400000
14460 -29.737153 -78.487779 -15.085605 0.700000
14461 -31.177898 -77.007135 -14.735860 0.400000
14462 -31.093472 -76.174045 -14.200742 0.400000
14463 -32.525958 -75.966682 -14.001670 0.400000
15737 -22.573807 -67.284724 -4.166805 0.400000
15738 -21.076167 -68.150555 -4.507418 0.700000
15739 -21.669901 -66.623527 -4.261775 0.500000
15740 -20.995412 -63.176573 -5.753898 0.700000
15741 -20.253016 -64.950981 -5.458030 0.600000
15742 -19.752885 -63.993292 -6.646068 0.600000
15743 -18.771893 -64.963714 -7.585722 0.600000
15744 -19.611563 -63.189306 -8.112622 0.600000
15745 -19.316990 -62.580859 -9.507036 0.600000
15746 -20.308994 -61.502208 -8.496155 0.700000
15747 -22.663739 -56.999341 -7.808536 0.400000
15748 -21.484531 -57.615972 -8.823070 0.500000
16264 -36.318695 -78.108523 -9.812036 0.300000
16265 -35.215654 -78.843388 -10.666765 0.300000
17532 -24.155874 -73.587466 -7.686171 0.500000
17533 -22.415968 -74.245024 -7.826799 0.600000
17534 -23.103304 -73.628392 -6.947414 0.400000
17536 -23.619036 -72.688893 -6.263448 0.600000
17538 -26.846487 -69.612100 -9.391976 0.500000
17541 -26.132539 -69.066408 -7.508102 0.600000
17542 -25.674620 -69.033666 -6.398598 0.600000
17543 -24.522942 -70.298762 -5.487252 0.600000
17544 -25.142371 -68.902700 -5.332013 0.500000
17545 -24.381621 -68.499798 -4.640741 0.600000
18887 -26.987809 -82.232135 -13.847344 0.500000
18897 -21.519403 -79.982065 -12.088574 0.500000
18899 -20.754982 -80.314028 -10.943456 0.400000
18903 -21.376246 -78.034855 -11.663949 0.500000
18904 -25.301128 -75.840264 -12.642870 0.700000
18905 -23.639224 -75.857544 -12.573469 0.600000
18906 -25.753540 -75.359145 -11.903200 0.600000
18907 -26.173834 -74.825277 -10.955327 0.600000
18908 -27.535659 -74.466030 -11.132483 0.600000
18909 -31.030153 -74.447840 -13.096716 0.400000
18910 -29.759177 -74.961700 -12.937824 0.500000
18911 -31.074201 -73.695694 -12.355220 0.400000
18913 -31.445858 -71.512927 -11.114219 0.500000
18914 -31.553226 -70.350603 -11.115133 0.500000
18915 -30.403383 -71.029080 -10.429340 0.500000
18916 -31.625722 -69.326521 -11.491359 0.400000
18917 -31.555061 -68.504345 -12.130580 0.400000
22735 -18.750787 -69.898588 -6.307281 0.500000
22757 -17.923965 -60.851926 -10.380942 0.400000
22760 -17.090719 -59.091160 -7.360168 0.400000
22761 -16.273073 -60.130703 -7.743701 0.300000
22764 -16.242790 -60.674576 -5.536563 0.300000
22766 -16.770451 -59.459502 -5.434288 0.300000
23649 -34.539329 -78.802461 -13.173423 0.400000
23650 -33.171081 -79.390899 -13.944140 0.400000
23651 -34.559518 -78.225847 -13.808991 0.300000
23652 -34.437468 -77.442779 -14.042763 0.300000
23653 -34.184191 -76.466900 -13.924964 0.300000
24420 -22.361825 -65.024650 -4.214290 0.500000
24421 -22.978501 -63.337552 -4.361311 0.500000
24422 -22.301259 -62.438980 -5.089109 0.500000
24423 -21.751574 -61.448549 -6.226922 0.500000
24424 -21.470766 -60.599088 -7.498057 0.500000
24425 -22.582067 -59.848762 -6.605888 0.400000
24426 -23.239119 -58.200772 -6.825049 0.400000
24427 -23.833771 -56.465472 -6.888058 0.300000
24736 -35.889225 -78.549624 -9.045884 0.300000
25494 -23.493315 -75.009902 -10.443038 0.600000
25495 -22.448086 -74.915316 -9.671407 0.600000
25496 -24.260488 -74.302322 -9.274177 0.700000
25497 -25.116676 -73.490150 -8.376529 0.700000
25498 -25.809518 -72.557017 -7.762877 0.500000
26309 -27.137389 -80.454089 -13.858302 0.500000
26311 -25.731516 -80.373145 -13.257435 0.500000
26315 -22.808731 -80.399520 -12.675744 0.400000
26316 -22.468275 -79.752875 -13.052884 0.400000
26317 -22.102124 -78.765172 -13.088498 0.500000
26318 -21.874542 -77.762918 -12.833723 0.500000
26319 -23.056503 -77.517357 -13.633662 0.600000
26320 -24.979025 -76.388684 -13.239171 0.700000
26321 -26.917148 -75.823893 -12.692181 0.600000
26322 -33.594128 -71.748484 -12.493109 0.500000
26323 -32.453462 -72.172304 -12.032871 0.500000
26324 -33.630834 -70.616173 -12.496762 0.400000
28618 -17.787232 -68.837217 -7.514494 0.500000
28631 -18.791165 -56.973875 -9.481467 0.300000
28633 -18.494757 -57.333122 -8.692487 0.300000
28634 -18.341505 -57.794232 -7.803970 0.300000
28635 -18.155218 -58.199863 -6.858837 0.400000
28636 -17.913870 -58.393583 -5.849781 0.400000
28637 -19.253671 -57.275824 -6.104556 0.300000
29589 -29.258129 -69.602096 -10.716076 0.600000
29590 -28.129392 -70.223275 -9.945359 0.600000
29591 -28.839670 -68.606208 -11.551629 0.600000
29592 -28.245937 -67.661251 -12.292212 0.500000
30222 -28.438648 -82.135730 -14.062853 0.500000
30223 -28.547851 -81.381765 -14.347762 0.500000
30224 -31.719324 -79.955690 -14.602537 0.500000
30225 -30.102387 -80.360412 -14.834483 0.600000
30226 -28.543262 -80.518662 -14.460082 0.500000
30227 -28.281726 -79.672840 -14.692028 0.800000
30228 -27.961458 -78.791548 -15.004333 0.700000
30229 -28.002754 -77.850229 -15.060037 0.700000
30230 -28.176194 -76.979850 -14.477433 0.600000
30231 -29.727059 -76.556030 -14.464648 0.600000
30232 -31.087966 -75.240912 -13.646446 0.400000
30233 -32.395648 -74.047666 -13.304920 0.400000
30234 -33.822628 -74.473305 -13.409021 0.400000
30235 -33.800604 -73.574733 -13.275698 0.400000
30236 -33.717096 -72.707083 -12.849247 0.400000
32015 -21.309256 -70.184167 -4.818810 0.700000
32016 -19.843734 -70.826264 -5.546608 0.600000
32017 -20.475092 -69.532065 -5.009663 0.700000
32018 -19.738202 -69.049128 -5.286354 0.700000
32019 -19.116020 -68.485246 -5.726503 0.700000
32020 -20.899974 -65.839550 -4.719274 0.500000
32021 -19.659282 -66.716295 -5.447072 0.600000
32022 -18.614054 -67.709454 -6.408643 0.700000
32023 -18.138700 -66.909106 -7.311770 0.600000
32024 -17.822103 -66.153323 -8.506199 0.500000
32025 -17.407315 -65.583074 -9.557261 0.500000
32026 -16.831018 -64.827291 -9.810209 0.500000
32027 -18.079969 -63.775925 -10.100598 0.400000
32028 -18.737940 -61.729580 -10.255837 0.500000
32029 -19.120609 -59.540446 -10.365418 0.400000
32030 -20.909151 -59.554998 -8.739972 0.500000
32031 -20.295229 -58.439058 -9.754506 0.400000
32032 -19.401416 -57.207613 -10.042155 0.400000
32033 -19.926324 -55.563261 -9.102501 0.300000
32698 -33.979550 -79.625547 -11.630162 0.300000
32699 -34.395255 -79.278123 -12.407271 0.400000
32700 -35.859859 -78.222209 -12.208200 0.300000
32701 -37.212507 -76.773397 -12.008215 0.300000
34309 -21.345963 -72.101365 -5.338405 0.600000
34310 -27.292476 -70.620720 -9.126243 0.500000
34311 -26.703330 -71.086378 -8.250511 0.600000
34312 -26.115103 -71.508379 -7.313596 0.600000
34314 -26.153645 -70.416086 -7.250588 0.600000
34315 -25.170819 -71.705738 -6.526442 0.600000
34316 -24.054930 -71.544759 -5.763943 0.700000
34317 -23.006031 -71.332848 -5.214213 0.600000
34318 -22.130572 -70.837178 -4.791415 0.600000
34319 -22.844521 -69.423836 -4.472718 0.600000
34320 -23.521762 -67.898627 -4.293736 0.700000
34321 -24.132932 -66.296112 -4.133018 0.500000
35983 -21.153252 -77.592844 -10.202873 0.500000
35984 -21.560698 -76.556030 -11.229279 0.500000
35985 -21.977321 -76.816143 -12.604516 0.500000
35986 -22.348060 -76.153127 -12.232855 0.500000
35987 -22.793131 -75.609254 -11.442048 0.500000
35988 -24.700053 -74.986256 -10.823831 0.700000
35989 -26.563844 -74.101325 -9.986452 0.600000
35990 -28.089932 -72.566112 -9.781901 0.600000
35991 -28.264290 -76.205877 -13.627269 0.500000
35992 -28.367987 -75.514668 -12.850160 0.500000
35993 -28.532250 -74.767070 -12.058439 0.500000
35994 -31.272418 -72.706173 -11.574458 0.500000
35995 -29.963818 -73.364641 -11.307812 0.500000
35996 -28.762586 -73.950351 -11.177228 0.500000
35997 -29.125984 -72.890799 -10.324325 0.600000
35998 -29.294835 -71.756669 -9.972754 0.600000
35999 -29.370084 -70.598893 -10.156302 0.600000
36000 -30.404301 -69.019115 -11.427437 0.500000
36001 -31.254065 -67.800403 -12.828244 0.400000
40621 -16.227190 -64.021486 -9.423938 0.500000
40633 -17.519271 -58.062530 -4.998705 0.400000
41729 -25.090063 -59.510433 -4.897343 0.400000
41730 -24.734924 -59.092069 -5.177687 0.400000
41731 -25.447038 -58.703718 -5.076324 0.400000
41899 -35.188123 -79.969333 -7.382084 0.300000
41900 -34.754065 -80.348588 -7.683431 0.300000
41901 -35.384505 -79.723771 -7.611291 0.300000
41902 -35.625853 -79.381804 -7.832278 0.300000
42324 -27.736629 -72.303271 -9.443114 0.600000
42325 -27.240168 -72.448788 -9.165510 0.600000
42326 -27.813713 -71.636617 -9.391976 0.600000
42777 -26.433535 -78.601465 -14.904797 0.700000
42778 -25.836131 -79.108049 -14.565097 0.600000
42779 -25.717751 -78.714241 -14.705726 0.600000
42780 -24.963425 -78.833384 -14.473780 0.500000
42781 -25.637913 -78.252222 -14.748645 0.600000
42782 -25.589277 -77.703802 -14.520352 0.600000
42783 -26.404169 -77.566469 -14.643630 0.600000
44057 -20.050210 -72.203227 -5.426983 0.500000
44059 -19.710672 -71.835794 -5.535650 0.600000
44067 -21.176193 -54.605572 -7.117264 0.300000
44068 -20.622837 -55.335890 -7.267025 0.300000
44069 -21.208312 -54.853862 -6.825049 0.300000
45174 -32.204773 -80.701469 -13.325923 0.500000
45175 -31.469717 -81.065264 -13.692105 0.500000
45176 -32.339670 -80.438628 -13.744155 0.500000
45177 -32.884767 -77.259972 -14.577882 0.300000
45178 -32.244232 -77.864781 -14.944064 0.400000
45179 -32.148795 -77.381843 -14.834483 0.400000
45180 -31.321972 -77.508262 -14.994288 0.400000
45181 -31.980861 -76.926191 -14.650935 0.400000
45182 -31.831280 -76.489637 -14.409858 0.400000
45183 -32.591112 -76.381408 -14.240008 0.400000
46457 -22.952806 -66.446177 -4.085533 0.500000
46458 -22.208574 -66.910925 -4.173197 0.500000
46459 -22.530677 -66.101482 -4.097404 0.500000
46460 -20.780677 -62.717282 -6.395858 0.600000
46461 -20.357630 -63.583114 -6.184002 0.700000
46462 -20.200708 -63.133827 -6.888058 0.700000
46463 -19.585868 -63.626769 -7.379345 0.600000
46464 -20.099764 -62.715463 -7.584809 0.700000
46465 -20.003409 -62.349850 -8.308041 0.700000
46466 -20.524646 -61.867822 -7.793012 0.600000
46467 -22.986760 -56.107134 -7.790272 0.300000
46468 -22.400368 -56.345420 -8.257817 0.300000
48249 -21.376246 -76.328658 -10.618367 0.500000
48252 -24.552308 -73.207300 -7.355602 0.600000
48253 -23.695202 -73.612931 -7.346471 0.500000
48254 -24.020058 -73.208210 -6.946501 0.500000
48255 -23.387782 -73.200934 -6.593104 0.600000
48256 -24.288936 -72.730729 -6.608628 0.600000
48263 -25.425931 -69.022753 -5.824213 0.600000
49607 -27.057552 -81.809224 -13.819036 0.500000
49617 -21.428553 -79.480029 -12.067571 0.500000
49618 -21.099109 -80.163053 -11.562587 0.500000
49619 -21.092685 -79.667383 -11.476749 0.500000
49621 -21.144993 -79.130786 -11.337033 0.500000
49622 -21.203724 -78.606012 -11.178141 0.500000
49623 -21.369822 -78.485051 -11.779922 0.500000
49624 -26.290378 -75.564689 -12.407271 0.600000
49625 -25.523204 -75.543771 -12.294951 0.700000
49626 -26.545491 -75.245460 -11.921464 0.600000
49627 -26.714342 -74.966247 -11.486794 0.600000
49628 -27.388831 -74.811634 -11.545237 0.500000
49629 -31.682617 -73.823932 -12.882121 0.400000
49630 -31.031988 -74.094959 -12.753364 0.400000
49631 -31.693629 -73.414663 -12.514112 0.500000
49633 -32.094652 -70.073210 -11.446614 0.400000
49634 -32.132276 -69.567535 -11.628335 0.400000
49635 -31.601862 -69.817644 -11.262153 0.400000
49636 -32.140536 -69.118249 -11.848410 0.500000
53477 -18.060698 -59.768727 -10.394640 0.300000
53479 -17.578002 -59.417665 -10.127993 0.300000
53480 -17.011799 -59.224854 -6.931890 0.400000
53481 -16.641060 -59.779641 -7.053342 0.400000
53482 -16.635554 -59.915154 -6.594930 0.400000
53483 -16.277662 -60.584536 -6.145649 0.300000
53484 -16.615365 -60.082500 -5.989497 0.400000
53485 -16.584164 -60.128884 -5.537476 0.400000
53486 -16.994363 -59.495881 -5.890874 0.400000
54774 -35.256949 -78.259498 -13.099456 0.400000
54775 -34.536576 -78.516883 -13.549650 0.400000
54776 -35.279891 -77.963915 -13.419066 0.400000
54778 -35.224830 -77.285438 -13.773377 0.300000
54779 -35.122969 -76.851613 -13.826341 0.300000
54780 -34.371396 -76.985307 -14.014454 0.300000
56062 -22.661904 -61.521308 -5.330186 0.500000
56063 -21.973650 -61.991512 -5.607791 0.500000
56064 -22.389355 -61.129319 -5.870784 0.500000
56065 -22.192056 -60.644563 -6.417775 0.500000
56066 -22.784872 -60.287134 -6.014152 0.400000
56067 -24.156791 -58.247156 -5.956623 0.400000
56068 -23.540116 -58.672796 -6.308194 0.400000
56069 -23.827347 -57.857896 -6.422340 0.400000
56070 -23.539198 -57.305837 -6.878926 0.400000
56071 -24.137520 -56.998431 -6.498134 0.300000
56584 -36.052570 -78.665129 -8.334523 0.300000
56585 -35.654301 -78.869763 -8.681528 0.300000
57849 -24.418328 -74.696130 -10.106990 0.700000
57850 -23.866807 -74.663388 -9.793772 0.700000
57851 -24.783561 -74.328697 -9.478728 0.700000
57852 -26.346356 -72.684345 -8.699792 0.500000
57853 -25.635160 -73.381922 -8.680615 0.700000
57854 -25.949004 -72.884432 -8.391140 0.600000
57855 -25.491086 -73.016308 -8.036829 0.600000
57856 -26.193105 -72.376029 -8.140017 0.600000
59207 -27.011668 -80.041182 -13.980667 0.600000
59208 -26.402334 -80.439537 -13.527734 0.500000
59209 -26.304143 -80.053915 -13.757853 0.600000
59210 -24.759702 -79.866561 -13.552389 0.500000
59211 -24.941401 -80.123945 -13.249216 0.600000
59216 -23.414395 -80.170329 -13.031881 0.500000
59217 -23.456608 -79.095316 -13.931356 0.500000
59218 -23.006031 -79.625547 -13.440982 0.400000
59219 -22.805061 -79.209911 -13.550563 0.400000
59220 -22.275564 -79.319959 -13.109501 0.500000
59221 -22.594914 -78.690595 -13.575219 0.400000
59222 -22.441663 -78.150360 -13.502165 0.500000
59223 -23.121658 -78.101247 -13.830907 0.500000
59224 -25.702150 -76.734289 -13.761506 0.600000
59225 -24.880834 -76.791587 -13.639141 0.600000
59226 -25.788412 -76.415969 -13.356970 0.600000
59227 -25.949004 -76.132209 -12.994441 0.700000
59228 -26.768485 -76.116748 -13.048318 0.600000
59229 -34.171343 -71.017257 -12.652915 0.400000
59230 -33.612481 -71.194606 -12.462062 0.500000
59231 -34.173178 -70.513401 -12.732361 0.400000
63055 -17.605533 -68.410668 -7.869718 0.600000
63056 -17.430257 -69.275590 -8.043221 0.500000
63057 -17.149450 -68.934532 -8.428580 0.600000
63077 -19.193105 -56.419088 -9.000226 0.300000
63078 -18.555323 -57.156682 -9.082411 0.300000
63079 -19.128868 -56.679201 -8.675136 0.300000
63080 -19.565679 -56.741046 -7.488012 0.300000
63081 -18.991217 -57.140311 -7.865153 0.300000
63082 -18.917803 -57.409519 -7.450572 0.300000
63083 -18.237808 -58.049797 -7.327294 0.300000
63084 -18.833377 -57.665994 -6.982115 0.300000
63085 -18.752622 -57.773314 -6.479870 0.300000
63086 -19.406922 -57.186695 -6.578493 0.300000
65049 -29.749083 -68.873597 -11.441135 0.600000
65050 -29.102124 -69.038214 -11.110567 0.600000
65051 -29.540771 -68.410668 -11.859368 0.400000
65052 -29.579314 -66.658997 -13.242824 0.400000
65053 -29.004851 -67.434789 -12.678483 0.400000
66402 -29.972995 -81.523645 -14.205307 0.500000
66404 -29.216833 -81.718275 -14.287493 0.500000
66405 -28.498296 -81.776482 -14.250966 0.500000
66406 -29.223257 -81.387222 -14.494783 0.500000
66407 -33.134374 -79.006186 -14.252792 0.400000
66408 -32.503016 -79.675568 -14.303930 0.500000
66409 -32.458968 -79.277213 -14.566010 0.500000
66410 -30.868642 -79.287218 -15.053644 0.500000
66411 -30.911773 -79.721043 -14.943151 0.500000
66412 -30.075774 -79.933863 -14.941324 0.600000
66413 -29.332460 -80.435899 -14.705726 0.600000
66414 -29.246199 -80.053005 -14.786998 0.600000
66415 -28.450577 -80.100299 -14.569663 0.500000
66416 -29.114054 -79.626456 -14.885621 0.700000
66417 -29.638962 -77.993018 -15.019857 0.600000
66418 -28.808469 -78.680590 -15.064602 0.700000
66419 -28.749738 -78.213114 -15.095650 0.600000
66420 -27.924751 -78.329528 -15.129438 0.700000
66421 -28.772680 -77.724720 -15.037207 0.600000
66422 -28.827740 -77.257244 -14.872836 0.600000
66423 -29.657316 -77.036239 -14.757777 0.600000
66424 -31.738595 -75.604707 -13.857389 0.400000
66425 -31.109990 -75.725668 -13.924050 0.400000
66426 -31.745937 -75.116312 -13.645533 0.400000
66427 -31.734007 -74.610638 -13.453767 0.400000
66428 -32.452544 -74.494224 -13.502165 0.400000
66435 -33.777662 -73.149093 -13.065668 0.400000
66436 -34.324594 -72.424232 -12.801762 0.400000
70247 -21.613005 -69.502961 -4.619738 0.700000
70248 -20.846749 -69.840381 -4.934783 0.700000
70249 -21.188123 -69.133710 -4.719274 0.700000
70250 -20.631096 -67.830416 -4.619738 0.700000
70251 -20.364054 -68.603479 -4.811505 0.700000
70252 -19.970373 -68.254236 -5.020621 0.700000
70253 -19.427111 -68.732626 -5.489992 0.700000
70254 -19.643682 -67.942283 -5.269004 0.700000
70255 -21.958050 -64.596282 -4.456281 0.600000
70256 -21.631359 -65.410272 -4.453541 0.600000
70257 -21.254195 -65.012826 -4.708316 0.600000
70258 -19.680388 -65.327509 -5.893614 0.600000
70259 -19.947431 -65.821360 -5.415111 0.600000
70260 -19.366545 -66.247000 -5.849781 0.600000
70261 -19.095832 -67.181952 -5.914617 0.600000
70262 -18.786576 -66.729028 -6.272580 0.600000
70263 -18.361694 -67.284724 -6.782130 0.700000
70264 -18.614972 -66.297931 -6.762954 0.600000
70265 -18.675538 -64.589915 -8.312607 0.600000
70266 -18.344258 -65.509406 -8.059658 0.600000
70267 -18.226796 -65.157435 -8.742711 0.500000
70268 -17.626639 -65.842278 -9.097935 0.500000
70269 -17.998296 -64.993727 -9.402935 0.500000
70270 -17.836786 -64.695416 -9.887829 0.400000
70271 -18.405742 -64.086969 -9.701542 0.500000
70272 -19.634505 -61.596795 -9.630314 0.600000
70273 -19.109597 -62.144306 -9.986452 0.600000
70274 -19.367462 -61.156603 -10.080508 0.500000
70275 -18.941663 -60.635468 -10.339849 0.500000
70276 -19.543655 -60.080681 -10.140778 0.500000
70277 -21.775433 -59.746899 -7.629554 0.500000
70278 -21.160593 -60.125246 -8.128146 0.500000
70279 -21.450577 -59.191203 -8.232248 0.500000
70280 -21.156922 -56.902935 -9.216647 0.400000
70281 -20.895386 -57.969763 -9.282396 0.500000
70282 -20.528317 -57.286738 -9.658623 0.400000
70283 -19.912559 -57.706921 -9.965449 0.400000
70284 -20.097929 -56.583705 -9.807470 0.300000
70285 -19.630834 -56.273570 -9.622096 0.300000
70286 -20.284216 -55.631473 -9.436722 0.300000
71831 -34.117200 -79.436373 -10.239400 0.300000
71832 -35.456084 -78.784272 -11.053950 0.300000
71833 -34.587966 -79.237196 -11.158052 0.300000
71834 -34.837573 -79.157161 -11.582677 0.300000
71835 -34.197956 -79.480938 -12.032871 0.400000
71836 -34.987153 -78.968897 -11.994517 0.400000
71837 -35.094521 -78.755168 -12.365265 0.400000
71838 -35.752492 -78.446852 -11.870326 0.300000
71840 -37.122575 -77.053519 -11.657557 0.300000
71842 -37.921868 -75.970320 -11.811883 0.300000
75632 -22.965653 -74.522418 -9.123504 0.600000
75633 -22.058076 -74.857109 -9.279656 0.500000
75634 -22.427898 -74.489676 -8.732666 0.500000
75642 -22.181044 -72.952644 -5.903659 0.500000
75644 -21.515732 -72.895346 -5.653449 0.500000
75645 -21.016519 -72.725272 -5.500950 0.500000
75646 -21.846094 -72.366025 -5.416938 0.500000
75647 -27.854091 -69.700320 -10.281406 0.600000
75648 -27.721028 -70.396987 -9.540824 0.500000
75649 -27.452151 -69.931330 -9.756332 0.500000
75650 -26.628081 -69.845838 -8.891558 0.500000
75651 -26.792345 -70.353331 -8.760061 0.500000
75652 -26.607893 -70.580703 -8.265122 0.600000
75653 -26.447300 -71.286465 -7.856021 0.600000
75654 -26.397746 -70.811713 -7.749180 0.600000
75658 -25.768223 -69.872213 -6.831442 0.600000
75659 -26.102255 -69.756708 -7.357429 0.600000
75660 -25.726928 -70.536138 -6.778478 0.600000
75661 -25.694809 -71.099110 -6.797654 0.600000
75662 -25.229550 -71.157318 -6.389466 0.600000
75663 -24.578920 -71.689367 -6.159347 0.600000
75664 -24.711065 -71.086378 -5.996802 0.600000
75665 -24.132014 -70.147787 -5.107372 0.500000
75666 -23.790640 -70.821717 -5.286354 0.500000
75667 -23.323545 -70.649824 -4.953959 0.500000
75668 -22.554536 -71.115481 -4.939349 0.600000
75669 -22.917017 -70.425181 -4.720187 0.600000
75670 -22.462769 -70.151425 -4.610607 0.600000
75671 -23.252885 -69.718510 -4.590517 0.600000
75672 -24.693629 -67.754019 -4.603301 0.500000
75673 -23.902596 -68.251508 -4.422493 0.700000
75674 -24.236629 -67.463893 -4.364963 0.500000
75675 -23.812664 -67.094641 -4.198766 0.500000
75676 -24.514683 -66.641717 -4.275472 0.500000
79744 -21.317515 -77.749276 -10.927019 0.500000
79745 -21.157840 -77.948454 -10.224790 0.500000
79746 -21.321186 -77.381843 -10.880447 0.500000
79747 -21.324856 -77.034420 -10.792783 0.500000
79748 -21.485449 -76.917096 -11.378126 0.500000
79749 -22.467358 -77.048971 -13.091237 0.500000
79750 -21.877295 -77.234507 -12.711358 0.500000
79751 -22.597667 -76.606051 -12.904950 0.500000
79752 -23.882407 -75.657457 -12.193589 0.700000
79753 -23.057420 -75.945764 -12.423708 0.500000
79754 -23.209754 -75.733854 -12.077616 0.600000
79755 -22.537101 -75.901199 -11.878545 0.500000
79756 -23.399712 -75.502844 -11.699563 0.600000
79757 -23.657578 -75.237274 -11.233845 0.600000
79758 -24.386209 -75.215446 -11.344339 0.600000
79759 -27.036445 -74.311417 -10.591885 0.600000
79760 -26.393157 -74.506956 -10.437559 0.600000
79761 -27.227321 -73.867587 -10.140778 0.600000
79762 -27.419114 -73.401021 -9.763638 0.600000
79763 -27.980729 -73.150003 -9.919790 0.600000
79764 -28.990168 -76.334115 -14.065592 0.500000
79765 -28.222077 -76.593319 -14.051894 0.500000
79766 -29.003016 -75.944855 -13.682973 0.500000
79767 -29.775695 -74.619733 -12.530549 0.500000
79768 -29.058994 -75.229998 -12.920474 0.500000
79769 -29.093865 -74.894398 -12.512286 0.500000
79770 -28.441401 -75.152692 -12.462062 0.500000
79771 -29.147090 -74.542426 -12.086748 0.500000
79772 -32.525958 -71.583867 -11.808230 0.500000
79773 -31.851469 -72.411499 -11.776269 0.500000
79774 -31.937730 -71.831247 -11.533365 0.500000
79775 -30.822759 -71.887635 -10.843920 0.400000
79776 -30.719062 -72.482439 -11.092303 0.500000
79777 -30.121658 -72.846234 -10.877708 0.500000
79778 -29.374673 -73.665681 -11.197318 0.500000
79779 -29.535265 -73.140908 -10.748037 0.500000
79780 -28.921343 -73.425577 -10.755343 0.600000
79781 -29.694023 -72.539737 -10.398292 0.600000
79782 -30.512586 -70.378797 -10.601017 0.500000
79783 -29.897746 -71.375594 -10.158128 0.500000
79784 -29.958312 -70.768057 -10.251272 0.500000
79785 -29.356319 -71.184602 -9.989191 0.600000
79786 -29.963818 -70.233279 -10.463128 0.500000
79787 -29.926194 -69.752161 -10.736166 0.600000
79788 -30.485973 -69.442935 -11.093216 0.600000
79790 -31.435764 -68.126908 -12.470280 0.400000
91240 -19.571185 -70.538867 -5.738374 0.600000
91241 -19.185763 -71.212796 -6.003194 0.500000
91307 -17.172392 -63.885063 -9.929835 0.500000
91308 -16.522680 -64.459859 -9.634880 0.500000
91309 -16.745674 -63.487618 -9.811123 0.500000
91315 -17.312795 -58.498174 -8.888819 0.300000
91332 -16.006948 -59.768727 -4.667223 0.300000
91334 -15.665575 -59.547722 -4.411535 0.300000
91335 -15.316859 -59.252139 -4.304694 0.300000
91336 -15.879392 -58.699171 -4.521116 0.300000
91337 -18.414001 -57.780589 -5.514647 0.300000
91338 -17.756948 -58.318096 -5.378584 0.400000
91339 -18.191925 -57.635981 -5.141160 0.400000
91343 -16.573152 -57.246721 -4.631610 0.300000
91344 -16.959492 -56.534593 -4.605128 0.300000
92769 -36.627950 -76.968937 -12.736926 0.300000
93543 -23.713556 -60.278039 -5.177687 0.400000
93544 -23.448349 -59.834210 -5.638839 0.400000
93545 -24.076954 -59.481329 -5.381324 0.400000
93546 -24.425669 -58.700080 -5.514647 0.400000
93547 -24.807421 -57.874267 -5.662581 0.300000
93853 -34.457657 -80.358593 -8.148236 0.300000
93854 -34.676063 -79.918401 -8.380182 0.300000
93855 -35.157840 -79.701944 -8.137278 0.300000
93856 -35.836917 -79.005277 -8.048700 0.300000
94614 -26.185763 -73.811199 -9.509776 0.600000
94615 -25.643419 -73.837574 -9.283309 0.700000
94616 -26.528055 -73.213667 -9.159118 0.600000
94617 -26.862088 -72.605220 -8.928085 0.600000
94618 -26.980467 -71.969489 -8.775585 0.600000
95429 -26.643682 -79.346334 -14.520352 0.700000
95430 -26.144468 -79.691030 -14.060113 0.600000
95431 -25.977452 -79.421822 -14.345023 0.700000
95432 -25.268092 -79.518227 -14.077463 0.500000
95433 -24.565155 -79.620999 -13.850997 0.500000
95434 -23.892502 -79.770155 -13.606266 0.500000
95435 -24.387127 -79.367253 -14.122209 0.500000
95436 -24.217358 -78.977992 -14.250966 0.500000
95437 -24.059518 -78.490507 -14.253706 0.500000
95438 -23.931044 -77.942087 -14.137733 0.500000
95439 -24.767043 -77.795660 -14.332238 0.600000
95440 -25.621395 -77.186304 -14.166041 0.600000
95441 -26.578527 -76.734289 -13.838212 0.600000
97738 -17.011799 -67.701269 -8.669657 0.600000
97751 -20.128212 -55.484136 -8.011260 0.300000
97752 -19.637258 -56.173527 -8.178371 0.300000
97753 -20.144730 -55.760620 -7.719958 0.300000
97754 -20.156660 -56.055293 -7.433222 0.300000
98934 -30.540116 -67.620324 -12.862944 0.400000
98935 -29.928947 -67.780394 -12.565250 0.400000
98936 -30.407054 -67.085546 -13.192599 0.400000
99747 -30.770452 -81.334472 -13.960577 0.400000
99748 -30.868642 -80.986139 -14.301190 0.400000
99749 -32.989382 -78.238580 -14.672852 0.300000
99750 -32.364447 -78.854302 -14.782432 0.500000
99751 -32.292869 -78.379550 -14.910276 0.400000
99752 -31.527531 -78.569633 -15.080126 0.400000
99753 -30.689696 -78.771539 -15.173270 0.500000
99754 -29.837179 -78.985268 -15.125785 0.800000
99755 -30.586917 -78.261317 -15.130351 0.500000
99756 -30.512586 -77.748366 -14.981504 0.400000
99757 -30.402465 -77.256334 -14.782432 0.400000
99758 -30.423572 -76.787039 -14.590666 0.400000
99759 -31.106319 -76.576038 -14.469214 0.400000
99760 -31.740431 -76.053084 -14.103032 0.400000
99761 -32.473650 -75.506482 -13.788901 0.400000
102053 -22.220504 -68.045964 -4.290996 0.600000
102054 -21.509308 -68.392478 -4.451715 0.700000
102055 -21.824987 -67.683079 -4.278212 0.700000
102056 -21.390011 -67.376582 -4.338481 0.600000
102057 -20.933010 -67.049167 -4.497373 0.600000
102058 -21.282643 -63.714989 -5.233390 0.700000
102059 -20.918328 -64.559902 -5.114678 0.700000
102060 -20.611825 -64.113344 -5.595919 0.700000
102061 -19.975879 -64.482596 -6.042461 0.600000
102062 -19.383980 -64.847300 -6.453388 0.600000
102063 -18.892108 -65.288401 -6.889885 0.600000
102064 -19.207787 -64.426208 -7.110872 0.600000
102065 -19.109597 -64.063322 -7.844150 0.600000
102066 -19.097667 -63.715899 -8.621259 0.600000
102067 -18.997641 -63.467609 -9.322575 0.600000
102068 -19.503278 -62.880990 -8.840420 0.600000
102069 -19.851993 -62.005154 -9.016663 0.600000
102070 -20.094258 -61.082026 -9.205689 0.600000
102071 -22.352649 -57.906099 -7.762877 0.400000
102072 -21.790116 -58.224419 -8.262382 0.500000
102073 -22.068170 -57.294014 -8.320825 0.400000
102074 -21.799293 -56.603714 -8.756409 0.300000
102075 -21.458836 -55.899771 -9.036752 0.300000
103002 -35.562533 -78.660581 -9.804730 0.300000
103003 -34.967882 -78.955255 -10.248532 0.300000
103004 -35.826823 -78.490507 -10.233921 0.300000
103005 -36.049817 -78.366817 -10.611975 0.300000
103006 -36.220504 -78.230394 -10.997333 0.300000
103007 -36.358155 -78.063049 -11.379952 0.300000
105284 -23.742004 -73.874863 -8.087967 0.600000
105285 -22.822497 -74.190455 -8.240466 0.600000
105286 -23.229943 -73.956717 -7.756485 0.600000
105287 -22.816073 -73.930342 -7.354689 0.600000
105291 -22.742659 -73.080882 -6.221442 0.400000
105292 -23.018878 -72.554289 -5.943838 0.500000
105294 -27.143813 -69.482043 -9.960883 0.500000
105301 -25.905874 -69.120977 -6.929151 0.600000
105302 -25.444285 -69.769441 -6.312760 0.600000
105303 -24.866152 -70.473384 -5.896353 0.600000
105304 -25.122182 -69.727605 -5.848868 0.600000
105305 -24.834951 -69.616647 -5.371279 0.600000
105306 -24.476141 -69.423836 -4.999618 0.600000
105307 -24.042082 -69.221021 -4.693705 0.600000
105308 -24.790902 -68.694428 -4.925651 0.500000
105309 -25.112088 -67.981391 -4.900995 0.500000
107723 -26.926325 -82.643223 -13.841865 0.500000
107741 -21.625853 -80.476826 -12.018260 0.500000
107742 -21.350551 -80.964311 -11.313291 0.500000
107743 -21.246854 -80.586874 -11.453919 0.500000
107744 -20.773335 -80.791508 -10.909669 0.500000
107752 -21.272549 -78.158545 -11.037513 0.500000
107753 -21.400105 -77.607396 -11.568066 0.500000
107754 -24.293524 -76.099467 -12.935998 0.700000
107755 -23.481385 -76.101286 -12.863857 0.700000
107756 -24.509177 -75.838445 -12.676657 0.600000
107757 -24.731254 -75.637448 -12.323259 0.700000
107758 -24.935895 -75.458279 -11.855715 0.600000
107759 -25.190090 -75.196347 -11.354384 0.600000
107760 -25.965522 -75.119041 -11.449354 0.600000
107761 -26.859335 -74.686125 -11.054863 0.600000
107762 -27.683404 -74.074041 -10.676810 0.600000
107763 -30.436419 -75.010812 -13.372494 0.400000
107764 -29.753671 -75.296391 -13.326836 0.500000
107765 -30.383194 -74.697039 -13.008139 0.400000
107766 -30.417148 -74.374171 -12.616388 0.400000
107767 -30.449266 -73.997644 -12.208200 0.400000
107769 -32.016650 -71.265546 -11.409174 0.500000
107771 -31.486236 -70.925398 -11.050297 0.500000
107772 -30.935632 -71.267365 -10.715163 0.500000
107773 -30.351076 -71.649350 -10.434819 0.500000
107774 -30.984269 -70.668014 -10.768127 0.500000
107775 -31.033823 -70.100494 -10.934324 0.500000
107776 -31.077872 -69.562988 -11.169010 0.400000
107777 -31.066860 -69.128253 -11.445701 0.500000
107778 -31.627557 -68.896334 -11.810970 0.500000
114649 -19.049948 -70.175072 -6.135604 0.500000
114689 -17.685370 -61.917844 -10.252185 0.400000
114690 -17.007211 -62.499915 -10.009281 0.500000
114691 -17.237546 -61.470376 -10.205613 0.400000
114694 -17.199922 -58.851055 -7.851455 0.400000
114695 -16.611694 -59.427670 -8.075182 0.400000
114696 -16.689696 -59.571368 -7.547369 0.400000
114697 -16.249214 -60.278039 -7.204016 0.300000
114704 -16.139093 -60.747335 -5.094588 0.400000
114705 -16.323545 -59.990642 -5.006010 0.300000
114706 -16.501573 -59.281242 -4.980441 0.300000
116619 -33.812533 -79.427279 -13.219081 0.400000
116620 -33.112350 -79.790164 -13.663796 0.500000
116621 -33.816204 -79.105320 -13.577958 0.400000
116622 -33.796933 -78.783362 -13.888437 0.400000
116623 -33.758391 -78.454128 -14.153257 0.300000
116624 -35.275302 -77.645594 -13.640054 0.300000
116625 -34.495281 -77.859324 -13.974275 0.300000
116626 -33.719849 -78.069415 -14.308496 0.300000
116627 -33.648270 -77.630133 -14.377897 0.300000
116628 -33.558338 -77.143558 -14.342283 0.300000
116629 -33.484925 -76.641521 -14.186131 0.300000
116630 -33.336262 -76.194054 -14.035457 0.300000
118415 -23.563058 -64.890955 -4.006087 0.500000
118416 -22.834426 -65.314776 -4.080054 0.500000
118417 -23.139093 -64.541712 -4.064530 0.500000
118418 -22.702282 -64.186103 -4.253556 0.500000
118419 -22.304012 -63.724993 -4.527508 0.500000
118421 -22.624279 -62.849158 -4.692792 0.500000
118422 -21.916754 -63.321181 -4.911953 0.600000
118423 -21.606581 -62.810960 -5.403240 0.600000
118424 -21.380834 -62.339845 -5.969407 0.600000
118425 -21.166099 -61.863275 -6.623238 0.600000
118426 -21.033037 -61.400346 -7.311770 0.600000
118427 -21.632276 -61.004719 -6.853358 0.500000
118428 -22.001180 -60.206190 -7.050603 0.500000
118429 -22.359072 -59.374919 -7.147399 0.400000
118430 -23.171212 -59.506795 -6.164826 0.400000
118431 -22.950971 -59.031133 -6.712729 0.400000
118432 -22.660069 -58.528187 -7.269764 0.400000
118433 -22.963818 -57.639619 -7.293507 0.400000
118434 -23.270320 -56.676473 -7.311770 0.300000
119153 -34.457657 -79.299951 -9.386497 0.300000
119154 -34.905481 -79.446378 -8.650481 0.300000
119155 -35.077085 -79.123510 -9.034013 0.300000
119156 -35.309256 -78.871582 -9.410240 0.300000
120924 -22.554536 -75.354598 -10.637543 0.500000
120926 -22.922523 -74.964428 -10.012020 0.600000
120927 -23.373100 -74.613366 -9.496078 0.700000
120928 -23.854877 -74.264124 -8.931738 0.600000
120929 -25.222208 -73.913062 -9.066887 0.700000
120930 -24.700053 -73.909424 -8.789283 0.700000
120931 -24.228370 -73.894872 -8.439538 0.600000
120932 -24.622968 -73.531987 -8.019479 0.600000
120933 -24.979025 -73.170921 -7.684344 0.600000
120934 -25.309387 -72.669794 -7.366560 0.500000
122830 -25.577347 -80.032997 -13.544171 0.500000
122831 -25.052439 -80.375873 -12.991701 0.500000
122839 -22.296671 -80.539581 -12.266643 0.500000
122840 -23.214342 -79.941139 -13.270219 0.400000
122841 -22.641715 -80.115760 -12.901297 0.500000
122842 -22.131490 -80.289472 -12.512286 0.500000
122843 -21.963556 -79.877474 -12.598124 0.500000
122844 -21.835082 -79.366343 -12.606343 0.500000
122845 -21.729549 -78.813375 -12.570729 0.500000
122846 -21.604746 -78.357722 -12.387181 0.500000
122847 -21.950708 -78.268593 -12.981657 0.500000
122848 -22.397614 -77.611034 -13.334141 0.500000
122849 -23.181306 -76.965299 -13.357884 0.500000
122850 -23.932879 -77.360016 -13.849170 0.600000
122851 -24.011799 -76.864346 -13.497599 0.600000
122852 -24.140273 -76.432339 -13.181641 0.700000
122853 -25.118511 -76.129480 -12.943303 0.600000
122854 -26.115103 -75.849359 -12.686702 0.700000
122855 -27.111694 -75.488292 -12.431014 0.500000
122856 -33.028842 -72.511543 -12.526897 0.500000
122857 -32.403907 -72.712539 -12.329652 0.500000
122858 -33.028842 -71.964942 -12.283993 0.500000
122859 -33.066466 -71.391056 -12.120535 0.500000
122860 -33.092161 -70.813532 -12.131493 0.400000
128212 -18.017567 -69.141895 -7.138267 0.600000
128243 -18.454379 -57.738753 -9.935314 0.300000
128244 -17.823938 -58.416321 -9.866826 0.300000
128245 -18.113005 -57.719654 -9.465943 0.300000
128246 -17.903776 -57.836068 -9.038579 0.300000
128247 -17.845963 -57.995228 -8.585645 0.300000
128248 -19.083902 -56.887474 -8.302562 0.300000
128249 -18.433273 -57.549580 -8.243206 0.300000
128250 -17.757866 -58.210777 -8.099838 0.300000
128251 -17.647745 -58.430872 -7.617683 0.300000
128252 -17.612874 -58.606403 -7.174794 0.400000
128253 -17.511930 -58.815585 -6.659765 0.400000
128254 -17.429340 -58.907443 -6.169392 0.400000
128255 -17.991872 -58.394493 -6.320065 0.400000
128256 -18.570006 -57.830611 -5.975799 0.400000
128257 -19.079313 -57.227622 -5.642491 0.300000
128259 -19.765732 -56.672835 -5.733809 0.300000
130779 -28.776351 -70.493392 -10.067724 0.600000
130780 -28.294573 -70.768057 -9.759072 0.600000
130781 -28.656136 -69.923144 -10.366331 0.600000
130782 -28.412953 -69.380181 -10.722468 0.600000
130783 -28.086262 -68.909067 -11.133396 0.600000
130784 -29.279235 -67.952287 -12.281253 0.500000
130785 -28.505638 -68.154193 -11.953425 0.500000
130786 -27.751312 -68.467056 -11.496839 0.500000
132497 -27.721028 -82.183023 -14.007149 0.600000
132498 -27.782512 -81.789215 -14.064679 0.600000
132499 -27.840326 -81.403593 -14.078376 0.500000
132500 -32.441532 -80.083928 -14.067418 0.500000
132501 -31.685370 -80.358593 -14.383376 0.500000
132502 -30.913608 -80.595059 -14.587013 0.500000
132503 -31.701888 -79.531870 -14.799783 0.500000
132504 -30.921867 -80.167601 -14.791564 0.600000
132505 -30.068433 -80.820612 -14.687462 0.500000
132506 -29.248952 -80.969768 -14.635412 0.500000
132507 -28.575381 -80.956126 -14.408945 0.500000
132508 -27.851338 -80.969768 -14.102119 0.500000
132509 -27.816466 -80.527757 -14.164215 0.600000
132510 -27.722864 -80.083018 -14.267403 0.700000
132511 -27.522811 -79.675568 -14.461909 0.700000
132512 -28.948873 -79.163528 -14.984243 0.700000
132513 -28.100944 -79.239924 -14.838136 0.700000
132514 -27.346618 -79.283580 -14.674678 0.700000
132515 -27.208050 -78.897048 -14.883794 0.700000
132516 -27.127295 -78.488689 -15.081953 0.700000
132517 -27.175931 -77.983923 -14.986070 0.700000
132518 -27.211721 -77.518266 -14.761429 0.700000
132519 -28.097274 -77.409128 -14.841788 0.600000
132520 -28.938779 -76.769759 -14.460082 0.600000
132521 -29.773860 -76.076730 -14.105772 0.500000
132522 -30.422654 -76.317744 -14.330412 0.400000
132523 -30.400630 -75.861182 -13.998930 0.400000
132524 -30.463949 -75.383701 -13.705802 0.400000
132525 -31.069613 -74.795264 -13.371581 0.400000
132526 -31.699135 -74.220468 -13.212689 0.400000
132527 -32.360777 -73.623845 -13.035534 0.400000
132528 -33.243577 -75.710207 -13.836386 0.400000
132529 -33.182093 -75.200895 -13.633662 0.400000
132530 -33.137127 -74.696130 -13.492120 0.400000
132532 -33.789592 -74.006739 -13.331402 0.400000
132533 -33.140798 -74.261395 -13.428198 0.400000
132534 -33.116021 -73.831208 -13.305833 0.400000
132535 -33.060960 -73.406478 -13.095803 0.400000
132536 -33.044442 -72.995390 -12.797196 0.400000
132537 -33.646435 -72.254158 -12.644696 0.400000
132538 -34.191532 -71.493828 -12.630998 0.400000
137363 -20.935763 -70.844454 -5.051669 0.600000
137364 -20.163084 -71.158227 -5.313749 0.600000
137365 -20.561353 -70.500668 -5.148465 0.700000
137366 -20.204379 -70.158701 -5.307357 0.600000
137367 -19.881359 -69.904955 -5.413285 0.600000
137368 -20.800866 -68.839946 -4.743930 0.700000
137369 -20.145648 -69.295599 -5.115591 0.600000
137370 -19.574856 -69.733971 -5.617836 0.600000
137371 -19.217882 -69.468401 -5.762117 0.500000
137372 -18.922392 -69.216473 -6.000455 0.500000
137373 -18.646172 -68.939989 -6.263448 0.600000
137374 -22.023204 -65.834093 -4.229814 0.600000
137375 -21.309256 -66.228810 -4.438930 0.600000
137376 -20.612743 -66.646264 -4.757627 0.600000
137377 -20.543000 -65.420276 -5.055322 0.600000
137378 -20.264945 -66.259732 -5.054408 0.600000
137379 -19.952937 -67.126473 -5.159423 0.600000
137380 -19.369298 -67.597587 -5.560306 0.600000
137381 -18.828789 -68.132365 -6.081727 0.700000
137382 -18.401154 -68.628035 -6.600409 0.700000
137383 -18.152465 -68.268788 -6.959286 0.700000
137384 -17.966178 -67.890442 -7.352863 0.600000
137385 -17.736760 -67.502091 -7.816754 0.600000
137386 -18.420425 -65.844097 -7.365647 0.600000
137387 -18.012061 -66.423440 -7.871545 0.600000
137388 -17.563320 -67.074632 -8.331784 0.600000
137389 -17.292607 -66.754493 -8.841334 0.600000
137390 -16.982433 -66.473462 -9.233998 0.500000
137392 -16.458443 -65.754058 -9.571871 0.500000
137393 -17.138438 -65.238379 -9.783727 0.500000
137394 -17.427504 -64.332530 -10.012934 0.500000
137395 -17.763372 -63.373932 -10.182784 0.400000
137396 -18.784741 -63.108362 -9.869566 0.600000
137397 -18.437861 -62.780946 -10.178218 0.500000
137398 -18.097405 -62.331660 -10.274101 0.400000
137399 -18.333246 -61.267561 -10.367244 0.500000
137400 -18.489250 -60.259850 -10.424774 0.500000
137401 -18.623231 -59.016582 -10.404685 0.400000
137402 -20.857761 -61.028366 -7.971994 0.500000
137403 -20.609990 -60.576351 -8.659612 0.600000
137404 -20.404431 -60.015198 -9.223953 0.600000
137405 -21.204641 -58.584576 -8.789283 0.500000
137406 -20.643026 -58.984750 -9.279656 0.500000
137407 -20.091505 -59.488605 -9.765464 0.500000
137408 -19.695989 -58.934728 -10.123427 0.400000
137409 -19.269271 -58.310820 -10.253098 0.400000
137410 -18.793918 -57.917922 -10.228442 0.400000
137411 -19.051783 -56.974784 -9.802904 0.300000
137412 -19.357368 -56.213544 -9.347231 0.300000
139310 -32.883850 -80.297657 -12.902211 0.400000
139314 -34.337442 -79.324507 -10.716076 0.300000
139315 -33.722602 -79.732866 -11.186360 0.300000
139318 -33.554668 -79.862923 -12.451104 0.400000
139319 -33.734531 -79.662836 -12.841941 0.400000
139320 -34.497117 -79.053480 -12.791717 0.400000
139321 -35.185370 -78.514154 -12.734187 0.400000
139322 -35.948873 -77.967553 -12.592645 0.300000
139323 -36.549031 -77.798388 -11.735176 0.300000
139324 -36.592161 -77.556465 -12.065745 0.300000
139325 -36.599503 -77.289076 -12.389921 0.300000
139326 -37.303357 -76.487818 -12.272122 0.300000
143963 -21.991086 -74.570620 -8.355526 0.500000
143976 -20.531988 -72.447879 -5.416938 0.600000
143977 -20.874279 -71.823062 -5.196863 0.600000
143978 -27.831149 -70.999067 -9.402935 0.500000
143979 -27.433797 -71.198244 -9.048624 0.500000
143980 -27.028186 -71.403788 -8.716229 0.600000
143981 -27.050210 -70.130507 -9.237650 0.500000
143982 -26.934584 -70.889019 -8.719882 0.500000
143983 -26.684059 -71.642074 -8.328131 0.600000
143984 -26.400499 -71.822152 -7.961036 0.600000
143985 -26.007735 -72.021330 -7.526366 0.600000
143986 -25.492921 -72.176852 -7.099914 0.600000
143990 -26.292213 -69.020934 -8.128146 0.600000
143991 -26.290378 -69.678492 -7.932727 0.500000
143992 -26.320661 -70.274206 -7.789359 0.600000
143993 -26.105926 -71.013619 -7.210408 0.600000
143994 -25.624148 -71.656626 -6.897190 0.600000
143995 -25.047851 -72.197770 -6.694466 0.600000
143996 -24.503671 -72.230512 -6.325544 0.700000
143997 -23.788805 -72.124102 -5.997715 0.600000
143998 -23.275826 -72.019511 -5.703674 0.500000
143999 -24.281595 -70.953593 -5.585875 0.600000
144000 -23.513503 -71.502013 -5.489992 0.600000
144001 -22.697693 -71.946752 -5.457117 0.500000
144002 -22.198480 -71.759398 -5.205995 0.600000
144003 -21.708443 -71.505651 -5.021534 0.600000
144004 -21.242266 -71.180055 -5.020621 0.600000
144005 -21.643288 -70.499759 -4.785023 0.600000
144006 -22.047064 -69.794907 -4.584125 0.600000
144007 -22.390273 -69.084598 -4.409709 0.600000
144008 -23.582329 -69.013658 -4.506505 0.600000
144009 -23.239119 -68.645316 -4.389619 0.600000
144010 -22.738988 -68.324267 -4.303781 0.600000
144011 -23.020714 -67.557570 -4.211550 0.600000
144012 -23.353828 -66.795420 -4.105622 0.500000
144013 -23.704379 -65.975063 -4.045353 0.500000
144021 -24.420163 -65.509406 -4.090098 0.500000
144022 -24.062271 -65.215642 -4.028003 0.500000
148932 -21.117462 -77.224502 -10.178218 0.500000
148933 -21.335868 -76.688815 -10.703292 0.500000
148934 -21.628606 -76.156765 -11.075866 0.500000
148935 -21.549686 -77.903889 -12.262077 0.500000
148936 -21.541427 -77.460059 -12.174412 0.500000
148937 -21.579051 -77.038057 -12.101359 0.500000
148938 -22.777531 -76.240438 -12.703139 0.500000
148939 -22.121395 -76.454167 -12.464801 0.500000
148940 -21.713031 -76.670625 -11.989038 0.500000
148941 -21.894730 -76.363218 -11.787227 0.500000
148942 -22.039723 -76.043989 -11.482228 0.500000
148943 -22.270058 -75.695655 -11.107827 0.500000
148944 -23.100551 -75.297300 -10.990028 0.500000
148945 -24.048506 -74.978070 -10.690507 0.700000
148946 -25.042344 -74.707043 -10.262230 0.700000
148947 -25.434190 -74.930777 -10.860357 0.600000
148948 -25.650761 -74.654293 -10.398292 0.600000
148949 -25.916886 -74.283223 -9.907006 0.600000
148950 -26.773073 -73.672957 -9.633967 0.500000
148951 -27.632932 -72.878976 -9.538084 0.600000
148952 -28.201888 -71.953118 -9.674147 0.600000
148953 -27.272287 -77.087170 -14.420816 0.600000
148954 -27.386078 -76.729742 -13.902134 0.600000
148955 -27.488857 -76.365037 -13.498512 0.500000
148956 -29.027793 -75.581970 -13.320443 0.500000
148957 -28.302832 -75.828440 -13.238258 0.500000
148958 -27.575119 -76.031256 -13.125938 0.500000
148959 -27.679733 -75.739311 -12.788977 0.500000
148960 -27.745805 -75.377335 -12.473020 0.500000
148961 -27.838490 -75.014450 -12.110490 0.500000
148962 -31.754196 -72.979019 -12.115969 0.500000
148963 -31.157709 -73.214576 -11.920550 0.500000
148964 -30.524516 -73.561090 -11.823754 0.500000
148965 -31.371527 -72.121373 -11.306899 0.400000
148966 -30.653907 -73.031769 -11.465791 0.500000
148967 -29.863792 -73.871225 -11.713260 0.500000
148968 -29.239775 -74.117696 -11.657557 0.500000
148969 -28.668983 -74.426922 -11.564413 0.500000
148970 -27.977059 -74.638832 -11.687692 0.500000
148971 -28.168852 -74.188636 -11.180881 0.600000
148972 -28.336786 -73.739350 -10.731600 0.600000
148973 -28.472602 -73.278240 -10.317933 0.600000
148974 -29.800473 -71.964032 -10.213832 0.600000
148975 -29.225092 -72.327827 -10.080508 0.600000
148976 -28.607499 -72.760742 -9.984625 0.600000
148977 -28.723126 -72.180490 -9.857694 0.600000
148978 -28.802046 -71.576591 -9.827560 0.600000
148979 -28.846094 -70.964506 -9.858608 0.600000
148980 -29.346225 -70.087761 -10.414729 0.700000
148981 -29.860121 -69.301965 -11.076779 0.600000
148982 -30.308863 -68.624397 -11.801838 0.400000
148983 -30.952151 -68.756273 -11.776269 0.500000
148984 -30.822759 -68.378836 -12.142451 0.400000
148985 -30.686026 -67.989576 -12.529636 0.400000
148986 -31.140273 -67.441155 -13.139635 0.400000
162736 -19.365627 -71.505651 -5.743853 0.500000
162737 -18.646172 -71.889454 -6.237880 0.500000
162853 -17.279759 -58.957465 -5.704587 0.400000
162854 -17.125590 -58.800124 -5.212387 0.400000
162855 -16.825512 -58.570024 -4.854424 0.300000
162856 -17.962507 -57.375868 -4.816070 0.400000
162857 -17.223781 -57.826973 -4.735711 0.400000
162858 -16.530939 -58.256251 -4.676355 0.300000
162859 -16.170294 -57.975220 -4.613346 0.300000
162860 -15.904169 -57.648714 -4.644394 0.300000
