#!ascii label  , from subject fsaverage vox2ras=TkReg 
513
551 -39.067122 -72.425142 0.108667 0.000000
616 -39.327741 -67.519371 -5.021534 0.000000
1373 -36.650892 -67.736739 0.703143 0.000000
1374 -38.082460 -70.502487 -2.870100 0.000000
1375 -38.271500 -64.928244 -2.829921 0.000000
2293 -40.803357 -71.160955 3.302031 0.000000
2294 -37.577741 -66.542583 4.316565 0.000000
2296 -39.679209 -63.824128 5.805949 0.000000
3293 -36.134243 -65.026469 0.405448 0.000000
3294 -37.158365 -66.287017 -1.297618 0.000000
3295 -37.192319 -63.505807 -1.481165 0.000000
5090 -39.135030 -69.058223 4.113841 0.000000
5091 -40.675800 -67.286543 5.378584 0.000000
5097 -38.254982 -61.544954 5.549348 0.000000
5098 -37.365758 -62.391686 4.637089 0.000000
5560 -39.120347 -73.908514 -1.462902 0.000000
5561 -38.373362 -68.945446 -4.140323 0.000000
5562 -37.756687 -71.974036 -4.204245 0.000000
5563 -38.278842 -70.440642 -5.532911 0.000000
7079 -38.096225 -70.282391 0.337874 0.000000
7080 -38.435764 -71.727566 -1.484818 0.000000
7082 -38.014552 -67.580307 -2.971462 0.000000
7083 -38.834033 -66.188793 -3.839889 0.000000
9438 -38.136603 -69.879489 2.198919 0.000000
9439 -36.617856 -67.499363 2.572406 0.000000
9440 -35.909413 -64.621747 2.280191 0.000000
9446 -41.591637 -65.728592 6.060724 0.000000
9447 -38.829445 -65.077400 5.010576 0.000000
9448 -36.426063 -63.635864 3.728482 0.000000
9449 -36.116807 -61.199349 1.606270 0.000000
10003 -38.316466 -73.048140 -2.823529 0.000000
10013 -40.736367 -63.498531 -5.391369 0.000000
10014 -40.953855 -66.056007 -5.739288 0.000000
10015 -40.690483 -67.466621 -7.537324 0.000000
10973 -36.179209 -63.578566 0.201811 0.000000
10974 -36.514159 -64.240672 -0.605433 0.000000
13240 -39.075381 -73.156369 -0.781675 0.000000
13241 -38.778973 -68.180568 -4.632523 0.000000
13242 -38.277924 -69.608462 -4.668136 0.000000
13243 -38.791820 -68.828122 -5.247088 0.000000
13244 -38.983614 -69.492048 -6.092685 0.000000
13245 -39.600289 -68.156012 -5.686324 0.000000
15638 -37.318957 -69.032757 0.569819 0.000000
15640 -37.197825 -68.373379 -0.377140 0.000000
15641 -37.699791 -65.543967 -2.164218 0.000000
15642 -37.732827 -66.912744 -2.224488 0.000000
15643 -38.125591 -66.120581 -2.919412 0.000000
15644 -38.357762 -66.789054 -3.504755 0.000000
15645 -38.615627 -65.549423 -3.405219 0.000000
21030 -39.106582 -70.946317 1.899398 0.000000
21031 -39.449791 -70.646186 2.764172 0.000000
21032 -38.377033 -67.854062 4.393272 0.000000
21033 -37.731910 -68.466147 3.460010 0.000000
21034 -36.996854 -67.107374 3.523019 0.000000
21035 -36.100289 -66.075107 2.449128 0.000000
21036 -36.438910 -65.748601 3.338558 0.000000
21052 -40.608810 -64.790912 5.889961 0.000000
21053 -40.238989 -65.402996 5.458944 0.000000
21054 -39.281857 -64.316160 5.241609 0.000000
21055 -36.543525 -61.401255 3.931206 0.000000
21056 -36.870216 -62.987400 4.165892 0.000000
21057 -36.165444 -61.963318 3.346776 0.000000
21058 -35.984662 -62.532657 2.737690 0.000000
22441 -38.176980 -71.219163 -2.136823 0.000000
22442 -38.504589 -72.387853 -2.205311 0.000000
22443 -38.210934 -71.819424 -2.813484 0.000000
22445 -37.743839 -73.528349 -4.334829 0.000000
22468 -39.993970 -62.956477 -5.405066 0.000000
22470 -40.971291 -64.790912 -5.511908 0.000000
22473 -40.599634 -66.209711 -6.922759 0.000000
24359 -36.321448 -66.449815 0.634655 0.000000
24360 -36.754589 -66.976408 -0.320523 0.000000
24361 -36.541689 -65.644920 -0.443802 0.000000
24362 -37.098716 -65.001913 -1.333231 0.000000
24363 -37.765863 -64.241582 -2.110341 0.000000
27594 -39.979288 -70.133236 3.718437 0.000000
27596 -39.960934 -68.167835 4.916519 0.000000
27597 -39.090064 -67.008240 4.965831 0.000000
27607 -38.826692 -62.734563 5.705500 0.000000
27608 -38.455953 -63.182940 5.162163 0.000000
27609 -37.814500 -61.868731 5.065366 0.000000
27610 -36.918852 -60.864658 4.411535 0.000000
27611 -36.529760 -59.787826 3.625294 0.000000
28441 -38.150368 -69.695773 -3.615249 0.000000
28442 -37.953986 -71.178236 -3.523932 0.000000
28443 -38.046671 -70.449737 -4.164979 0.000000
28444 -37.941139 -71.330120 -4.875427 0.000000
28445 -38.087966 -72.171395 -5.855260 0.000000
28447 -38.698218 -71.170960 -6.530095 0.000000
28448 -39.378213 -70.172344 -7.077085 0.000000
28449 -40.070137 -69.354715 -7.621336 0.000000
31877 -38.564238 -71.379232 0.251122 0.000000
31878 -38.641322 -72.144110 -0.696750 0.000000
31880 -37.973257 -70.470655 -1.448291 0.000000
31881 -37.921868 -69.844019 -2.216269 0.000000
31882 -37.375853 -67.694902 -1.298531 0.000000
31883 -37.804406 -68.403392 -2.273799 0.000000
31884 -37.994364 -69.134619 -3.019861 0.000000
31885 -38.218276 -68.301530 -3.628033 0.000000
31886 -38.598192 -67.532104 -4.047179 0.000000
31887 -39.120347 -66.851808 -4.357658 0.000000
38550 -38.778055 -71.067278 1.069325 0.000000
38551 -38.074201 -70.013183 1.340537 0.000000
38552 -37.183142 -68.899972 1.557872 0.000000
38553 -38.499083 -69.658484 3.162315 0.000000
38554 -37.273991 -68.773553 2.469218 0.000000
38555 -36.479288 -67.672165 1.640057 0.000000
38556 -36.134243 -66.377966 1.549653 0.000000
38557 -35.959885 -64.870947 1.353321 0.000000
38558 -36.018616 -63.322091 1.168860 0.000000
38577 -41.262193 -66.381604 5.691803 0.000000
38578 -39.739775 -66.146956 5.234303 0.000000
38579 -38.207263 -65.818632 4.759454 0.000000
38580 -38.034741 -63.775015 4.778630 0.000000
38581 -37.474961 -64.521704 4.482763 0.000000
38582 -36.917935 -65.161073 3.993302 0.000000
38583 -36.106713 -64.181556 3.090175 0.000000
38584 -35.937861 -62.952839 2.012632 0.000000
40243 -38.809256 -72.765290 -1.530477 0.000000
40244 -38.720242 -73.439219 -2.179742 0.000000
40246 -37.904432 -72.647966 -3.494710 0.000000
40247 -37.981516 -73.980364 -3.601551 0.000000
40267 -39.228632 -64.767265 -3.830758 0.000000
40268 -39.520452 -65.494854 -4.180503 0.000000
40269 -39.899450 -66.077835 -4.657178 0.000000
40277 -40.717096 -65.446652 -5.015142 0.000000
40278 -40.254589 -66.746308 -5.259872 0.000000
40279 -40.458312 -67.383858 -6.124646 0.000000
40280 -40.507867 -67.945011 -7.008597 0.000000
41693 -36.360908 -62.794589 0.104102 0.000000
41694 -36.431569 -63.194763 -0.321437 0.000000
43959 -39.259833 -73.344633 -0.391751 0.000000
43960 -39.084558 -72.778023 -0.336047 0.000000
43961 -39.028580 -67.843149 -4.846205 0.000000
43962 -38.763373 -68.473423 -4.915606 0.000000
43963 -39.102911 -68.193301 -5.136594 0.000000
43964 -39.186419 -68.494341 -5.475381 0.000000
43965 -39.480992 -67.884075 -5.309183 0.000000
46358 -36.926194 -68.378836 0.651092 0.000000
46359 -37.206084 -68.704432 0.085838 0.000000
46360 -36.922523 -68.028684 0.149760 0.000000
46361 -37.970504 -65.259297 -2.526748 0.000000
46362 -37.932880 -65.819541 -2.607107 0.000000
46363 -38.201757 -65.523958 -2.895669 0.000000
46364 -38.364185 -65.826817 -3.193363 0.000000
46365 -38.473388 -65.202909 -3.157750 0.000000
51747 -41.108942 -71.743936 3.178753 0.000000
51749 -40.552832 -71.481095 2.846358 0.000000
51750 -39.922392 -71.170050 2.575146 0.000000
51751 -40.137127 -70.939041 3.054561 0.000000
51752 -37.946645 -67.196504 4.404230 0.000000
51753 -37.637389 -67.522100 3.997868 0.000000
51754 -37.247379 -66.860903 3.979605 0.000000
51755 -36.690352 -66.430716 3.455444 0.000000
51756 -36.973913 -66.253366 3.857240 0.000000
51768 -39.896697 -63.540368 6.140170 0.000000
51769 -40.550997 -63.713170 6.489915 0.000000
51770 -40.321579 -64.024215 6.147476 0.000000
51771 -40.771238 -64.486234 6.176697 0.000000
51772 -40.106844 -64.332530 5.815081 0.000000
51773 -39.918721 -64.590825 5.525605 0.000000
51774 -39.447956 -64.076055 5.453465 0.000000
51775 -36.323283 -60.840102 3.476447 0.000000
51776 -36.358155 -61.665916 3.639905 0.000000
51778 -36.067253 -61.361238 2.854576 0.000000
51779 -36.179209 -60.468122 2.686553 0.000000
53161 -38.105402 -70.918123 -2.486568 0.000000
53162 -38.241217 -71.546578 -2.468305 0.000000
53163 -38.145779 -71.196425 -2.808918 0.000000
53190 -40.567515 -64.823653 -5.879916 0.000000
53192 -40.750132 -65.789528 -6.484436 0.000000
53193 -40.389487 -65.595807 -6.551098 0.000000
55958 -36.219586 -65.749511 0.531466 0.000000
55959 -36.410462 -66.038727 0.113233 0.000000
55960 -36.331542 -65.316595 -0.021003 0.000000
55961 -36.851862 -63.912348 -1.037364 0.000000
55962 -36.791296 -64.609924 -0.939654 0.000000
55963 -37.123493 -64.258862 -1.367932 0.000000
55964 -37.446514 -64.639027 -1.743246 0.000000
55965 -37.478632 -63.860507 -1.829997 0.000000
61355 -39.518616 -67.583035 4.974049 0.000000
61356 -39.889356 -67.149210 5.202342 0.000000
61371 -39.050604 -62.517195 5.974886 0.000000
61372 -38.506424 -62.155220 5.652536 0.000000
61373 -38.303619 -62.345302 5.399587 0.000000
61374 -38.037494 -61.701386 5.316489 0.000000
61378 -36.655481 -60.350798 4.047179 0.000000
62760 -38.918459 -74.354163 -1.894832 0.000000
62761 -38.248559 -69.321064 -3.881895 0.000000
62762 -38.101731 -70.059567 -3.837150 0.000000
62763 -38.185239 -69.688497 -4.122059 0.000000
62764 -38.204510 -70.000451 -5.051669 0.000000
62765 -38.098061 -70.476112 -4.758541 0.000000
62766 -38.033824 -70.891747 -5.219693 0.000000
62768 -38.148532 -71.337396 -5.706413 0.000000
62769 -38.367856 -71.717561 -6.193134 0.000000
62771 -39.397484 -69.108244 -6.331936 0.000000
62772 -39.175407 -69.879489 -6.617759 0.000000
62773 -39.560829 -69.402918 -6.876187 0.000000
62774 -39.748952 -69.751251 -7.371126 0.000000
62775 -39.899450 -68.992740 -7.093522 0.000000
69953 -38.367856 -70.821717 0.303173 0.000000
69954 -38.355009 -71.211887 -0.158892 0.000000
69959 -37.902596 -70.180529 -1.818126 0.000000
69960 -37.797064 -69.482953 -1.868350 0.000000
69961 -36.900499 -66.618070 -0.812723 0.000000
69962 -37.050997 -67.327470 -0.778936 0.000000
69963 -37.229943 -67.004602 -1.261091 0.000000
69965 -37.764946 -67.659432 -2.244577 0.000000
69966 -37.909938 -67.993214 -2.647286 0.000000
69967 -37.932880 -68.751726 -2.665550 0.000000
69968 -38.027400 -68.339728 -3.013468 0.000000
69969 -38.096225 -68.722622 -3.350429 0.000000
69971 -38.604615 -66.468914 -3.705653 0.000000
69972 -38.495412 -67.156486 -3.775054 0.000000
69973 -38.702806 -66.846351 -3.925727 0.000000
69974 -38.841375 -67.188318 -4.209724 0.000000
69975 -38.991873 -66.540764 -4.074575 0.000000
86132 -38.600027 -70.398806 2.034548 0.000000
86133 -38.551390 -70.465198 1.627273 0.000000
86134 -38.079707 -69.935877 1.799862 0.000000
86135 -37.630048 -69.476586 1.469294 0.000000
86136 -37.618118 -69.423836 1.935925 0.000000
86137 -39.545229 -69.617557 3.927554 0.000000
86138 -39.221291 -69.931330 3.436267 0.000000
86139 -38.788150 -69.412922 3.649949 0.000000
86140 -37.102387 -68.002309 3.057301 0.000000
86141 -37.467620 -68.648954 2.981507 0.000000
86142 -36.940876 -68.159650 2.552316 0.000000
86143 -36.815155 -68.246051 2.051898 0.000000
86144 -36.536183 -67.616686 2.073814 0.000000
86145 -36.294836 -67.049167 1.590746 0.000000
86146 -36.304012 -66.964585 2.072901 0.000000
86147 -35.967227 -65.332966 2.369682 0.000000
86148 -35.989251 -65.520320 1.922228 0.000000
86149 -35.921343 -64.771812 1.809907 0.000000
86150 -35.947956 -64.091517 1.262917 0.000000
86151 -35.899319 -64.001477 1.714937 0.000000
86199 -41.442056 -66.035999 5.862566 0.000000
86200 -39.600289 -65.204728 5.230651 0.000000
86201 -40.059125 -65.732230 5.338405 0.000000
86202 -39.273598 -65.619454 5.121070 0.000000
86203 -38.948742 -66.020538 5.010576 0.000000
86204 -38.522943 -65.463022 4.885471 0.000000
86205 -37.868643 -62.791860 4.902822 0.000000
86206 -38.279760 -63.459423 4.944828 0.000000
86207 -37.682355 -63.088353 4.700098 0.000000
86208 -36.595832 -63.298444 3.975039 0.000000
86209 -37.133588 -63.755007 4.311999 0.000000
86210 -36.881228 -64.134262 4.149455 0.000000
86211 -37.177636 -64.870947 4.276386 0.000000
86212 -36.652728 -64.443488 3.870024 0.000000
86213 -36.444416 -64.693597 3.550414 0.000000
86214 -36.257211 -63.927809 3.426222 0.000000
86215 -35.963556 -61.843266 2.189787 0.000000
86216 -35.921343 -62.750933 2.376987 0.000000
86217 -35.997510 -62.071547 1.819039 0.000000
86218 -36.048900 -62.272543 1.443725 0.000000
90361 -38.537625 -71.934928 -1.072064 0.000000
90362 -38.776220 -72.434237 -1.131420 0.000000
90363 -38.633063 -72.239606 -1.537782 0.000000
90364 -38.449529 -72.707083 -2.512137 0.000000
90365 -38.640405 -72.920812 -2.188874 0.000000
90366 -38.520190 -73.233675 -2.506658 0.000000
90367 -38.519272 -73.891234 -2.557795 0.000000
90368 -38.335738 -73.706608 -2.875579 0.000000
90369 -37.846618 -71.553854 -3.859066 0.000000
90370 -37.924621 -71.860351 -3.523932 0.000000
90371 -37.823677 -72.319641 -3.847195 0.000000
90372 -37.807159 -74.231382 -4.469978 0.000000
90373 -37.827347 -73.775729 -3.958602 0.000000
90422 -39.039592 -64.439850 -3.657255 0.000000
90423 -39.381883 -64.102430 -3.861805 0.000000
90426 -39.863661 -65.105594 -4.391445 0.000000
90427 -39.666362 -65.779524 -4.409709 0.000000
90428 -40.062796 -65.427552 -4.581385 0.000000
90447 -41.031857 -65.423914 -5.604138 0.000000
90448 -40.991480 -65.127422 -5.291833 0.000000
90449 -40.881359 -65.742235 -5.366713 0.000000
90450 -40.538150 -66.092387 -5.131115 0.000000
90451 -40.662035 -66.388880 -5.478120 0.000000
90452 -40.372969 -67.074632 -5.665321 0.000000
90453 -40.765732 -66.698105 -5.907311 0.000000
90454 -40.818957 -67.127383 -7.114525 0.000000
90455 -40.770321 -67.331108 -6.858837 0.000000
90456 -40.683142 -67.663980 -7.276156 0.000000
93479 -36.086524 -64.321617 0.291302 0.000000
93480 -36.283823 -64.619019 -0.126018 0.000000
93481 -36.311354 -63.933266 -0.217335 0.000000
93482 -36.600420 -63.545825 -0.702229 0.000000
93483 -36.942712 -63.185668 -1.163381 0.000000
96728 -37.842030 -61.038370 5.236130 0.000000
96729 -37.718144 -60.339885 5.173121 0.000000
97560 -39.092817 -73.524711 -1.146944 0.000000
97561 -38.539461 -68.565281 -4.397838 0.000000
97562 -38.272418 -69.267404 -4.387793 0.000000
97563 -38.475224 -68.830851 -4.662657 0.000000
97564 -38.492659 -69.178275 -4.949394 0.000000
97565 -38.505507 -69.571173 -5.374932 0.000000
97566 -38.605533 -69.972257 -5.828778 0.000000
97567 -38.867069 -69.156447 -5.643404 0.000000
97568 -39.283692 -68.763549 -5.879916 0.000000
97569 -39.704904 -68.438862 -6.106383 0.000000
101876 -37.735580 -69.678492 0.462065 0.000000
101878 -37.543787 -69.382909 0.005479 0.000000
101879 -37.399712 -69.070046 -0.482155 0.000000
101880 -37.443761 -68.703523 -0.920478 0.000000
101881 -37.429995 -65.880477 -1.755117 0.000000
101882 -37.449267 -66.586238 -1.727722 0.000000
101883 -37.680520 -66.162417 -2.175176 0.000000
101884 -37.906267 -66.474371 -2.591583 0.000000
101885 -38.045753 -66.821795 -2.935849 0.000000
101886 -38.109990 -67.151029 -3.243588 0.000000
101887 -38.229288 -66.452544 -3.228977 0.000000
101888 -38.472471 -66.183336 -3.444486 0.000000
101889 -38.724830 -65.874110 -3.600638 0.000000
111584 -39.249739 -70.816260 2.299368 0.000000
111585 -38.762455 -70.304219 2.471044 0.000000
111586 -38.760620 -68.457961 4.248990 0.000000
111587 -38.409151 -68.806295 3.790578 0.000000
111588 -38.036577 -68.177840 3.922075 0.000000
111589 -37.349240 -67.784032 3.530324 0.000000
111590 -36.753671 -67.312918 3.039950 0.000000
111591 -36.332460 -66.807243 2.529487 0.000000
111592 -36.464605 -66.626256 3.015295 0.000000
111593 -36.243446 -65.913218 2.921238 0.000000
111594 -36.089277 -65.178353 2.799786 0.000000
111621 -41.260357 -64.937339 6.245185 0.000000
111622 -41.079576 -65.274759 5.969407 0.000000
111623 -40.892371 -65.591260 5.739288 0.000000
111624 -40.415182 -65.095590 5.638839 0.000000
111625 -39.764552 -64.893684 5.353929 0.000000
111626 -39.116676 -64.635390 5.120157 0.000000
111627 -36.899581 -61.936033 4.329350 0.000000
111628 -37.141847 -62.709097 4.396011 0.000000
111629 -36.683928 -62.214336 4.045353 0.000000
111630 -36.439828 -62.509919 3.782359 0.000000
111631 -36.263635 -62.813688 3.541282 0.000000
111632 -36.132408 -63.120185 3.278288 0.000000
111633 -36.067253 -62.255263 3.030819 0.000000
111634 -36.015863 -61.621351 2.524008 0.000000
111635 -36.113137 -60.961973 2.007153 0.000000
114121 -38.308207 -71.488371 -1.826344 0.000000
114122 -38.492659 -72.043157 -1.900311 0.000000
114123 -38.346750 -71.835794 -2.177003 0.000000
114124 -38.355926 -72.125921 -2.500266 0.000000
114125 -38.243053 -72.446969 -2.852750 0.000000
114127 -37.724568 -72.748919 -4.257209 0.000000
114170 -40.124280 -63.593118 -5.509168 0.000000
114171 -40.516126 -63.835951 -5.505515 0.000000
114172 -40.819875 -64.120620 -5.419677 0.000000
114173 -40.727190 -64.464406 -5.650710 0.000000
114174 -40.942843 -65.122874 -5.813254 0.000000
114175 -40.993315 -65.761334 -5.973973 0.000000
114176 -40.929078 -66.387970 -6.168478 0.000000
114178 -40.994233 -66.432535 -6.773912 0.000000
114179 -40.686813 -66.907287 -7.277070 0.000000
118277 -36.420557 -67.115559 0.752454 0.000000
118278 -36.688517 -67.362940 0.172590 0.000000
118279 -36.517830 -66.712657 0.216422 0.000000
118280 -36.627033 -66.307935 -0.367095 0.000000
118281 -36.835344 -65.938684 -0.879385 0.000000
118282 -36.483876 -64.904598 -0.534206 0.000000
118283 -36.794049 -65.322961 -0.918651 0.000000
118284 -37.117987 -65.606721 -1.336884 0.000000
118285 -37.431831 -65.271121 -1.745985 0.000000
118286 -37.731910 -64.937339 -2.104862 0.000000
118287 -38.028317 -64.581730 -2.462826 0.000000
125826 -40.419770 -70.626177 3.518453 0.000000
125829 -39.917804 -69.237391 4.417927 0.000000
125831 -40.353698 -68.761730 4.770412 0.000000
125832 -39.551653 -68.623488 4.565861 0.000000
125833 -39.152465 -68.026865 4.656265 0.000000
125834 -38.734007 -67.425694 4.714708 0.000000
125835 -38.286183 -66.804515 4.702837 0.000000
125856 -39.360777 -63.022870 6.057985 0.000000
125857 -39.223126 -63.295716 5.758464 0.000000
125858 -39.019403 -63.554010 5.443420 0.000000
125859 -38.672523 -62.974667 5.437028 0.000000
125860 -38.084295 -62.539933 5.118330 0.000000
125861 -37.580494 -62.126116 4.853510 0.000000
125862 -37.574070 -61.180250 4.995965 0.000000
125863 -37.336393 -61.391251 4.765846 0.000000
125864 -37.107893 -61.672282 4.563122 0.000000
125865 -36.717882 -61.142961 4.192374 0.000000
125866 -36.437075 -60.592722 3.759530 0.000000
125867 -36.394862 -60.015198 3.314815 0.000000
127801 -38.094390 -70.082304 -3.251806 0.000000
127802 -38.074201 -70.788975 -3.190624 0.000000
127803 -38.047589 -70.417905 -3.528498 0.000000
127804 -37.955821 -70.821717 -3.849934 0.000000
127805 -37.886996 -71.214615 -4.169544 0.000000
127808 -37.810829 -71.652078 -4.543945 0.000000
127810 -37.942974 -72.562474 -5.510994 0.000000
127816 -38.799162 -70.366974 -6.334676 0.000000
127817 -39.038674 -70.643458 -6.830528 0.000000
127818 -39.269927 -70.975420 -7.335513 0.000000
127819 -39.591112 -70.545233 -7.632294 0.000000
127820 -39.915968 -70.144149 -7.929988 0.000000
136991 -38.792738 -71.918558 0.190853 0.000000
136992 -38.823939 -72.289628 -0.303173 0.000000
136993 -38.558732 -71.756669 -0.235598 0.000000
136994 -38.378868 -71.565677 -0.631915 0.000000
136995 -38.242135 -71.352857 -1.025492 0.000000
136997 -38.038412 -70.758962 -1.020927 0.000000
136998 -38.195334 -71.094563 -1.434594 0.000000
136999 -38.088884 -70.842635 -1.770641 0.000000
137000 -38.012717 -70.538867 -2.147781 0.000000
137001 -37.996199 -70.183257 -2.575146 0.000000
137002 -36.965654 -67.677622 -0.321437 0.000000
137003 -37.291427 -68.055968 -0.805418 0.000000
137005 -37.527269 -67.315646 -1.777946 0.000000
137006 -37.630966 -68.035960 -1.809907 0.000000
137008 -37.859466 -69.127344 -2.280191 0.000000
137009 -37.976928 -69.487500 -2.615325 0.000000
137010 -38.025564 -69.796726 -2.971462 0.000000
137011 -38.101731 -69.416560 -3.333992 0.000000
137012 -38.210934 -69.019115 -3.662734 0.000000
137013 -38.318302 -68.618941 -3.900159 0.000000
137014 -38.281595 -67.498453 -3.536716 0.000000
137015 -38.370609 -67.902265 -3.866371 0.000000
137016 -38.496330 -68.238775 -4.128452 0.000000
137017 -38.713818 -67.860429 -4.334829 0.000000
137018 -38.952413 -67.506639 -4.516550 0.000000
137019 -39.268092 -67.198323 -4.629783 0.000000
156606 -38.947825 -71.765764 0.613652 0.000000
156607 -38.685370 -71.199154 0.662050 0.000000
156608 -38.441270 -70.660738 0.729625 0.000000
156609 -38.963425 -71.017257 1.483905 0.000000
156610 -38.523860 -70.527953 1.168860 0.000000
156611 -38.098061 -70.129598 0.836466 0.000000
156612 -37.671343 -69.567535 0.968876 0.000000
156613 -37.223519 -68.946356 1.085762 0.000000
156614 -36.848192 -68.344276 1.147858 0.000000
156615 -39.681962 -70.426090 3.265504 0.000000
156616 -38.955166 -70.171434 2.957765 0.000000
156617 -38.280677 -69.798545 2.662810 0.000000
156618 -38.098061 -69.095512 3.328513 0.000000
156619 -37.840195 -69.250124 2.822615 0.000000
156620 -37.683273 -69.341073 2.344113 0.000000
156621 -37.150106 -68.843584 2.015371 0.000000
156622 -36.784872 -68.313353 1.619054 0.000000
156623 -36.545360 -67.719458 1.198995 0.000000
156624 -36.329707 -67.076451 1.176166 0.000000
156625 -36.207657 -66.421621 1.076630 0.000000
156626 -36.064500 -65.729502 1.051061 0.000000
156627 -36.096618 -66.262461 2.008979 0.000000
156628 -36.016781 -65.646739 1.473860 0.000000
156629 -36.009440 -64.947343 0.882124 0.000000
156630 -36.017699 -64.185194 0.788981 0.000000
156631 -36.099371 -63.435777 0.702229 0.000000
156690 -40.734531 -65.887752 5.583135 0.000000
156691 -40.472995 -66.241543 5.455291 0.000000
156692 -40.198611 -66.689920 5.326534 0.000000
156693 -39.462638 -66.581691 5.141160 0.000000
156694 -38.635816 -66.403431 4.890951 0.000000
156695 -37.907185 -66.162417 4.568601 0.000000
156696 -38.864316 -63.778653 5.200516 0.000000
156697 -38.675276 -64.049680 5.021534 0.000000
156698 -38.397222 -64.443488 4.886385 0.000000
156699 -37.401548 -63.410311 4.476370 0.000000
156700 -37.751181 -64.138810 4.628870 0.000000
156701 -38.121002 -64.834567 4.759454 0.000000
156702 -37.814500 -65.225646 4.605128 0.000000
156703 -37.519927 -65.540329 4.413361 0.000000
156704 -37.259309 -65.876839 4.166805 0.000000
156705 -36.690352 -65.472117 3.694695 0.000000
156706 -36.234269 -64.960076 3.169621 0.000000
156707 -36.000263 -64.412565 2.694771 0.000000
156708 -36.018616 -63.379389 2.944067 0.000000
156709 -35.953462 -63.604941 2.565101 0.000000
156710 -35.913084 -63.809576 2.174263 0.000000
156711 -35.952544 -63.164750 1.635491 0.000000
156712 -36.128737 -62.489001 0.998097 0.000000
161683 -38.917541 -72.587940 -0.736930 0.000000
161684 -38.945072 -72.957191 -1.146944 0.000000
161685 -38.959754 -73.305525 -1.491210 0.000000
161686 -38.663346 -72.567931 -1.916749 0.000000
161687 -38.814762 -73.106347 -1.864698 0.000000
161688 -38.920294 -73.657496 -1.836389 0.000000
161689 -38.745019 -74.127701 -2.245491 0.000000
161692 -38.045753 -71.509289 -3.189711 0.000000
161693 -38.064107 -72.146839 -3.184232 0.000000
161694 -38.079707 -72.879885 -3.155923 0.000000
161695 -37.802570 -73.074515 -3.867284 0.000000
161696 -37.930127 -73.349180 -3.503842 0.000000
161697 -38.136603 -73.527439 -3.188797 0.000000
161738 -37.096881 -62.403510 -1.254699 0.000000
161743 -37.819088 -63.458514 -2.210790 0.000000
161744 -38.086131 -63.831403 -2.524921 0.000000
161745 -38.325643 -64.187013 -2.885624 0.000000
161754 -38.554143 -64.507152 -3.156836 0.000000
161755 -38.748690 -64.820925 -3.415264 0.000000
161756 -38.905612 -65.151978 -3.603378 0.000000
161757 -39.014815 -65.507587 -3.751312 0.000000
161758 -39.570924 -64.431665 -4.058137 0.000000
161759 -39.362612 -65.150159 -3.995129 0.000000
161760 -39.196514 -65.877748 -3.977778 0.000000
161761 -39.329576 -66.175150 -4.228901 0.000000
161762 -39.497510 -66.449815 -4.493721 0.000000
161763 -39.669115 -66.801786 -4.745756 0.000000
161785 -41.038281 -64.467135 -5.229737 0.000000
161786 -40.873100 -64.810011 -5.012402 0.000000
161787 -40.495937 -65.115598 -4.785936 0.000000
161788 -40.306896 -65.755877 -4.829768 0.000000
161789 -40.116938 -66.363414 -4.909214 0.000000
161790 -39.773729 -67.144663 -5.133854 0.000000
161791 -39.924227 -67.487539 -5.481773 0.000000
161792 -40.038936 -67.786760 -5.904572 0.000000
161793 -40.083902 -68.094167 -6.342894 0.000000
161795 -40.448218 -67.724006 -6.598583 0.000000
161796 -40.120609 -68.337909 -6.763867 0.000000
161797 -40.231647 -68.621669 -7.312683 0.000000
