#!ascii label  , from subject  vox2ras=TkReg 
2018
88 -42.761668 -48.657530 -24.228286 0.100000
131 -41.598978 -37.553609 -18.696288 0.200000
285 -33.933666 -43.831794 -6.068030 0.100000
550 -40.109597 -53.068540 -17.706410 0.100000
551 -45.706477 -41.589910 -18.465256 0.400000
552 -50.560043 -45.027769 -7.644165 0.300000
553 -37.494233 -41.664488 -14.366939 0.200000
617 -40.256424 -40.413034 -18.927321 0.100000
687 -39.105664 -47.615258 -10.442125 0.100000
1218 -34.726535 -45.399749 -11.889503 0.300000
1257 -35.024778 -51.727047 -13.609919 0.100000
1258 -36.167279 -53.087639 -17.033402 0.100000
1373 -42.714867 -42.415724 -18.717291 0.500000
1374 -46.327741 -40.434862 -11.362602 0.200000
1379 -36.205821 -41.449849 -22.307885 0.100000
1526 -47.007736 -49.273252 -21.516164 0.100000
1760 -43.946383 -41.816372 -19.950987 0.100000
2291 -43.839015 -51.694306 -11.624683 0.100000
2292 -47.316073 -52.152687 -16.873597 0.100000
2293 -50.619692 -44.716725 -14.795217 0.400000
2294 -44.904432 -46.438383 -12.561597 0.500000
2295 -40.851076 -46.853109 -10.501481 0.300000
2296 -38.812927 -46.273766 -15.870934 0.300000
2297 -44.487809 -39.417147 -12.287646 0.200000
2298 -42.252361 -41.783631 -16.465409 0.100000
2482 -46.457133 -46.903130 -21.135372 0.100000
2483 -48.988071 -39.307099 -15.007073 0.100000
2484 -45.788150 -45.442495 -19.894370 0.100000
2486 -45.179733 -40.835946 -16.436187 0.100000
2487 -41.964212 -45.706246 -21.654053 0.100000
2606 -47.467489 -47.384249 -7.197624 0.100000
3138 -37.089539 -37.730959 -12.971612 0.100000
3178 -40.313320 -46.418374 -18.584881 0.100000
3293 -41.643027 -40.523992 -20.285208 0.300000
3294 -44.556634 -38.653178 -18.142906 0.300000
3295 -44.456608 -38.380332 -21.637616 0.200000
3503 -46.079969 -49.517904 -19.486182 0.100000
5087 -44.598847 -38.745036 -7.962862 0.200000
5088 -46.567253 -39.888261 -9.318923 0.200000
5089 -51.013373 -46.485676 -10.336197 0.300000
5090 -48.205297 -46.090959 -13.279351 0.500000
5091 -48.695334 -46.398365 -9.219387 0.500000
5092 -36.454510 -44.438422 -5.584961 0.100000
5093 -37.741086 -39.631786 -5.088196 0.100000
5094 -37.165706 -45.945441 -8.675136 0.300000
5095 -34.726535 -44.040067 -13.195339 0.200000
5096 -37.322628 -46.462939 -13.911266 0.300000
5097 -35.822235 -44.185585 -15.281937 0.300000
5098 -36.827085 -41.851842 -17.018791 0.300000
5099 -39.861826 -43.857260 -13.069321 0.100000
5100 -41.167673 -42.603988 -16.525678 0.100000
5101 -40.995150 -42.500306 -15.076474 0.100000
5215 -38.022811 -52.269101 -17.931963 0.100000
5558 -47.252754 -41.267952 -15.348599 0.300000
5559 -48.214474 -42.128326 -17.010573 0.200000
5560 -46.794836 -40.812299 -19.968337 0.400000
5561 -44.638307 -39.147029 -14.650022 0.100000
5562 -47.803357 -39.860067 -12.626433 0.100000
5563 -46.073546 -38.306664 -16.418837 0.200000
5564 -44.499739 -47.041372 -18.176693 0.100000
5565 -46.589277 -44.472073 -16.373178 0.100000
5571 -42.834164 -40.860502 -17.345707 0.100000
5572 -42.802046 -43.419797 -19.610374 0.100000
5573 -40.293131 -42.977787 -20.005777 0.100000
5574 -39.015732 -46.846742 -21.384668 0.100000
5575 -37.465785 -44.792212 -20.026780 0.100000
5576 -37.622707 -40.936899 -24.467537 0.100000
5577 -37.511668 -43.527116 -24.770710 0.100000
5844 -42.128475 -47.525219 -8.898863 0.100000
6794 -45.789985 -49.019506 -17.257129 0.100000
6795 -46.498428 -49.585206 -15.843538 0.100000
6798 -42.396435 -37.730959 -7.722698 0.200000
6800 -34.526482 -45.067787 -9.393803 0.200000
6801 -36.274647 -38.649540 -11.057603 0.100000
6802 -36.600420 -39.677260 -11.481315 0.100000
6803 -37.711721 -43.063278 -12.343349 0.200000
6873 -35.504720 -52.212713 -15.455440 0.100000
6874 -41.658627 -49.574292 -19.862409 0.100000
7079 -41.770583 -39.815502 -21.678709 0.500000
7080 -43.564631 -39.347116 -23.216491 0.400000
7081 -44.789723 -40.746816 -18.070765 0.400000
7082 -45.315549 -38.920567 -19.992993 0.200000
7089 -37.462114 -41.078779 -19.876107 0.100000
7090 -37.815418 -36.079331 -19.489835 0.100000
7091 -36.213163 -36.908783 -22.320669 0.100000
7400 -47.721684 -47.713483 -23.937897 0.100000
7946 -43.054406 -43.749031 -18.580316 0.100000
7947 -44.389618 -44.847691 -18.746513 0.100000
7948 -44.583247 -43.200611 -20.392962 0.100000
7949 -45.568826 -43.234262 -22.477735 0.100000
9433 -41.070399 -54.765642 -10.952588 0.100000
9434 -45.480730 -46.829462 -19.824969 0.300000
9435 -47.755638 -50.995820 -14.728555 0.100000
9436 -51.267568 -43.175145 -16.877249 0.400000
9437 -47.260095 -42.434823 -17.827862 0.500000
9438 -46.267174 -43.200611 -15.980514 0.600000
9439 -43.514159 -43.200611 -15.980514 0.500000
9440 -40.315155 -41.874579 -14.653675 0.400000
9442 -39.895779 -37.070671 -6.978462 0.100000
9443 -40.611563 -38.876002 -8.451409 0.200000
9444 -37.609859 -46.618461 -10.744385 0.300000
9445 -41.091506 -48.382865 -12.449277 0.300000
9446 -47.664789 -42.905937 -8.056919 0.400000
9447 -45.586262 -44.560293 -10.962633 0.500000
9448 -43.418721 -42.443918 -12.357047 0.300000
9449 -41.807290 -38.611342 -15.017118 0.200000
9450 -44.507080 -38.282107 -14.694768 0.200000
9451 -43.214998 -41.414379 -17.790422 0.100000
9453 -43.214998 -42.142878 -15.067342 0.100000
10000 -44.472209 -49.587935 -13.223647 0.100000
10001 -44.325381 -51.375985 -20.480627 0.100000
10003 -44.594259 -39.185228 -23.812793 0.200000
10004 -49.998428 -40.760458 -11.631988 0.100000
10006 -45.644993 -48.220976 -18.156604 0.100000
10007 -45.856058 -47.399710 -21.167333 0.100000
10008 -44.697956 -46.874027 -22.695070 0.100000
10014 -47.552833 -40.847769 -19.142830 0.100000
10015 -44.045491 -44.538465 -17.271740 0.100000
10016 -44.375853 -45.149640 -21.328964 0.100000
10017 -42.369823 -47.381520 -22.679546 0.100000
10018 -39.977452 -48.114566 -22.917884 0.100000
10021 -35.848847 -44.683074 -22.948018 0.100000
10583 -41.236498 -48.561124 -23.967119 0.100000
10856 -38.934977 -49.506990 -13.524081 0.100000
10973 -41.151154 -39.522647 -19.581152 0.300000
10974 -42.008260 -39.643609 -21.145416 0.300000
10975 -43.038805 -38.067469 -20.403921 0.200000
12764 -39.183666 -53.240433 -17.864389 0.100000
12766 -39.432355 -53.693357 -17.226994 0.100000
12767 -51.832854 -46.848561 -7.713566 0.300000
12768 -51.999870 -46.734875 -10.023892 0.300000
12769 -50.525171 -46.395637 -8.258730 0.300000
12770 -49.994757 -46.783078 -9.644012 0.500000
12771 -49.276220 -45.133270 -8.813025 0.400000
12772 -35.176194 -44.756742 -6.215963 0.100000
12773 -36.888569 -45.640763 -7.109959 0.100000
12774 -35.143157 -45.558909 -7.183013 0.100000
12775 -35.324856 -44.807673 -14.334065 0.300000
12776 -35.324856 -44.807673 -14.334065 0.300000
12777 -36.727059 -42.372068 -14.671025 0.300000
12778 -36.733483 -41.085145 -15.408868 0.300000
12779 -39.646173 -42.727678 -12.818199 0.100000
12780 -40.105926 -43.013256 -14.111251 0.100000
12781 -40.154563 -42.222913 -13.925877 0.100000
12895 -39.638831 -52.540128 -18.063460 0.100000
12896 -37.420819 -52.846625 -18.570271 0.100000
13238 -47.252754 -41.267952 -15.348599 0.400000
13239 -47.192188 -40.966912 -19.268847 0.400000
13240 -46.085475 -41.105154 -19.747350 0.400000
13242 -46.018485 -38.956037 -15.601548 0.100000
13243 -48.554012 -43.756307 -19.062471 0.100000
13244 -47.907972 -44.362935 -17.258955 0.100000
13245 -47.872182 -42.833178 -19.290764 0.100000
13249 -41.941270 -37.646376 -18.038804 0.100000
13250 -43.232434 -38.089296 -17.265348 0.100000
13251 -41.726535 -40.434862 -18.368460 0.100000
13252 -40.858417 -42.487573 -19.953727 0.100000
13253 -40.786839 -41.394370 -19.642335 0.100000
13254 -39.334164 -44.360206 -20.055089 0.100000
13255 -38.925800 -42.068300 -20.173801 0.100000
15164 -45.805586 -47.450641 -17.130198 0.100000
15165 -46.633326 -47.361512 -16.124795 0.100000
15170 -43.787625 -37.447199 -7.130962 0.100000
15173 -36.258129 -36.907873 -9.773682 0.100000
15174 -35.819482 -37.314414 -10.865836 0.100000
15176 -36.948218 -38.636807 -12.508633 0.100000
15177 -38.091637 -38.604066 -13.367928 0.100000
15178 -37.255638 -42.476659 -11.199144 0.200000
15179 -38.234794 -42.192900 -11.287722 0.200000
15180 -38.626639 -43.052364 -12.327825 0.100000
15294 -34.743970 -51.874384 -14.614409 0.100000
15296 -44.080363 -47.621625 -19.301722 0.100000
15297 -45.338491 -46.903130 -17.693625 0.100000
15298 -44.742922 -48.897634 -18.099987 0.100000
15638 -43.589408 -42.305676 -16.133014 0.400000
15639 -41.902728 -38.624074 -23.077689 0.500000
15640 -44.178554 -40.848679 -16.571337 0.400000
15641 -44.513504 -40.383021 -22.447600 0.200000
15642 -45.368774 -38.710476 -18.646064 0.300000
15643 -41.829314 -39.270719 -12.963393 0.100000
15644 -42.435895 -38.569505 -14.986983 0.100000
15657 -38.158627 -35.019779 -22.427510 0.100000
15658 -38.297195 -35.991111 -23.929679 0.100000
15659 -37.187730 -37.748239 -24.194499 0.100000
16254 -44.055586 -49.115002 -10.917887 0.100000
16256 -41.845832 -48.777582 -11.330641 0.100000
16258 -39.559912 -49.537913 -11.437482 0.100000
16259 -38.119167 -48.599323 -14.195262 0.100000
16261 -38.253147 -48.689362 -15.239932 0.100000
16262 -38.866152 -48.672082 -16.462669 0.100000
16267 -45.750525 -49.493348 -24.126011 0.100000
16268 -47.929996 -49.235054 -22.466777 0.100000
17438 -43.130572 -42.897752 -19.329117 0.100000
17439 -43.912429 -43.749031 -19.495314 0.100000
17440 -44.556634 -42.284758 -20.449579 0.100000
17442 -47.271107 -41.673583 -22.142600 0.100000
17443 -47.465654 -42.433004 -23.466700 0.100000
17444 -45.765208 -43.578048 -24.473929 0.100000
21019 -46.890274 -52.861177 -17.552084 0.100000
21020 -48.420950 -41.511694 -11.414653 0.200000
21021 -48.420950 -41.511694 -11.414653 0.200000
21022 -47.741873 -48.329205 -14.719423 0.100000
21023 -47.247248 -50.433757 -15.008899 0.100000
21025 -51.719062 -44.769475 -14.106685 0.400000
21026 -52.282513 -43.752669 -14.539528 0.400000
21027 -50.650892 -43.573500 -15.406129 0.500000
21028 -50.130573 -42.946864 -16.903731 0.500000
21029 -49.042214 -43.494375 -15.882805 0.500000
21030 -47.243577 -42.935950 -16.595079 0.500000
21031 -47.904301 -43.779954 -15.586937 0.600000
21032 -46.342424 -46.541155 -12.942390 0.500000
21033 -45.378868 -44.985933 -14.320367 0.500000
21034 -43.752754 -44.305637 -14.049155 0.400000
21035 -42.434060 -43.377051 -15.266414 0.400000
21036 -42.363399 -43.773587 -12.830983 0.300000
21040 -40.198611 -46.501137 -8.841334 0.300000
21042 -38.855140 -37.612725 -7.480707 0.200000
21043 -40.610646 -37.758243 -7.740961 0.200000
21044 -39.270845 -38.343043 -7.988431 0.200000
21045 -33.824463 -36.882408 -9.836691 0.300000
21046 -35.716702 -45.896329 -10.485044 0.300000
21047 -36.248034 -46.003648 -11.414653 0.300000
21048 -38.138438 -46.572077 -15.056384 0.300000
21049 -39.826036 -47.159606 -13.178902 0.300000
21050 -40.268354 -48.669353 -14.115816 0.300000
21051 -42.790116 -49.155929 -13.565174 0.300000
21052 -40.916230 -49.155929 -14.899318 0.300000
21053 -47.020583 -43.466181 -9.198384 0.400000
21054 -46.166231 -42.375706 -9.339926 0.500000
21055 -41.538412 -38.566777 -5.676279 0.200000
21056 -43.462770 -41.006929 -4.597822 0.200000
21057 -43.817909 -40.398483 -11.865760 0.300000
21058 -42.527662 -40.403030 -13.389845 0.400000
21059 -43.148926 -39.218879 -12.992615 0.200000
21060 -42.671737 -38.719571 -14.176999 0.200000
21061 -44.507080 -38.934209 -13.356970 0.200000
21062 -41.644862 -42.069209 -16.995962 0.100000
21063 -41.914657 -41.754527 -17.616919 0.100000
21064 -42.734138 -41.496233 -17.008746 0.100000
21068 -41.710017 -41.957343 -14.594319 0.100000
22433 -43.442581 -51.416003 -12.508633 0.100000
22434 -43.739906 -50.436486 -13.003573 0.100000
22435 -44.700709 -50.672952 -12.499502 0.100000
22436 -48.099765 -42.195628 -18.697202 0.200000
22437 -48.281464 -42.443008 -18.467082 0.100000
22438 -45.993708 -50.024488 -20.481540 0.100000
22439 -44.808076 -49.877151 -20.939039 0.100000
22440 -45.570662 -48.622060 -21.934397 0.100000
22441 -43.298506 -37.691851 -24.158885 0.400000
22442 -44.594259 -39.185228 -23.812793 0.400000
22443 -47.274778 -43.128761 -14.154170 0.200000
22444 -48.535659 -39.529923 -14.154170 0.100000
22445 -48.721029 -39.860067 -12.626433 0.100000
22446 -49.415706 -39.492634 -14.116730 0.100000
22448 -50.313189 -39.488087 -14.079290 0.100000
22450 -45.647746 -47.759867 -17.672622 0.100000
22451 -44.733745 -46.354710 -19.123653 0.100000
22452 -44.870478 -47.401529 -19.828622 0.100000
22453 -44.954904 -46.814001 -20.169235 0.100000
22454 -46.009309 -46.428378 -21.022138 0.100000
22455 -45.937730 -45.975454 -20.672393 0.100000
22456 -44.943892 -45.622573 -20.114445 0.100000
22457 -45.044836 -45.405206 -18.755645 0.100000
22467 -46.110253 -39.187047 -17.431545 0.100000
22471 -46.423179 -41.261585 -17.700931 0.100000
22472 -46.365365 -43.166960 -16.775887 0.100000
22473 -45.072366 -42.915941 -16.367699 0.100000
22474 -42.539592 -44.137382 -20.703441 0.100000
22475 -43.446252 -43.950937 -19.621332 0.100000
22476 -42.957132 -45.631668 -21.728933 0.100000
22477 -43.364579 -46.226472 -22.074113 0.100000
22478 -42.423965 -46.226472 -22.045804 0.100000
22479 -41.520976 -47.522491 -22.449426 0.100000
22480 -40.745544 -47.447003 -21.902436 0.100000
22486 -36.404956 -41.220659 -20.398442 0.100000
22487 -35.731385 -43.204249 -20.625821 0.100000
22488 -35.948873 -42.737682 -21.871388 0.100000
22490 -36.953724 -45.045049 -25.147850 0.100000
23122 -41.973388 -44.104640 -7.510842 0.100000
23123 -46.492004 -47.664371 -8.883340 0.100000
24079 -36.486629 -36.071146 -12.824591 0.100000
24080 -36.520583 -36.950619 -12.836462 0.100000
24081 -38.380703 -35.908348 -13.874739 0.100000
24151 -37.071186 -50.640211 -14.484738 0.100000
24152 -37.857631 -50.057230 -15.854496 0.100000
24153 -39.318564 -47.006812 -16.979525 0.100000
24359 -41.922916 -42.112865 -19.528188 0.500000
24360 -43.535266 -39.606320 -16.726576 0.400000
24361 -42.044049 -41.802730 -21.006614 0.400000
24362 -43.183797 -39.868252 -22.015670 0.300000
24363 -45.300866 -38.539492 -22.101508 0.100000
24729 -40.048113 -42.979605 -13.313138 0.100000
24730 -38.109073 -45.044140 -13.561521 0.100000
24737 -46.251574 -49.492439 -20.529938 0.100000
25440 -46.394731 -40.484884 -20.517154 0.100000
27588 -41.303488 -56.377252 -19.153788 0.100000
27591 -52.109073 -47.024092 -11.270372 0.300000
27592 -46.144206 -39.515371 -8.718969 0.300000
27593 -50.717882 -45.628940 -13.234605 0.500000
27594 -49.154170 -45.284244 -14.452777 0.400000
27595 -49.929602 -46.408370 -12.270295 0.400000
27596 -49.020190 -46.789445 -11.398216 0.500000
27597 -47.098585 -46.501137 -10.749864 0.500000
27600 -37.978763 -45.716250 -6.808612 0.100000
27601 -38.083378 -45.929070 -7.761964 0.200000
27602 -38.722995 -46.442930 -9.274177 0.300000
27603 -34.727452 -44.956829 -12.287646 0.200000
27604 -36.195727 -45.937256 -13.240997 0.300000
27605 -36.236105 -45.875411 -14.154170 0.300000
27606 -36.147090 -45.626211 -15.028989 0.300000
27607 -35.654301 -44.758561 -15.955859 0.400000
27608 -36.751836 -44.386581 -16.756711 0.400000
27609 -36.790378 -42.385711 -16.482759 0.300000
27610 -42.202806 -38.238452 -5.436114 0.200000
27611 -40.145386 -44.623957 -13.138722 0.100000
27612 -40.461065 -43.812695 -15.611593 0.100000
27613 -40.307814 -43.503470 -15.390605 0.100000
27614 -41.086000 -42.591255 -15.661817 0.100000
27615 -41.774254 -42.201994 -15.945814 0.100000
27819 -36.830756 -52.832073 -17.221515 0.100000
27820 -35.664395 -53.172221 -18.714552 0.100000
28436 -48.476928 -42.020097 -14.209873 0.300000
28437 -45.390798 -50.447399 -11.466704 0.200000
28438 -48.405350 -42.083761 -15.193360 0.300000
28439 -48.419115 -40.976007 -18.699028 0.300000
28440 -47.738202 -40.131094 -22.068634 0.200000
28441 -45.420163 -39.589040 -13.296701 0.100000
28442 -47.184846 -40.174749 -12.029218 0.100000
28443 -46.342424 -39.637242 -13.315878 0.100000
28444 -47.245413 -39.459893 -14.992462 0.100000
28445 -48.497117 -39.204327 -15.608853 0.200000
28446 -48.493446 -38.353047 -16.617908 0.200000
28447 -47.260095 -37.743691 -16.877249 0.200000
28448 -46.258915 -45.642582 -16.842549 0.100000
28449 -45.242135 -45.428853 -17.972143 0.100000
28459 -44.084951 -41.341620 -17.103716 0.100000
28460 -43.077347 -42.896842 -17.166725 0.100000
28461 -42.835082 -42.170162 -18.599492 0.100000
28462 -42.000001 -43.075102 -19.810359 0.100000
28463 -41.026351 -44.880432 -20.770103 0.100000
28464 -39.940745 -46.794902 -21.524383 0.100000
28465 -39.851731 -45.604384 -20.822153 0.100000
28466 -37.547457 -47.240550 -21.064144 0.100000
28467 -36.655481 -46.481129 -21.002962 0.100000
28468 -36.750001 -41.105154 -23.039336 0.100000
28469 -36.122313 -42.471203 -23.242973 0.100000
28470 -37.217096 -42.129236 -24.963390 0.100000
28471 -38.080625 -43.207887 -25.140545 0.100000
28994 -39.465391 -47.283296 -9.184686 0.100000
28995 -40.548244 -46.489314 -8.120841 0.100000
28996 -39.318564 -42.611263 -11.429264 0.100000
28997 -39.984794 -42.560332 -12.368918 0.100000
31214 -45.045753 -51.168622 -18.374852 0.100000
31215 -44.195989 -52.571960 -18.084463 0.100000
31216 -46.121265 -49.602486 -16.645304 0.100000
31217 -46.748034 -49.011320 -15.638988 0.100000
31218 -47.474831 -46.667573 -14.062853 0.100000
31223 -44.431831 -38.031999 -7.467923 0.200000
31224 -49.650630 -45.929070 -6.234227 0.300000
31225 -33.625328 -43.176055 -6.848792 0.100000
31226 -34.793525 -45.589832 -8.600256 0.100000
31227 -34.130966 -43.677182 -8.200287 0.100000
31228 -34.398008 -44.126468 -9.586482 0.200000
31229 -34.479681 -44.147386 -10.553532 0.200000
31230 -36.528842 -37.620911 -12.478499 0.100000
31231 -36.274647 -38.649540 -11.057603 0.100000
31232 -34.741217 -43.468909 -10.800088 0.200000
31233 -34.767830 -43.546216 -12.662959 0.200000
31234 -36.928029 -43.083287 -12.237421 0.300000
31235 -37.808076 -42.180167 -13.776116 0.200000
31236 -39.598454 -41.381638 -13.472943 0.100000
31237 -38.564238 -42.115593 -13.637314 0.100000
31238 -39.555323 -42.354788 -13.440982 0.100000
31397 -36.139749 -52.873000 -16.382310 0.100000
31398 -37.792476 -50.196381 -16.784106 0.100000
31399 -37.429995 -50.964897 -17.316485 0.100000
31400 -36.670163 -52.825707 -16.613343 0.100000
31401 -39.695727 -51.325054 -18.897186 0.100000
31402 -43.620609 -51.040385 -19.324551 0.100000
31877 -43.889487 -41.084236 -20.247768 0.500000
31878 -44.507080 -40.472151 -21.459548 0.400000
31879 -43.633457 -40.433043 -21.453155 0.400000
31880 -45.409151 -42.332051 -17.636095 0.300000
31881 -46.084558 -40.459418 -19.120000 0.300000
31882 -44.151941 -40.096533 -18.345630 0.400000
31883 -45.795491 -39.549932 -18.871618 0.300000
31884 -45.122838 -39.289819 -20.030433 0.300000
31885 -45.374280 -41.656303 -14.513960 0.200000
31898 -40.686813 -37.906490 -18.541962 0.100000
31899 -38.890011 -40.455780 -19.395778 0.100000
31900 -39.001050 -37.729140 -18.749252 0.100000
31901 -37.495150 -38.419440 -19.076168 0.100000
31902 -35.753409 -39.374401 -20.145493 0.100000
31904 -36.416886 -36.385828 -20.923516 0.100000
31905 -35.734138 -40.051059 -22.436642 0.100000
31906 -36.652728 -39.995580 -23.964379 0.100000
31907 -37.892502 -39.510824 -24.992611 0.100000
32688 -39.009309 -48.682086 -11.358950 0.100000
32701 -44.531857 -49.539732 -25.071144 0.100000
32702 -44.728239 -48.382865 -24.460232 0.100000
33593 -35.981909 -43.723565 -4.136670 0.100000
33594 -34.454904 -43.412521 -4.694618 0.100000
34184 -42.942450 -44.794941 -17.007833 0.100000
34185 -43.668328 -44.789484 -17.905481 0.100000
34186 -43.650892 -44.164666 -18.765690 0.100000
34187 -44.356582 -44.134653 -19.797574 0.100000
34188 -44.795229 -44.043705 -20.782887 0.100000
34189 -45.736760 -41.475315 -21.141764 0.100000
34190 -45.078790 -43.677182 -21.004788 0.100000
34191 -44.596094 -44.840415 -21.337183 0.100000
38533 -41.509046 -53.115833 -13.125938 0.100000
38534 -42.353304 -53.679715 -12.689441 0.100000
38537 -43.073677 -53.722461 -11.661210 0.100000
38538 -48.598061 -42.025554 -13.545084 0.200000
38539 -44.492397 -46.908587 -20.365567 0.300000
38540 -46.791165 -41.214292 -14.686549 0.200000
38541 -43.281071 -53.803405 -17.537473 0.100000
38542 -42.917673 -55.054858 -17.183162 0.100000
38543 -47.977715 -51.775250 -15.557715 0.100000
38544 -46.397484 -45.861768 -1.360627 0.100000
38545 -49.353305 -49.908074 -16.237116 0.100000
38546 -50.127820 -50.451947 -18.742860 0.100000
38547 -51.121658 -42.759510 -18.513654 0.300000
38548 -43.232434 -45.510707 -19.804880 0.300000
38549 -45.556897 -41.809096 -17.489075 0.300000
38550 -43.155350 -48.227343 -14.550486 0.500000
38551 -45.424752 -42.439370 -17.806859 0.600000
38552 -43.589408 -42.418452 -17.844299 0.500000
38553 -46.558994 -44.118283 -15.119393 0.400000
38554 -44.431831 -43.200611 -15.980514 0.600000
38555 -42.671737 -42.583069 -17.171291 0.500000
38556 -41.210803 -42.022826 -17.522862 0.500000
38557 -41.345701 -41.161542 -17.815990 0.400000
38558 -40.662035 -39.619962 -17.640661 0.300000
38565 -41.453986 -37.743691 -7.761964 0.100000
38566 -41.849503 -41.980080 -4.659005 0.200000
38567 -49.284479 -43.749031 -5.509168 0.300000
38568 -35.411118 -45.869954 -8.653220 0.300000
38569 -37.230861 -46.089140 -9.604746 0.300000
38570 -39.057028 -46.783078 -10.557184 0.300000
38571 -38.158627 -46.763979 -12.327825 0.300000
38572 -39.866414 -46.951333 -12.275774 0.300000
38573 -41.572366 -47.133231 -11.267632 0.300000
38574 -43.268223 -48.954932 -11.986299 0.300000
38575 -40.164657 -39.298004 -8.973744 0.200000
38576 -49.242266 -43.786320 -8.087053 0.300000
38577 -48.485187 -44.694897 -9.097022 0.400000
38578 -47.070137 -45.050506 -10.496002 0.500000
38579 -45.607368 -44.916812 -11.376300 0.500000
38580 -45.262324 -42.532138 -10.302409 0.500000
38581 -44.291427 -43.313387 -11.352557 0.500000
38582 -43.756425 -43.888183 -12.384442 0.300000
38583 -42.088097 -41.686316 -13.574305 0.400000
38584 -41.697169 -40.580380 -15.048165 0.300000
38585 -40.654694 -38.423078 -16.906471 0.200000
38586 -42.338622 -44.329284 -17.179509 0.100000
38587 -42.304668 -43.453448 -18.075331 0.100000
38588 -42.212901 -42.897752 -18.415945 0.100000
38589 -41.079576 -43.204249 -16.780453 0.100000
38590 -41.653121 -42.323866 -17.745676 0.100000
38591 -45.133850 -41.093330 -18.995809 0.100000
38595 -40.822628 -42.208361 -14.506654 0.100000
38596 -42.297326 -42.163796 -15.104782 0.100000
38597 -42.690090 -42.033739 -15.738524 0.100000
38598 -44.132670 -42.142878 -15.067342 0.100000
38599 -44.507080 -41.993722 -15.681907 0.100000
40234 -43.617856 -49.637047 -13.392584 0.100000
40237 -45.992791 -49.215045 -12.627346 0.100000
40243 -45.698218 -40.122908 -22.022062 0.400000
40244 -46.755376 -39.977390 -21.875954 0.300000
40245 -47.214212 -39.453526 -23.257584 0.200000
40246 -48.102518 -40.174749 -12.029218 0.100000
40247 -49.022943 -40.696794 -11.340686 0.100000
40248 -45.651417 -45.688056 -20.756405 0.200000
40253 -46.806765 -49.017687 -18.964761 0.100000
40254 -46.831543 -49.275071 -20.621256 0.100000
40255 -44.188648 -47.293300 -18.296319 0.100000
40256 -45.788150 -48.345576 -19.543712 0.100000
40257 -46.625066 -48.370132 -20.992917 0.100000
40258 -46.803095 -47.569784 -21.914307 0.100000
40259 -45.311878 -47.738039 -24.105008 0.100000
40260 -44.334558 -47.527038 -23.312374 0.100000
40261 -44.570399 -45.279697 -17.858910 0.100000
40279 -47.029760 -42.499397 -18.291753 0.100000
40280 -44.803488 -44.699445 -16.406052 0.100000
40281 -44.587835 -44.971381 -18.681678 0.100000
40282 -43.402203 -43.935476 -18.745600 0.100000
40283 -44.530940 -44.776751 -19.746437 0.100000
40284 -45.331149 -45.112351 -20.453232 0.100000
40285 -44.750263 -45.688056 -21.701538 0.100000
40286 -43.261799 -47.370607 -22.751686 0.100000
40287 -42.671737 -48.119114 -23.826490 0.100000
40288 -41.222733 -48.157312 -23.643856 0.100000
40289 -40.134374 -48.646616 -23.368991 0.100000
40291 -38.773467 -47.778056 -22.304232 0.100000
40297 -36.641715 -42.959597 -20.024954 0.100000
40298 -35.657971 -44.716725 -20.087050 0.100000
40299 -35.915837 -45.731712 -22.406507 0.100000
40300 -36.586655 -44.181947 -24.208196 0.100000
40301 -36.158102 -45.629849 -24.084918 0.100000
41303 -41.846750 -48.661168 -24.139708 0.100000
41693 -41.219062 -38.084749 -18.986677 0.200000
41694 -41.783430 -38.372147 -19.913547 0.200000
41695 -43.148926 -37.379897 -20.023128 0.200000
43484 -39.183666 -53.240433 -17.864389 0.100000
43486 -40.567515 -53.497817 -17.429719 0.100000
43487 -51.016126 -45.574371 -7.286201 0.300000
43488 -51.234532 -46.551159 -8.077008 0.300000
43489 -50.352649 -46.160989 -8.077008 0.300000
43490 -49.997510 -45.959083 -8.487936 0.300000
43491 -50.515995 -45.418848 -8.208505 0.400000
43492 -34.649450 -44.667613 -6.357505 0.100000
43493 -35.567122 -45.221490 -6.646068 0.100000
43494 -34.784348 -45.066877 -6.797654 0.100000
43495 -37.423572 -42.041015 -14.243661 0.200000
43496 -35.377164 -43.447082 -13.926790 0.300000
43497 -37.311616 -42.041015 -14.597058 0.200000
43498 -38.745019 -43.147860 -11.357123 0.100000
43499 -39.228632 -42.360245 -12.397226 0.100000
43500 -40.105926 -43.013256 -14.111251 0.100000
43501 -39.626902 -42.278391 -13.218168 0.100000
43615 -41.241086 -52.736577 -18.485346 0.100000
43616 -38.145779 -52.809336 -18.119164 0.100000
43617 -39.183666 -53.240433 -17.864389 0.100000
43958 -46.480074 -41.490776 -16.791411 0.400000
43959 -46.781988 -41.171546 -18.741034 0.400000
43960 -45.859728 -41.350715 -19.290764 0.400000
43963 -49.572628 -41.818191 -20.826719 0.100000
43964 -48.674227 -42.727678 -19.908068 0.100000
43965 -48.670557 -41.854571 -20.336346 0.100000
43969 -40.724437 -38.764135 -18.608624 0.100000
43970 -41.985318 -38.482195 -18.007757 0.100000
43971 -40.825381 -39.621781 -18.677112 0.100000
43972 -40.946514 -41.031485 -19.080734 0.100000
43973 -40.270190 -41.027847 -19.271587 0.100000
43974 -39.843472 -42.068300 -20.173801 0.100000
43975 -39.650761 -40.775010 -19.334596 0.100000
45890 -42.693761 -36.940615 -6.759301 0.100000
45893 -35.900237 -36.843300 -10.402858 0.100000
45894 -35.758915 -37.137064 -11.210102 0.100000
45898 -37.843865 -41.863665 -11.011944 0.100000
45900 -38.978108 -41.456216 -11.311465 0.100000
46011 -35.288150 -53.167674 -12.135146 0.100000
46012 -34.944023 -52.800241 -12.797196 0.100000
46013 -34.581542 -52.400977 -14.360547 0.100000
46014 -34.821972 -51.751603 -14.202568 0.100000
46018 -44.975093 -48.410150 -18.293580 0.100000
46358 -43.409545 -44.326555 -7.946425 0.400000
46359 -43.635292 -41.381638 -16.136667 0.400000
46360 -43.682093 -40.510350 -16.341217 0.400000
46362 -41.210803 -38.950580 -13.539605 0.100000
46377 -39.455297 -35.462699 -24.642866 0.100000
46378 -39.254327 -35.932904 -24.331474 0.100000
46379 -38.127426 -36.803282 -24.159798 0.100000
46974 -41.034610 -48.315563 -9.916137 0.100000
46975 -43.721553 -49.142286 -10.927932 0.100000
46976 -40.205035 -48.358309 -10.695073 0.100000
46978 -38.466965 -46.399275 -15.544018 0.100000
46979 -38.778055 -46.789445 -16.073658 0.100000
46980 -38.599109 -47.495206 -15.575066 0.100000
46984 -46.288281 -49.496986 -21.459548 0.100000
46986 -46.325905 -49.534275 -22.372720 0.100000
46987 -47.161904 -49.458788 -22.416552 0.100000
46988 -47.560174 -49.137739 -21.839427 0.100000
48158 -43.473782 -42.323866 -19.731826 0.100000
48159 -43.961065 -42.328413 -20.139101 0.100000
48160 -44.518092 -41.684497 -20.199370 0.100000
48164 -47.428947 -42.221094 -24.233765 0.100000
51739 -46.940746 -52.858448 -17.205078 0.100000
51740 -47.152728 -51.572434 -17.508251 0.300000
51741 -48.770583 -41.750889 -10.517918 0.100000
51745 -51.268486 -44.647604 -14.637238 0.500000
51746 -51.087704 -44.127377 -14.983330 0.400000
51747 -50.202151 -44.103731 -15.219842 0.500000
51748 -49.391847 -43.520750 -15.492880 0.500000
51749 -49.535004 -43.835432 -15.503838 0.500000
51750 -47.969456 -43.417978 -15.962251 0.500000
51751 -49.385423 -44.656699 -15.483749 0.600000
51752 -45.488071 -46.459301 -12.881208 0.500000
51753 -45.560567 -46.108239 -13.437330 0.500000
51754 -44.260226 -45.040502 -13.219081 0.400000
51755 -42.761668 -43.990045 -14.079290 0.400000
51756 -43.875722 -44.735824 -13.412674 0.400000
51760 -40.969455 -46.618461 -9.571871 0.300000
51761 -41.552177 -46.408370 -9.244043 0.300000
51762 -41.914657 -46.703043 -9.749940 0.300000
51763 -39.799424 -37.700036 -7.563806 0.200000
51764 -42.421212 -47.075933 -10.385508 0.300000
51765 -34.773336 -45.518892 -11.346165 0.300000
51766 -35.439565 -45.830846 -11.398216 0.300000
51767 -33.800604 -37.314414 -10.449430 0.300000
51768 -38.923965 -46.824915 -15.067342 0.300000
51769 -38.138438 -46.572077 -15.056384 0.300000
51770 -40.378475 -48.478361 -14.839962 0.300000
51771 -40.267437 -49.167752 -14.390681 0.300000
51772 -40.378475 -48.478361 -14.839962 0.300000
51773 -41.288805 -49.197765 -15.429871 0.300000
51774 -39.589277 -46.601181 -15.913853 0.400000
51775 -41.798113 -39.259806 -5.613270 0.300000
51776 -41.798113 -39.259806 -5.613270 0.200000
51777 -43.868381 -39.883713 -11.851149 0.300000
51778 -43.087442 -39.926459 -12.599951 0.300000
51779 -43.968407 -39.145210 -12.595385 0.200000
51780 -43.968407 -39.145210 -12.595385 0.200000
51781 -44.812665 -39.216150 -12.740579 0.200000
51782 -42.252361 -41.783631 -16.465409 0.100000
51783 -42.734138 -41.496233 -17.008746 0.100000
51784 -43.589408 -41.456216 -16.968567 0.100000
51785 -43.589408 -41.456216 -16.968567 0.100000
51786 -43.589408 -41.456216 -16.968567 0.100000
53153 -44.113399 -50.786638 -12.631912 0.100000
53154 -44.113399 -50.786638 -12.631912 0.200000
53155 -44.256556 -51.163165 -12.130580 0.100000
53156 -46.343341 -47.667099 -20.380178 0.100000
53157 -46.207526 -49.496986 -19.993906 0.100000
53158 -46.313058 -48.641159 -20.590208 0.100000
53159 -45.984532 -49.830768 -21.107063 0.100000
53160 -46.106582 -48.009066 -21.892391 0.100000
53161 -45.485318 -39.591768 -21.459548 0.300000
53162 -44.068433 -37.795532 -24.410920 0.400000
53163 -44.198742 -37.322599 -24.658390 0.400000
53164 -48.497117 -39.204327 -15.608853 0.200000
53165 -48.497117 -39.204327 -15.608853 0.100000
53166 -48.497117 -39.204327 -15.608853 0.100000
53167 -50.013111 -39.637242 -13.315878 0.100000
53168 -49.787363 -39.285271 -14.795217 0.100000
53170 -45.776220 -47.548866 -17.266261 0.100000
53171 -45.382539 -45.784462 -19.731826 0.100000
53172 -44.958575 -46.294684 -19.901676 0.100000
53173 -45.842292 -45.684418 -20.147319 0.100000
53174 -45.937730 -45.975454 -20.672393 0.100000
53175 -45.857893 -45.409754 -20.285208 0.100000
53176 -44.704379 -45.065058 -20.506196 0.100000
53177 -44.943892 -45.622573 -20.114445 0.100000
53187 -45.666099 -39.591768 -17.241605 0.100000
53189 -45.825774 -40.229318 -17.351186 0.100000
53190 -46.327741 -40.463056 -17.684494 0.100000
53191 -45.641322 -41.128800 -16.551247 0.100000
53192 -45.947825 -42.291124 -16.389615 0.100000
53193 -45.317384 -42.242921 -16.196023 0.100000
53194 -42.500132 -44.603948 -20.963695 0.100000
53195 -42.587311 -44.990480 -21.263216 0.100000
53196 -41.964212 -45.706246 -21.654053 0.100000
53197 -42.957132 -45.631668 -21.728933 0.100000
53198 -41.281464 -46.526603 -22.048544 0.100000
53199 -41.802701 -46.852199 -22.165430 0.100000
53200 -41.281464 -46.526603 -22.048544 0.100000
53206 -36.148008 -41.406194 -21.130806 0.100000
53207 -35.957132 -42.310223 -21.406584 0.100000
53208 -36.034217 -42.345693 -22.306971 0.100000
53896 -43.834427 -44.655789 -6.308194 0.100000
53897 -45.549555 -46.420193 -7.195797 0.100000
53898 -47.353698 -47.609801 -7.762877 0.100000
55492 -38.027400 -35.015232 -13.669275 0.100000
55493 -37.802570 -35.924718 -13.520428 0.100000
55608 -39.189172 -49.651599 -13.973362 0.100000
55609 -39.336917 -49.930811 -13.944140 0.100000
55610 -39.136865 -49.993566 -14.447298 0.100000
55611 -36.868380 -50.747530 -13.700323 0.100000
55612 -38.375197 -50.044497 -14.887447 0.100000
55613 -38.317384 -49.577930 -15.512970 0.100000
55958 -41.388831 -41.663578 -19.284371 0.400000
55959 -41.997248 -41.950067 -20.497977 0.500000
55960 -41.876115 -41.292508 -20.713486 0.400000
55961 -43.563713 -38.642264 -21.414802 0.200000
55962 -42.601076 -39.654523 -21.602003 0.300000
55963 -43.861957 -38.976955 -21.971837 0.300000
55964 -43.183797 -39.868252 -22.015670 0.200000
55965 -45.300866 -38.539492 -22.101508 0.200000
56574 -40.048113 -42.979605 -13.313138 0.100000
56588 -46.251574 -49.492439 -20.529938 0.100000
61340 -41.565942 -55.954340 -19.369296 0.100000
61341 -40.623493 -55.850659 -19.184836 0.100000
61342 -45.136603 -38.243909 -7.467923 0.200000
61343 -45.923965 -39.147029 -8.145496 0.100000
61344 -52.092555 -47.328770 -10.271361 0.200000
61345 -51.622707 -46.528422 -10.314280 0.300000
61346 -52.114579 -46.323787 -11.610985 0.300000
61347 -46.144206 -39.515371 -8.718969 0.300000
61348 -52.008129 -45.684418 -12.473933 0.500000
61349 -51.269403 -45.887234 -12.208200 0.400000
61350 -50.832591 -45.892691 -12.603603 0.400000
61351 -50.414133 -46.517508 -10.904190 0.400000
61352 -49.133063 -46.727600 -9.699716 0.500000
61353 -49.638701 -46.838557 -10.501481 0.400000
61354 -48.376902 -46.590267 -9.825733 0.500000
61355 -47.883194 -46.732147 -10.591885 0.500000
61356 -47.737285 -46.380176 -10.084161 0.500000
61357 -36.998690 -44.955920 -5.881742 0.100000
61358 -37.978763 -45.716250 -6.808612 0.100000
61359 -37.372182 -45.347908 -6.498134 0.100000
61360 -37.113399 -45.862678 -7.799404 0.100000
61361 -38.083378 -45.929070 -7.761964 0.100000
61362 -38.083378 -45.929070 -7.761964 0.200000
61363 -38.060436 -46.048213 -8.637696 0.300000
61364 -38.722995 -46.442930 -9.274177 0.300000
61365 -34.673310 -44.563022 -12.802675 0.200000
61366 -35.582722 -45.618026 -13.293048 0.300000
61367 -35.071579 -44.971381 -13.304006 0.200000
61368 -35.239513 -44.014601 -14.287493 0.300000
61369 -35.324856 -44.807673 -14.334065 0.300000
61370 -35.657054 -45.326990 -14.803435 0.300000
61371 -36.649975 -45.607112 -15.676428 0.300000
61372 -35.822235 -44.185585 -15.281937 0.400000
61373 -35.999345 -44.372029 -15.928463 0.400000
61374 -36.571055 -43.161503 -15.766832 0.300000
61375 -42.917673 -37.804627 -5.428809 0.200000
61376 -43.111301 -38.250275 -5.625141 0.200000
61377 -40.145386 -44.623957 -13.138722 0.100000
61378 -40.145386 -44.623957 -13.138722 0.100000
61379 -40.042607 -43.911829 -13.973362 0.100000
61380 -40.042607 -43.911829 -13.973362 0.100000
61381 -40.154563 -43.516203 -14.794303 0.100000
61382 -40.432617 -42.680384 -14.382463 0.100000
61383 -40.556503 -42.926855 -15.037207 0.100000
61384 -40.556503 -42.926855 -15.037207 0.100000
61385 -41.774254 -42.201994 -15.945814 0.100000
61386 -40.995150 -42.500306 -15.076474 0.100000
61725 -37.223519 -52.813883 -17.935616 0.100000
61726 -36.277400 -53.092186 -17.860736 0.100000
61727 -37.223519 -52.813883 -17.935616 0.100000
62753 -44.920032 -50.129989 -8.977396 0.300000
62754 -48.405350 -42.083761 -15.193360 0.300000
62755 -47.985056 -41.560806 -15.695604 0.300000
62756 -47.192188 -40.966912 -19.268847 0.400000
62757 -47.973126 -40.883239 -18.901752 0.300000
62758 -47.973126 -40.883239 -18.901752 0.300000
62759 -48.419115 -40.976007 -18.699028 0.200000
62760 -47.387652 -40.219314 -21.459548 0.300000
62761 -44.502492 -39.515371 -13.222734 0.100000
62762 -46.030415 -39.813683 -12.600864 0.100000
62763 -45.724830 -39.468078 -14.116730 0.100000
62764 -46.018485 -38.956037 -15.601548 0.200000
62765 -46.215785 -39.302551 -15.048165 0.100000
62766 -46.934322 -39.217060 -15.646293 0.200000
62767 -47.774909 -39.259806 -15.676428 0.100000
62768 -47.260095 -38.871455 -16.183238 0.200000
62769 -47.634505 -38.355776 -16.595079 0.200000
62770 -46.745281 -38.345772 -16.552160 0.200000
62771 -47.519796 -44.776751 -16.501936 0.100000
62772 -46.901286 -45.530715 -16.396921 0.100000
62773 -46.517699 -45.534353 -16.376831 0.100000
62774 -45.762455 -45.645311 -17.153941 0.100000
62775 -46.241480 -45.119627 -16.397834 0.100000
62787 -42.987416 -39.579035 -17.195033 0.100000
62789 -43.466440 -38.697743 -17.090018 0.100000
62790 -43.903252 -39.548113 -16.922908 0.100000
62791 -43.314107 -41.064227 -17.308267 0.100000
62792 -43.562796 -42.086490 -17.734718 0.100000
62793 -42.752492 -41.592639 -18.501783 0.100000
62794 -40.858417 -42.487573 -19.953727 0.100000
62795 -41.709099 -42.329323 -19.612200 0.100000
62796 -41.192450 -42.959597 -19.950074 0.100000
62797 -41.472340 -44.131015 -20.571031 0.100000
62798 -40.836393 -43.498013 -20.247768 0.100000
62799 -40.565680 -45.397021 -20.887902 0.100000
62800 -40.529891 -44.168304 -20.443187 0.100000
62801 -38.673441 -44.339288 -20.012170 0.100000
62802 -39.223126 -44.751285 -20.034999 0.100000
62803 -38.383456 -44.796760 -20.005777 0.100000
62804 -37.923703 -46.009105 -20.766450 0.100000
62805 -37.143682 -45.291520 -20.465103 0.100000
62806 -37.075774 -41.138805 -24.097702 0.100000
62807 -36.385685 -41.667216 -24.194499 0.100000
62808 -37.217096 -42.129236 -24.963390 0.100000
63771 -44.895255 -48.224614 -10.302409 0.100000
63772 -43.945465 -48.371042 -9.959970 0.100000
63773 -41.210803 -47.531586 -8.936304 0.100000
63774 -40.056372 -42.118322 -9.023968 0.100000
63775 -42.297326 -46.541155 -8.060571 0.100000
63776 -40.206870 -40.684061 -10.453083 0.100000
63777 -41.329183 -40.960545 -12.064832 0.100000
63778 -40.611563 -41.352534 -11.623769 0.100000
63779 -40.754720 -42.014640 -12.192676 0.100000
63780 -38.874411 -46.682125 -9.076019 0.100000
63781 -39.984794 -42.560332 -12.368918 0.100000
63782 -40.888700 -42.565789 -12.947869 0.100000
68534 -45.654170 -49.593392 -17.121980 0.100000
68535 -45.646828 -50.211842 -17.131111 0.100000
68536 -46.336000 -48.547482 -16.887294 0.100000
68537 -46.817778 -47.104127 -15.742176 0.100000
68538 -46.982958 -47.757138 -15.849931 0.100000
68539 -47.215129 -47.014997 -15.112087 0.100000
68540 -47.522549 -47.798065 -15.090171 0.100000
68552 -42.581805 -42.282939 -4.034395 0.100000
68553 -43.460017 -37.669114 -7.469749 0.100000
68554 -42.581805 -42.282939 -4.034395 0.200000
68555 -50.872051 -46.489314 -6.230574 0.300000
68556 -42.871789 -38.386698 -8.010347 0.200000
68558 -33.847405 -43.811786 -7.541890 0.100000
68559 -33.640929 -42.469384 -7.541890 0.100000
68560 -36.449004 -37.781890 -9.642186 0.100000
68561 -34.222733 -42.334780 -8.902516 0.200000
68562 -34.222733 -42.334780 -8.902516 0.200000
68563 -34.498952 -44.965924 -10.468607 0.200000
68564 -34.564107 -43.160593 -9.721632 0.200000
68565 -37.540116 -36.834205 -13.365189 0.100000
68566 -36.712376 -37.314414 -12.946043 0.100000
68567 -37.089539 -37.730959 -12.971612 0.100000
68568 -36.753671 -39.121564 -12.126927 0.100000
68569 -36.511406 -38.522212 -11.995431 0.100000
68570 -36.600420 -39.677260 -11.481315 0.100000
68571 -35.046802 -42.846820 -10.317020 0.200000
68572 -36.600420 -39.677260 -11.481315 0.100000
68573 -34.531070 -44.184675 -11.489533 0.200000
68574 -35.431306 -43.005981 -11.349818 0.200000
68575 -37.106057 -42.903209 -11.691344 0.200000
68576 -37.106057 -42.903209 -11.691344 0.300000
68577 -37.173965 -42.728587 -13.251042 0.200000
68578 -37.173965 -42.728587 -13.251042 0.200000
68579 -37.173965 -42.728587 -13.251042 0.200000
68580 -37.877819 -42.499397 -13.423632 0.100000
68581 -38.047589 -42.929584 -12.968872 0.200000
68583 -39.015732 -42.717673 -12.988962 0.100000
68585 -40.012324 -42.419362 -13.394410 0.100000
68920 -34.952282 -52.857539 -15.394258 0.100000
68922 -34.952282 -52.857539 -15.394258 0.100000
68923 -35.372575 -52.897556 -16.048089 0.100000
68924 -35.646959 -52.503749 -15.792401 0.100000
68925 -38.424752 -49.006773 -17.087279 0.100000
68926 -37.101469 -50.685685 -15.967730 0.100000
68927 -38.879917 -48.723013 -17.795901 0.100000
68928 -43.758260 -48.590228 -19.235060 0.100000
68929 -39.539723 -49.567017 -18.821393 0.100000
68930 -40.072890 -49.567017 -19.308114 0.100000
68931 -37.440090 -51.437830 -17.437024 0.100000
68932 -39.055192 -50.497421 -18.521873 0.100000
68933 -38.046671 -51.457839 -17.952966 0.100000
68934 -41.198873 -50.422843 -19.606721 0.100000
68935 -45.453200 -48.502917 -17.784029 0.100000
68936 -40.951102 -51.257752 -19.327290 0.100000
68937 -44.825512 -50.161821 -18.207741 0.100000
68938 -43.589408 -51.587896 -18.939192 0.100000
69953 -42.754327 -40.282068 -21.464114 0.500000
69954 -43.633457 -40.433043 -21.453155 0.500000
69955 -42.447825 -39.738195 -22.212002 0.500000
69956 -45.233876 -41.377090 -17.700931 0.400000
69957 -42.201889 -38.046550 -23.526970 0.500000
69958 -45.550473 -41.017843 -18.257053 0.400000
69959 -45.550473 -41.017843 -18.257053 0.300000
69960 -46.084558 -40.459418 -19.120000 0.300000
69961 -43.965654 -38.696833 -17.739284 0.400000
69962 -43.822497 -39.568121 -17.542952 0.400000
69963 -44.274909 -39.302551 -18.026933 0.300000
69964 -42.671737 -39.562665 -12.327825 0.100000
69965 -45.925801 -38.713204 -19.097171 0.200000
69966 -45.795491 -39.549932 -18.871618 0.300000
69967 -45.958837 -39.481720 -19.688907 0.300000
69968 -45.958837 -39.481720 -19.688907 0.300000
69969 -46.356189 -41.551712 -14.213526 0.200000
69970 -46.356189 -41.551712 -14.213526 0.200000
69972 -43.839933 -38.994235 -14.467388 0.100000
69997 -41.355795 -36.995184 -18.282621 0.100000
69998 -40.848323 -36.966990 -18.477127 0.100000
69999 -39.900368 -37.776433 -18.672546 0.100000
70000 -39.862743 -36.904235 -18.635106 0.100000
70002 -38.114579 -37.577255 -18.976632 0.100000
70003 -37.526351 -37.849192 -19.149222 0.100000
70004 -36.281988 -39.547203 -19.728173 0.100000
70005 -37.019796 -37.836459 -19.527275 0.100000
70009 -37.006949 -35.745550 -22.328888 0.100000
70010 -36.939041 -35.751916 -21.446763 0.100000
70011 -35.636865 -37.265302 -21.589218 0.100000
70012 -35.427636 -38.802334 -21.357272 0.100000
70013 -35.746985 -39.237978 -22.611058 0.100000
70014 -35.832329 -39.987395 -22.995503 0.100000
70015 -36.213163 -38.653178 -23.251192 0.100000
70016 -37.744757 -38.097482 -24.713180 0.100000
70017 -37.474961 -38.696833 -24.751534 0.100000
70018 -38.171474 -38.733213 -25.039183 0.100000
71808 -38.403645 -47.758957 -11.356210 0.100000
71809 -37.793394 -46.799449 -13.129590 0.100000
71810 -38.722995 -49.530637 -11.524234 0.100000
71839 -48.673310 -49.194127 -23.399125 0.100000
71840 -45.458706 -49.290533 -24.735096 0.100000
71841 -46.279104 -48.743022 -24.735096 0.100000
71842 -45.336655 -48.662077 -24.807237 0.100000
71843 -45.277007 -48.230071 -24.536938 0.100000
73953 -35.533168 -43.653535 -3.763183 0.100000
73954 -35.124804 -43.535302 -3.772315 0.100000
73955 -35.120216 -43.531664 -4.253556 0.100000
73956 -34.444809 -43.269732 -3.954036 0.100000
75353 -42.791952 -44.090998 -17.929224 0.100000
75354 -43.097536 -44.574845 -17.682667 0.100000
75355 -43.097536 -44.574845 -17.682667 0.100000
75356 -44.094128 -43.443444 -19.886152 0.100000
75357 -43.912429 -43.749031 -19.495314 0.100000
75358 -43.912429 -43.749031 -19.495314 0.100000
75359 -44.356582 -44.134653 -19.797574 0.100000
75360 -44.795229 -44.043705 -20.782887 0.100000
75362 -46.416755 -40.826851 -21.082408 0.100000
75364 -46.332329 -42.866829 -22.617450 0.100000
75365 -45.958837 -42.694027 -22.201957 0.100000
75366 -44.738333 -44.114645 -22.514262 0.100000
75367 -44.844783 -43.738117 -21.880520 0.100000
75368 -44.738333 -44.114645 -22.514262 0.100000
75370 -45.152203 -43.798143 -23.078602 0.100000
75371 -45.922130 -43.786320 -25.261997 0.100000
86090 -41.242004 -53.585128 -12.944217 0.100000
86091 -41.097929 -53.879802 -12.412750 0.100000
86095 -40.492266 -54.499162 -11.039339 0.100000
86097 -40.894206 -54.312717 -11.523321 0.100000
86098 -41.754982 -54.326360 -11.667602 0.100000
86099 -42.562534 -54.113540 -11.330641 0.100000
86100 -48.835738 -42.291124 -13.176162 0.200000
86101 -48.732958 -41.777264 -12.283993 0.200000
86102 -48.133719 -41.494414 -12.283993 0.200000
86103 -48.420950 -41.511694 -11.414653 0.200000
86104 -44.909020 -47.091394 -20.102574 0.300000
86105 -44.507080 -43.275189 -20.471495 0.300000
86106 -43.589408 -44.084632 -20.551854 0.300000
86107 -46.084558 -50.702965 -16.607864 0.100000
86108 -43.805979 -53.190411 -17.836080 0.100000
86109 -46.427767 -50.362817 -16.020694 0.100000
86110 -47.706084 -50.616564 -14.650022 0.100000
86111 -46.808601 -51.469662 -15.531233 0.100000
86112 -46.867332 -51.853466 -15.633509 0.100000
86113 -45.578921 -54.114449 -16.406966 0.100000
86114 -47.508784 -51.911673 -15.488314 0.100000
86115 -45.652334 -45.035045 -1.483905 0.100000
86116 -45.711065 -45.492517 -0.974355 0.100000
86117 -46.151548 -45.227856 -1.839129 0.100000
86118 -52.500919 -43.606242 -14.706639 0.400000
86120 -49.713032 -50.233670 -18.303624 0.200000
86121 -49.610253 -50.736616 -18.482606 0.100000
86122 -49.911249 -49.531547 -18.650630 0.200000
86123 -48.119954 -41.352534 -10.538921 0.200000
86124 -50.878475 -42.946864 -17.783116 0.400000
86125 -49.066073 -42.602169 -17.257129 0.500000
86126 -49.051391 -42.403901 -17.925571 0.500000
86127 -48.177767 -42.397534 -17.865302 0.500000
86128 -46.492922 -41.281594 -14.805262 0.200000
86129 -45.864317 -41.707234 -15.691952 0.300000
86130 -44.834689 -41.988265 -17.763026 0.400000
86131 -47.260095 -42.434823 -17.827862 0.500000
86132 -46.342424 -42.903209 -16.595079 0.600000
86133 -46.342424 -42.588526 -17.192294 0.500000
86134 -45.424752 -42.903209 -16.595079 0.600000
86135 -44.507080 -42.439370 -17.806859 0.600000
86136 -44.507080 -42.588526 -17.192294 0.600000
86137 -48.552177 -45.680781 -13.872000 0.400000
86138 -48.253016 -45.316986 -14.452777 0.400000
86139 -47.320662 -45.287882 -14.452777 0.400000
86140 -44.498821 -43.916377 -14.814393 0.500000
86141 -45.065024 -43.534392 -15.374168 0.700000
86142 -45.065024 -43.534392 -15.374168 0.400000
86143 -43.589408 -42.903209 -16.595079 0.500000
86144 -43.589408 -42.903209 -16.595079 0.500000
86145 -41.829314 -42.286577 -17.785856 0.500000
86146 -42.715785 -42.893204 -16.546681 0.400000
86147 -40.828134 -42.277482 -15.120306 0.400000
86148 -40.920819 -42.096494 -16.711965 0.400000
86149 -40.426194 -41.991903 -16.305604 0.400000
86150 -41.224568 -40.380293 -17.734718 0.300000
86151 -41.342030 -41.078779 -15.980514 0.300000
86163 -42.415706 -46.397456 -8.425840 0.200000
86167 -39.895779 -37.070671 -6.978462 0.100000
86169 -40.814369 -37.248931 -7.414959 0.100000
86170 -40.164657 -38.355776 -8.027697 0.200000
86171 -41.849503 -41.980080 -4.659005 0.200000
86172 -41.061223 -38.355776 -8.060571 0.200000
86173 -48.847667 -45.089614 -6.709990 0.300000
86174 -41.061223 -39.265262 -8.973744 0.200000
86175 -34.443892 -44.961377 -8.323565 0.200000
86176 -34.793525 -45.589832 -8.600256 0.200000
86177 -34.870609 -45.689875 -9.372800 0.200000
86178 -36.528842 -46.038209 -10.501481 0.300000
86179 -37.230861 -46.089140 -9.604746 0.300000
86180 -37.152859 -46.313783 -10.579100 0.300000
86181 -37.677767 -46.442930 -10.057679 0.300000
86182 -38.221029 -46.723962 -10.616540 0.300000
86183 -36.850027 -46.220106 -13.219081 0.300000
86184 -37.412560 -46.535698 -13.219081 0.300000
86185 -37.412560 -46.535698 -13.219081 0.300000
86186 -40.310567 -48.112748 -12.827330 0.300000
86187 -40.334427 -47.086847 -12.741492 0.300000
86188 -40.771238 -47.828988 -12.380789 0.300000
86189 -41.286970 -47.380611 -11.928769 0.300000
86190 -41.406267 -48.305559 -11.847497 0.300000
86191 -42.010095 -48.402874 -11.559847 0.300000
86192 -41.852256 -48.582043 -12.355220 0.300000
86193 -43.415051 -49.397852 -13.273872 0.300000
86194 -43.415051 -49.397852 -13.273872 0.300000
86195 -47.830887 -42.687660 -7.626815 0.300000
86196 -48.400761 -43.064188 -7.605812 0.300000
86197 -48.188779 -43.456176 -8.356439 0.400000
86198 -48.999083 -44.116464 -8.483370 0.400000
86199 -47.943761 -43.980041 -8.930825 0.400000
86200 -46.654432 -43.830885 -9.830299 0.500000
86201 -47.489513 -44.627595 -9.879610 0.500000
86202 -46.391060 -44.040067 -10.192829 0.500000
86203 -46.764553 -45.447042 -11.022902 0.500000
86204 -45.586262 -44.560293 -10.962633 0.500000
86205 -37.147353 -43.346129 -16.707399 0.400000
86206 -36.587573 -38.304845 -16.412445 0.400000
86207 -36.983089 -42.704941 -17.276306 0.400000
86208 -43.850027 -42.056477 -11.668515 0.300000
86209 -44.282250 -42.535776 -11.212842 0.400000
86210 -43.823415 -43.067826 -11.832886 0.300000
86211 -44.150106 -43.724475 -11.782661 0.300000
86212 -44.150106 -43.724475 -11.782661 0.300000
86213 -43.192974 -43.225167 -12.494023 0.300000
86214 -43.094783 -42.714035 -12.781672 0.300000
86215 -41.937599 -39.995580 -13.695757 0.300000
86216 -42.194547 -40.653139 -14.275622 0.300000
86217 -41.114448 -39.969205 -14.618974 0.300000
86218 -40.325250 -39.343478 -16.281861 0.200000
86219 -41.097012 -38.297569 -15.940335 0.200000
86220 -41.237416 -37.237107 -16.599645 0.200000
86221 -41.136472 -37.620001 -16.289166 0.200000
86222 -41.805454 -44.076446 -16.859899 0.100000
86223 -41.805454 -44.076446 -16.859899 0.100000
86224 -41.809125 -43.166960 -17.756634 0.100000
86225 -42.304668 -43.453448 -18.075331 0.100000
86226 -42.212901 -42.897752 -18.415945 0.100000
86227 -40.461065 -43.812695 -15.611593 0.100000
86228 -41.079576 -43.204249 -16.780453 0.100000
86229 -41.255769 -42.580341 -17.217863 0.100000
86230 -41.914657 -41.754527 -17.616919 0.100000
86231 -42.098192 -41.823648 -18.118250 0.100000
86232 -42.682749 -41.713600 -18.477127 0.100000
86233 -43.028711 -41.810915 -19.062471 0.100000
86234 -42.682749 -41.713600 -18.477127 0.100000
86235 -45.133850 -41.093330 -18.995809 0.100000
86236 -44.403383 -41.347987 -18.755645 0.100000
86242 -40.232565 -41.381638 -13.928616 0.100000
86243 -40.232565 -41.381638 -13.928616 0.100000
86245 -42.613006 -41.920054 -14.559618 0.100000
86246 -41.710017 -41.957343 -14.594319 0.100000
86247 -42.297326 -42.163796 -15.104782 0.100000
86248 -42.297326 -42.163796 -15.104782 0.100000
86249 -43.589408 -41.993722 -15.681907 0.100000
86250 -45.050342 -42.142878 -15.067342 0.100000
86251 -44.132670 -42.142878 -15.067342 0.100000
86252 -45.050342 -42.142878 -15.067342 0.100000
86255 -44.881490 -41.679040 -16.279122 0.100000
86256 -44.881490 -41.679040 -16.279122 0.100000
90341 -44.472209 -49.587935 -13.223647 0.100000
90342 -43.739906 -50.436486 -13.003573 0.100000
90346 -45.390798 -50.447399 -11.466704 0.300000
90347 -45.713818 -49.830768 -11.339773 0.100000
90348 -46.076299 -49.250515 -11.940640 0.100000
90349 -45.158627 -51.280489 -19.633203 0.100000
90355 -44.125329 -50.923970 -21.024878 0.100000
90361 -44.207001 -39.827325 -22.654890 0.400000
90362 -44.807159 -40.174749 -22.074113 0.400000
90363 -44.807159 -40.174749 -22.074113 0.400000
90364 -44.594259 -39.185228 -23.812793 0.400000
90365 -45.372445 -39.538108 -23.248452 0.400000
90366 -45.447694 -39.184318 -23.900457 0.200000
90367 -46.325905 -39.419875 -23.250278 0.200000
90368 -46.116676 -39.099736 -23.930592 0.200000
90369 -47.184846 -40.174749 -12.029218 0.100000
90370 -47.260095 -40.472151 -11.414653 0.100000
90371 -47.803357 -39.860067 -12.626433 0.100000
90372 -49.638701 -39.860067 -12.626433 0.100000
90373 -49.020190 -40.203853 -12.015520 0.100000
90374 -49.937862 -40.241142 -12.052047 0.100000
90375 -46.776482 -38.976955 -24.683046 0.200000
90376 -45.308208 -46.059127 -21.358186 0.200000
90386 -46.292869 -48.675720 -18.779387 0.100000
90387 -46.642502 -48.974031 -18.241529 0.100000
90388 -46.642502 -48.974031 -18.241529 0.100000
90389 -46.815025 -48.934014 -19.968337 0.100000
90390 -46.361695 -48.647526 -19.618592 0.100000
90391 -48.791689 -37.760972 -17.190467 0.200000
90392 -48.791689 -37.760972 -17.190467 0.200000
90393 -48.791689 -37.760972 -17.190467 0.200000
90394 -45.087966 -47.275110 -20.367394 0.100000
90395 -44.591506 -47.426995 -18.843309 0.100000
90396 -45.629393 -47.774419 -20.492498 0.100000
90397 -46.198349 -48.093648 -20.870552 0.100000
90398 -46.625066 -48.370132 -20.992917 0.100000
90399 -46.625066 -48.370132 -20.992917 0.100000
90400 -46.414920 -47.753500 -21.400191 0.100000
90401 -45.882670 -46.384723 -21.929831 0.100000
90402 -45.641322 -46.695767 -22.590055 0.100000
90403 -45.641322 -46.695767 -22.590055 0.100000
90404 -45.372445 -47.107765 -23.306895 0.100000
90405 -44.334558 -47.527038 -23.312374 0.100000
90406 -43.668328 -44.789484 -17.905481 0.100000
90407 -43.668328 -44.789484 -17.905481 0.100000
90408 -44.570399 -45.279697 -17.858910 0.100000
90410 -45.175145 -45.507978 -18.245181 0.100000
90451 -47.538150 -41.400737 -19.301722 0.100000
90452 -47.639094 -42.180167 -19.337335 0.100000
90453 -46.856320 -41.982808 -18.386723 0.100000
90454 -45.215523 -43.944571 -16.643477 0.100000
90455 -44.803488 -44.699445 -16.406052 0.100000
90456 -44.016126 -44.724001 -17.204165 0.100000
90457 -44.553881 -44.736733 -16.943911 0.100000
90458 -44.126246 -44.739462 -17.733805 0.100000
90459 -42.895648 -43.192425 -18.656109 0.100000
90460 -43.643551 -43.477095 -17.806859 0.100000
90461 -42.985580 -43.727203 -18.895360 0.100000
90462 -44.029891 -44.578483 -20.959129 0.100000
90463 -43.993184 -44.340197 -19.913547 0.100000
90464 -44.530940 -44.776751 -19.746437 0.100000
90465 -44.530940 -44.776751 -19.746437 0.100000
90466 -44.672261 -44.848600 -20.725357 0.100000
90467 -45.162298 -45.279697 -21.198380 0.100000
90468 -43.870216 -45.650767 -21.738978 0.100000
90469 -43.261799 -47.370607 -22.751686 0.100000
90470 -43.777531 -46.832190 -22.422031 0.100000
90471 -43.261799 -47.370607 -22.751686 0.100000
90472 -43.986760 -47.313309 -22.822001 0.100000
90473 -42.596487 -47.748043 -23.285892 0.100000
90474 -41.841244 -48.103653 -23.776266 0.100000
90475 -42.369823 -47.381520 -22.679546 0.100000
90476 -41.229157 -47.523400 -22.011104 0.100000
90477 -40.876771 -48.045446 -23.116955 0.100000
90481 -39.283692 -47.378792 -21.762721 0.100000
90482 -39.940745 -46.794902 -21.524383 0.100000
90483 -39.283692 -47.378792 -21.762721 0.100000
90496 -37.978763 -40.417582 -19.414955 0.100000
90497 -38.008129 -42.068300 -20.173801 0.100000
90498 -37.090457 -42.061934 -20.211241 0.100000
90499 -35.251443 -44.657608 -21.465027 0.100000
90500 -35.016519 -44.669431 -20.155538 0.100000
90501 -35.646042 -44.700354 -22.292361 0.100000
90502 -35.786445 -46.103692 -21.934397 0.100000
90503 -35.977321 -45.229675 -22.332540 0.100000
90504 -37.048244 -43.769949 -24.540591 0.100000
90505 -36.590326 -42.897752 -23.541580 0.100000
90506 -37.048244 -43.769949 -24.540591 0.100000
90508 -36.737153 -45.565276 -24.893075 0.100000
90509 -36.210410 -45.891781 -25.074797 0.100000
90510 -35.830494 -45.742626 -23.108737 0.100000
92242 -47.297720 -46.992260 -6.867055 0.100000
92243 -46.563582 -46.443840 -6.263448 0.100000
93268 -38.632145 -49.585206 -13.043752 0.100000
93479 -41.472340 -39.999218 -19.978382 0.300000
93480 -41.532906 -39.625419 -20.435882 0.300000
93481 -41.293394 -39.056990 -20.294340 0.300000
93482 -42.631359 -38.410345 -20.498890 0.200000
93483 -44.029891 -38.128404 -21.231255 0.200000
93857 -46.079969 -49.517904 -19.486182 0.100000
96708 -39.293787 -54.166290 -17.370362 0.100000
96709 -52.512848 -47.344231 -8.216724 0.300000
96710 -52.314631 -47.292391 -9.554521 0.300000
96711 -44.149188 -39.072451 -8.230421 0.300000
96712 -44.149188 -39.072451 -8.230421 0.300000
96713 -50.525171 -46.395637 -8.258730 0.300000
96714 -50.414133 -46.517508 -10.904190 0.400000
96715 -50.243446 -46.610276 -8.877861 0.300000
96716 -49.423965 -46.496590 -9.041318 0.500000
96717 -48.949529 -45.992734 -8.966438 0.400000
96718 -36.046146 -44.804945 -6.121907 0.100000
96719 -36.495806 -45.250593 -6.587625 0.100000
96720 -35.947956 -45.631668 -7.147399 0.100000
96721 -35.947956 -45.631668 -7.147399 0.100000
96722 -36.172785 -45.854492 -7.836844 0.100000
96723 -35.100945 -43.339762 -13.197165 0.300000
96724 -35.011013 -44.355659 -13.763332 0.300000
96725 -35.324856 -44.807673 -14.334065 0.300000
96726 -35.377164 -43.447082 -13.926790 0.300000
96727 -35.822235 -44.185585 -15.281937 0.300000
96728 -36.647221 -42.725859 -15.259108 0.300000
96729 -36.626115 -41.977351 -15.095650 0.300000
96730 -36.733483 -41.085145 -15.408868 0.200000
96731 -39.844390 -43.198792 -13.292135 0.100000
96732 -39.861826 -43.857260 -13.069321 0.100000
96733 -40.105926 -43.013256 -14.111251 0.100000
96734 -40.432617 -42.680384 -14.382463 0.100000
96735 -40.432617 -42.680384 -14.382463 0.100000
96939 -38.838622 -52.323670 -18.085376 0.100000
96940 -37.223519 -52.813883 -17.935616 0.100000
96941 -38.145779 -52.809336 -18.119164 0.100000
97556 -47.252754 -41.267952 -15.348599 0.300000
97557 -47.252754 -41.267952 -15.348599 0.300000
97558 -47.567515 -41.220659 -16.827938 0.400000
97559 -46.980205 -40.993287 -19.371123 0.400000
97560 -46.794836 -40.812299 -19.968337 0.400000
97561 -44.638307 -39.147029 -14.650022 0.100000
97562 -45.367856 -38.886916 -15.355904 0.100000
97564 -49.534086 -43.105115 -20.329040 0.100000
97565 -48.554012 -43.756307 -19.062471 0.100000
97566 -48.684322 -44.303818 -18.211394 0.100000
97567 -48.436551 -43.174236 -19.538233 0.100000
97568 -47.859335 -43.497103 -18.320061 0.100000
97569 -47.499608 -43.857260 -17.411455 0.100000
97577 -42.754327 -37.887390 -17.692712 0.100000
97578 -42.004589 -39.612686 -18.014149 0.100000
97579 -42.009178 -40.894153 -18.197696 0.100000
97580 -42.280808 -42.174710 -19.177530 0.100000
97581 -41.847667 -41.137895 -18.673459 0.100000
97582 -41.506293 -41.575358 -19.409476 0.100000
97583 -40.690483 -42.098313 -20.140014 0.100000
97584 -39.939828 -43.498013 -20.215807 0.100000
97585 -39.375460 -42.977787 -20.005777 0.100000
97586 -39.076299 -42.513948 -20.005777 0.100000
97587 -38.457788 -42.977787 -20.005777 0.100000
97588 -37.622707 -40.936899 -24.467537 0.100000
98168 -45.500001 -47.777147 -9.602919 0.100000
101024 -45.982696 -48.134575 -17.373102 0.100000
101025 -45.789985 -49.019506 -17.257129 0.100000
101026 -46.248821 -47.615258 -16.752145 0.100000
101027 -46.324070 -46.912225 -16.086442 0.100000
101034 -43.787625 -37.447199 -7.130962 0.100000
101035 -43.787625 -37.447199 -7.130962 0.100000
101036 -43.130572 -37.147068 -7.216800 0.100000
101037 -42.568957 -37.181629 -7.335513 0.100000
101040 -36.258129 -36.907873 -9.773682 0.100000
101041 -35.819482 -37.314414 -10.865836 0.100000
101042 -36.144337 -37.705493 -10.513352 0.100000
101043 -38.376115 -37.700036 -13.826341 0.100000
101044 -37.804406 -37.743691 -13.416327 0.100000
101045 -36.948218 -38.636807 -12.508633 0.100000
101046 -37.438255 -38.601337 -12.992615 0.100000
101047 -36.262717 -41.355263 -11.400042 0.200000
101048 -36.549948 -42.092856 -10.850313 0.200000
101049 -37.387783 -42.022826 -10.903277 0.200000
101050 -37.255638 -42.476659 -11.199144 0.300000
101051 -38.022811 -42.866829 -11.721479 0.100000
101052 -38.626639 -43.052364 -12.327825 0.100000
101257 -34.854091 -52.304571 -14.928540 0.100000
101258 -34.854091 -52.304571 -14.928540 0.100000
101260 -43.852780 -46.623009 -19.027770 0.100000
101263 -44.435502 -48.485637 -18.650630 0.100000
101264 -43.954642 -49.183213 -18.343804 0.100000
101265 -44.975093 -48.410150 -18.293580 0.100000
101266 -45.666099 -47.630720 -17.519209 0.100000
101876 -41.053881 -39.148848 -21.997406 0.500000
101877 -42.024778 -39.222517 -22.700549 0.500000
101878 -41.375066 -38.277560 -22.950758 0.500000
101879 -44.493315 -41.413470 -16.364960 0.400000
101880 -44.103304 -40.946903 -17.131111 0.400000
101881 -45.052177 -38.926024 -18.310017 0.300000
101882 -45.052177 -38.926024 -18.310017 0.300000
101883 -45.622969 -38.140228 -19.080734 0.200000
101884 -46.023991 -38.261189 -19.262455 0.200000
101885 -42.079838 -38.998783 -13.575219 0.100000
101886 -43.014946 -39.222517 -13.619964 0.100000
101887 -41.789854 -38.724118 -14.229050 0.100000
101910 -39.099240 -35.054340 -23.295937 0.100000
101911 -38.284348 -35.280802 -23.233841 0.100000
101912 -37.267568 -35.992020 -23.218317 0.100000
101913 -36.726141 -37.440832 -23.589978 0.100000
101914 -37.455690 -36.840571 -23.931505 0.100000
101915 -37.886996 -37.489945 -24.416399 0.100000
102988 -43.117725 -49.192308 -11.909592 0.100000
102990 -38.051259 -46.628465 -13.904874 0.100000
102991 -38.258653 -46.783078 -14.753211 0.100000
102992 -37.510751 -48.561124 -12.679397 0.100000
102993 -38.182486 -49.414223 -11.787227 0.100000
102995 -37.574988 -49.337826 -13.379800 0.100000
102997 -38.047589 -49.525180 -15.032641 0.100000
102998 -38.337573 -49.515176 -15.752221 0.100000
102999 -38.524778 -48.701185 -15.875499 0.100000
103008 -46.409414 -49.523361 -23.285892 0.100000
103009 -48.489775 -49.169571 -22.803737 0.100000
103010 -48.269534 -48.638431 -22.429337 0.100000
105116 -43.054406 -43.749031 -18.580316 0.100000
105117 -43.204904 -43.456176 -18.993983 0.100000
105118 -43.638963 -43.168779 -19.613113 0.100000
105119 -44.110646 -42.897752 -20.160104 0.100000
105120 -44.094128 -43.443444 -19.886152 0.100000
105124 -47.377557 -42.251107 -22.688677 0.100000
105125 -46.317646 -43.126033 -23.298677 0.100000
105126 -45.700053 -43.460724 -23.559844 0.100000
105127 -46.955428 -42.866829 -23.880367 0.100000
105128 -46.926980 -42.895023 -24.793540 0.100000
105129 -46.340588 -43.465271 -25.173419 0.100000
111563 -40.519796 -55.061225 -10.662199 0.100000
111564 -48.732958 -41.777264 -12.283993 0.200000
111565 -48.908234 -41.939153 -11.453006 0.200000
111566 -48.420950 -41.511694 -11.414653 0.200000
111567 -48.420950 -41.511694 -11.414653 0.200000
111568 -46.703986 -50.166368 -15.517536 0.100000
111569 -46.703986 -50.166368 -15.517536 0.100000
111572 -47.970373 -50.280054 -14.751384 0.100000
111573 -52.832198 -45.333357 -13.245563 0.500000
111574 -53.190090 -45.440676 -13.534126 0.400000
111575 -52.511931 -44.722182 -13.893002 0.400000
111576 -51.751181 -43.621703 -15.065516 0.400000
111577 -50.932618 -43.247904 -16.005170 0.500000
111578 -50.130573 -42.946864 -16.903731 0.500000
111579 -49.939697 -43.247904 -16.005170 0.500000
111580 -49.097274 -42.950502 -16.619735 0.500000
111581 -48.148402 -42.975058 -16.582295 0.500000
111582 -47.260095 -42.588526 -17.192294 0.500000
111583 -48.148402 -42.975058 -16.582295 0.500000
111584 -47.140798 -43.239719 -15.986906 0.600000
111585 -46.924227 -43.578048 -15.490141 0.600000
111586 -47.872182 -46.383814 -12.936911 0.500000
111587 -46.716834 -45.706246 -13.930443 0.500000
111588 -45.812927 -45.662591 -13.915832 0.500000
111589 -44.778711 -44.451155 -14.434514 0.400000
111590 -43.528842 -43.841799 -14.768735 0.400000
111591 -43.214998 -43.498013 -15.365949 0.400000
111592 -42.678160 -43.748122 -14.763256 0.300000
111593 -42.167935 -43.689914 -14.073811 0.400000
111594 -41.835738 -43.146042 -14.168780 0.400000
111602 -40.743708 -46.422012 -9.022142 0.200000
111603 -42.153252 -46.502047 -9.072366 0.200000
111604 -39.149712 -37.437195 -7.141920 0.100000
111605 -40.283955 -37.363526 -7.465183 0.100000
111606 -39.799424 -37.700036 -7.563806 0.200000
111607 -39.799424 -37.700036 -7.563806 0.200000
111608 -39.270845 -38.343043 -7.988431 0.200000
111609 -33.824463 -36.882408 -9.836691 0.300000
111610 -35.460672 -45.874501 -9.549955 0.300000
111611 -34.903645 -45.636216 -10.339849 0.300000
111612 -36.248034 -46.003648 -11.414653 0.300000
111613 -37.490562 -46.575715 -11.436569 0.300000
111614 -38.138438 -46.572077 -15.056384 0.300000
111615 -38.623886 -46.824915 -14.154170 0.300000
111616 -38.623886 -46.824915 -14.154170 0.300000
111617 -40.208706 -47.879919 -13.262914 0.300000
111618 -40.531726 -48.298283 -12.744232 0.300000
111619 -41.726535 -48.737565 -13.122285 0.300000
111620 -41.658627 -48.968574 -13.790727 0.300000
111621 -42.790116 -49.155929 -13.565174 0.300000
111622 -41.862350 -49.343283 -15.753134 0.300000
111623 -47.394075 -43.290650 -8.708924 0.400000
111624 -46.708575 -42.896842 -8.948175 0.400000
111625 -46.468145 -43.359771 -9.653144 0.400000
111626 -45.822104 -42.845001 -9.930748 0.500000
111627 -36.775696 -40.548548 -16.989570 0.300000
111628 -36.667410 -41.797273 -17.717368 0.300000
111629 -41.798113 -39.259806 -5.613270 0.200000
111630 -43.955559 -41.177913 -11.582677 0.300000
111631 -43.455428 -41.404375 -12.241987 0.300000
111632 -43.090195 -41.944610 -12.715010 0.300000
111633 -42.887389 -40.108356 -12.799022 0.300000
111634 -42.082591 -39.591768 -13.534126 0.300000
111635 -41.825643 -39.017882 -14.101206 0.200000
111636 -42.630441 -38.395793 -15.085605 0.200000
111637 -42.671737 -38.719571 -14.176999 0.200000
111638 -43.589408 -38.648631 -14.133167 0.200000
111639 -44.507080 -38.648631 -14.133167 0.200000
111640 -41.644862 -42.069209 -16.995962 0.100000
111641 -41.167673 -42.603988 -16.525678 0.100000
111642 -42.120216 -41.617195 -17.130198 0.100000
111643 -42.444154 -41.522608 -17.725586 0.100000
111644 -43.214998 -41.414379 -17.790422 0.100000
111646 -44.140929 -41.352534 -17.821469 0.100000
111647 -45.158627 -41.163361 -17.906394 0.100000
111652 -42.613006 -41.920054 -14.559618 0.100000
111653 -42.613006 -41.920054 -14.559618 0.100000
111655 -45.424752 -41.993722 -15.681907 0.100000
114107 -42.887389 -51.822543 -12.709531 0.100000
114108 -43.167279 -50.949436 -12.972525 0.100000
114109 -44.113399 -50.786638 -12.631912 0.100000
114110 -44.574070 -50.248222 -12.909516 0.100000
114111 -45.318302 -49.625224 -12.915908 0.100000
114112 -48.337442 -41.483500 -19.445090 0.200000
114113 -48.262193 -42.369340 -17.762113 0.100000
114114 -48.099765 -42.195628 -18.697202 0.200000
114115 -48.318171 -42.549418 -19.281632 0.200000
114116 -48.658627 -42.787704 -19.298982 0.200000
114117 -48.735712 -42.942317 -19.360165 0.200000
114118 -48.309912 -42.434823 -20.343651 0.200000
114119 -45.487153 -49.469701 -21.452242 0.100000
114121 -43.491217 -38.983322 -23.630158 0.400000
114122 -44.475879 -39.523557 -23.242060 0.400000
114123 -43.729812 -38.590423 -23.996340 0.400000
114124 -44.594259 -39.185228 -23.812793 0.400000
114125 -44.784217 -38.561320 -24.465711 0.300000
114126 -47.634505 -39.562665 -14.154170 0.100000
114127 -48.177767 -39.637242 -13.315878 0.100000
114128 -48.721029 -39.860067 -12.626433 0.100000
114129 -49.095439 -39.637242 -13.315878 0.100000
114130 -49.638701 -39.860067 -12.626433 0.100000
114132 -50.013111 -39.637242 -13.315878 0.100000
114133 -50.313189 -39.488087 -14.079290 0.100000
114138 -45.644993 -48.220976 -18.156604 0.100000
114139 -44.524516 -46.818548 -18.685330 0.100000
114140 -44.169377 -47.254192 -18.508175 0.100000
114141 -44.672261 -46.754884 -19.487096 0.100000
114142 -44.954904 -46.814001 -20.169235 0.100000
114143 -45.556897 -46.835828 -20.706181 0.100000
114144 -46.007473 -46.878574 -21.392886 0.100000
114145 -46.009309 -46.428378 -21.022138 0.100000
114146 -46.014815 -46.100054 -21.304308 0.100000
114147 -45.555979 -45.799014 -21.590131 0.100000
114148 -44.675932 -44.823135 -19.647814 0.100000
114149 -44.389618 -44.847691 -18.746513 0.100000
114150 -44.969587 -45.257869 -19.509012 0.100000
114151 -44.943892 -45.622573 -20.114445 0.100000
114175 -46.721422 -41.578996 -18.165735 0.100000
114176 -46.643420 -42.164706 -17.720107 0.100000
114177 -46.315811 -42.276572 -16.932953 0.100000
114178 -45.780808 -42.846820 -16.362220 0.100000
114179 -44.490562 -43.426163 -16.952129 0.100000
114180 -42.651548 -43.531664 -20.192978 0.100000
114181 -43.446252 -43.950937 -19.621332 0.100000
114182 -43.486629 -44.004597 -20.390223 0.100000
114183 -42.587311 -44.990480 -21.263216 0.100000
114184 -43.537101 -45.056873 -21.392886 0.100000
114185 -43.870216 -45.650767 -21.738978 0.100000
114186 -42.957132 -45.631668 -21.728933 0.100000
114187 -42.873624 -46.838557 -22.343498 0.100000
114188 -42.873624 -46.838557 -22.343498 0.100000
114189 -42.369823 -47.381520 -22.679546 0.100000
114190 -41.229157 -47.523400 -22.011104 0.100000
114191 -41.229157 -47.523400 -22.011104 0.100000
114192 -40.751050 -47.721668 -22.391897 0.100000
114193 -37.962245 -47.193257 -21.063231 0.100000
114194 -38.251312 -47.421538 -21.558170 0.100000
114195 -37.351076 -47.603435 -21.608395 0.100000
114202 -36.805061 -41.006020 -19.966511 0.100000
114203 -35.902072 -42.474840 -20.202109 0.100000
114204 -36.269141 -42.017369 -20.514414 0.100000
114205 -35.635947 -43.177874 -21.496075 0.100000
114206 -35.708443 -44.094636 -22.929755 0.100000
114207 -37.287756 -44.289266 -25.182551 0.100000
114208 -37.287756 -44.289266 -25.182551 0.100000
114209 -37.606188 -44.604858 -25.844601 0.100000
114210 -37.395124 -45.004123 -25.779766 0.100000
115392 -46.703986 -47.498844 -8.266035 0.100000
115393 -41.808207 -45.019584 -7.729090 0.100000
117625 -36.486629 -36.071146 -12.824591 0.100000
117626 -35.758915 -37.137064 -11.210102 0.100000
117627 -37.161118 -35.941089 -13.229126 0.100000
117628 -36.520583 -36.950619 -12.836462 0.100000
117629 -38.139356 -36.834205 -13.725892 0.100000
117632 -38.774385 -36.817834 -14.023586 0.100000
117788 -38.632145 -49.585206 -13.043752 0.100000
117792 -36.345307 -50.949436 -13.643706 0.100000
117793 -35.438648 -51.172260 -14.089335 0.100000
117794 -35.708443 -50.884863 -14.538615 0.100000
117795 -37.465785 -50.452856 -15.034468 0.100000
117796 -38.109990 -49.567017 -16.006996 0.100000
117797 -39.033168 -47.698022 -16.895513 0.100000
118277 -42.714867 -42.415724 -18.717291 0.500000
118278 -43.090195 -39.642699 -16.256292 0.400000
118279 -43.191139 -39.006968 -16.529331 0.400000
118280 -43.472864 -38.729575 -17.107369 0.300000
118281 -42.573546 -41.419836 -21.750850 0.400000
118282 -42.332198 -40.488522 -21.536254 0.300000
118283 -42.332198 -40.488522 -21.536254 0.400000
118284 -42.931438 -40.656777 -22.053110 0.400000
118285 -43.662822 -40.480336 -22.321582 0.400000
118286 -44.816335 -39.572669 -22.328888 0.100000
118287 -45.633981 -39.478992 -22.608318 0.100000
119140 -37.522680 -45.933618 -12.448364 0.100000
119158 -46.288281 -49.496986 -21.459548 0.100000
119159 -46.831543 -49.275071 -20.621256 0.100000
120797 -45.130179 -41.158813 -19.873367 0.100000
120798 -45.130179 -41.158813 -19.873367 0.100000
120799 -45.734925 -40.779558 -20.215807 0.100000
125814 -45.764290 -55.447756 -16.501936 0.100000
125817 -46.317646 -38.618618 -7.596680 0.100000
125818 -45.652334 -45.035045 -1.483905 0.100000
125819 -52.405481 -46.487495 -12.868423 0.300000
125820 -52.208181 -46.823096 -10.791870 0.300000
125821 -52.405481 -46.487495 -12.868423 0.300000
125822 -46.144206 -39.515371 -8.718969 0.300000
125823 -52.109073 -45.091433 -13.207210 0.300000
125824 -50.779366 -45.479784 -13.709455 0.500000
125825 -50.779366 -45.479784 -13.709455 0.500000
125826 -50.034217 -45.242408 -14.394334 0.500000
125827 -50.286577 -45.591651 -13.819949 0.500000
125828 -49.757998 -46.371081 -12.879381 0.400000
125829 -49.350552 -46.440202 -12.733274 0.400000
125830 -50.414133 -46.517508 -10.904190 0.400000
125831 -49.798375 -46.586629 -11.501404 0.500000
125832 -49.133981 -46.611185 -12.237421 0.500000
125833 -48.177767 -46.649384 -12.281253 0.500000
125834 -47.260095 -46.748518 -12.252945 0.500000
125835 -45.739513 -46.435654 -11.753440 0.500000
125838 -37.895255 -45.467961 -6.358418 0.100000
125839 -37.978763 -45.716250 -6.808612 0.100000
125840 -37.741086 -39.631786 -5.088196 0.100000
125841 -36.888569 -45.640763 -7.109959 0.100000
125842 -37.741086 -39.631786 -5.088196 0.100000
125843 -37.741086 -39.631786 -5.088196 0.100000
125844 -39.179078 -46.371081 -8.301649 0.300000
125845 -39.336000 -46.532969 -8.890645 0.300000
125846 -40.034348 -46.725781 -9.639446 0.300000
125847 -34.726535 -45.399749 -11.889503 0.200000
125848 -35.309256 -45.647130 -12.327825 0.300000
125849 -34.727452 -44.956829 -12.287646 0.300000
125850 -36.195727 -45.937256 -13.240997 0.300000
125851 -36.873886 -46.180089 -14.076550 0.300000
125852 -35.650630 -45.481603 -14.126775 0.200000
125853 -36.236105 -45.875411 -14.154170 0.300000
125854 -37.480467 -46.413827 -14.641804 0.300000
125855 -37.569482 -46.204645 -15.356818 0.300000
125856 -37.569482 -46.204645 -15.356818 0.300000
125857 -37.276744 -45.578009 -15.969556 0.400000
125858 -37.900761 -45.362460 -16.542115 0.400000
125859 -36.889487 -44.912264 -16.482759 0.400000
125860 -37.035397 -43.106024 -16.610603 0.400000
125861 -36.790378 -42.385711 -16.482759 0.300000
125862 -36.687599 -41.786359 -15.822535 0.300000
125863 -36.790378 -42.385711 -16.482759 0.300000
125864 -36.705035 -40.937808 -16.265424 0.300000
125865 -41.846750 -38.216624 -5.412372 0.200000
125866 -41.492528 -38.036546 -5.448899 0.200000
125867 -40.314238 -44.633052 -14.096640 0.100000
125868 -40.672130 -44.293814 -15.284677 0.100000
125869 -40.219718 -44.095545 -14.933106 0.100000
125870 -40.219718 -44.095545 -14.933106 0.100000
125871 -40.729943 -43.199701 -15.948553 0.100000
125872 -40.154563 -43.516203 -14.794303 0.100000
125873 -40.556503 -42.926855 -15.037207 0.100000
125874 -40.729943 -43.199701 -15.948553 0.100000
125875 -41.086000 -42.591255 -15.661817 0.100000
125876 -41.774254 -42.201994 -15.945814 0.100000
125877 -42.690090 -42.033739 -15.738524 0.100000
126351 -36.670163 -52.825707 -16.613343 0.100000
126353 -36.277400 -53.092186 -17.860736 0.100000
127790 -48.758653 -42.474840 -14.144125 0.200000
127791 -45.132015 -50.836660 -10.939803 0.200000
127792 -48.695334 -42.488483 -15.067342 0.300000
127793 -48.438386 -42.284758 -15.964990 0.300000
127794 -48.405350 -42.083761 -15.193360 0.400000
127795 -48.115365 -41.217930 -16.525678 0.400000
127796 -48.472340 -40.977826 -17.897263 0.300000
127797 -48.354878 -41.103335 -18.661588 0.300000
127798 -48.419115 -40.976007 -18.699028 0.200000
127799 -48.201627 -40.438500 -21.415715 0.200000
127800 -47.674883 -39.870980 -22.657630 0.200000
127801 -46.327741 -40.434862 -11.362602 0.200000
127802 -45.926718 -42.784066 -15.586024 0.200000
127803 -46.030415 -39.813683 -12.600864 0.100000
127804 -46.342424 -39.637242 -13.315878 0.100000
127805 -47.260095 -39.637242 -13.315878 0.100000
127806 -45.724830 -39.468078 -14.116730 0.100000
127807 -46.702151 -39.533561 -14.154170 0.100000
127808 -47.260095 -39.637242 -13.315878 0.100000
127809 -48.133719 -39.449888 -14.986983 0.100000
127810 -48.133719 -39.449888 -14.986983 0.200000
127811 -48.497117 -39.204327 -15.608853 0.200000
127812 -46.692974 -46.653022 -17.458027 0.100000
127813 -48.149319 -38.861450 -16.145798 0.200000
127814 -48.791689 -37.760972 -17.190467 0.200000
127815 -48.112612 -37.750058 -16.937519 0.200000
127816 -48.069482 -44.994118 -16.967653 0.100000
127817 -47.127951 -45.851764 -16.887294 0.100000
127818 -44.499739 -47.041372 -18.176693 0.100000
127819 -44.524516 -46.818548 -18.685330 0.100000
127820 -45.114579 -45.893600 -18.787606 0.100000
127821 -45.114579 -45.893600 -18.787606 0.100000
127841 -45.199922 -38.898739 -17.226994 0.100000
127842 -44.807159 -39.585402 -16.960348 0.100000
127843 -44.931962 -40.992377 -16.321127 0.100000
127844 -44.475879 -42.406629 -16.383223 0.100000
127845 -44.152859 -41.961890 -16.960348 0.100000
127846 -43.089277 -42.590345 -17.802293 0.100000
127847 -42.238595 -42.909575 -19.312680 0.100000
127848 -42.280808 -42.174710 -19.177530 0.100000
127849 -42.322104 -42.533957 -19.077994 0.100000
127850 -42.238595 -42.909575 -19.312680 0.100000
127851 -41.955953 -44.691259 -20.892468 0.100000
127852 -41.955953 -44.691259 -20.892468 0.100000
127853 -41.574201 -45.277878 -21.187422 0.100000
127854 -40.794180 -45.977273 -21.424847 0.100000
127855 -40.988727 -45.394292 -21.076015 0.100000
127856 -39.851731 -45.604384 -20.822153 0.100000
127857 -39.581936 -46.189183 -21.198380 0.100000
127858 -39.656267 -44.592125 -20.098008 0.100000
127859 -38.911118 -45.743535 -20.761884 0.100000
127860 -38.712901 -46.278313 -21.100671 0.100000
127861 -37.547457 -47.240550 -21.064144 0.100000
127862 -37.290509 -46.634832 -20.861420 0.100000
127864 -36.656398 -41.022390 -22.596447 0.100000
127865 -35.859859 -41.934605 -22.850309 0.100000
127866 -35.714867 -42.006455 -23.401865 0.100000
127867 -36.320530 -42.157430 -24.002732 0.100000
127868 -37.549293 -43.000524 -24.536938 0.100000
127869 -37.281333 -41.634475 -25.080276 0.100000
127870 -37.623624 -42.637639 -24.809063 0.100000
127871 -37.549293 -43.000524 -24.536938 0.100000
129162 -44.988858 -48.875807 -11.131570 0.100000
129163 -42.297326 -48.360128 -9.886916 0.100000
129164 -39.420426 -47.583426 -9.831212 0.100000
129165 -45.736760 -47.497025 -8.948175 0.100000
129166 -43.963818 -47.517034 -8.950914 0.100000
129167 -40.066466 -46.350163 -8.212158 0.100000
129168 -40.395911 -40.926894 -11.195492 0.100000
129169 -39.372707 -42.532138 -10.453996 0.100000
129170 -38.440352 -46.406551 -9.198384 0.100000
129171 -38.874411 -46.682125 -9.076019 0.100000
129172 -38.102649 -44.163757 -11.668515 0.100000
129173 -38.198087 -44.011873 -12.429187 0.100000
129174 -40.382146 -42.722221 -13.041926 0.100000
129175 -40.905218 -42.923217 -13.513123 0.100000
129176 -41.754065 -42.866829 -13.533213 0.100000
135194 -41.766912 -52.880276 -18.367546 0.100000
135195 -41.981647 -53.350481 -17.995885 0.100000
135196 -44.376771 -52.003531 -18.464343 0.100000
135197 -44.195989 -52.571960 -18.084463 0.100000
135198 -46.084558 -50.702965 -16.607864 0.100000
135199 -46.779235 -48.490184 -16.467235 0.100000
135200 -46.902203 -48.480180 -15.986906 0.100000
135201 -46.748034 -49.011320 -15.638988 0.100000
135202 -47.522549 -47.798065 -15.090171 0.100000
135203 -47.980468 -47.901747 -14.637238 0.100000
135211 -46.988464 -46.180089 -14.127688 0.100000
135216 -44.598847 -38.745036 -7.962862 0.200000
135217 -44.215260 -37.495402 -7.054256 0.100000
135218 -44.431831 -38.031999 -7.467923 0.200000
135219 -44.598847 -38.745036 -7.962862 0.200000
135220 -43.766519 -38.613161 -8.010347 0.200000
135221 -51.499739 -45.972726 -6.370290 0.300000
135222 -50.829838 -45.318805 -6.788522 0.300000
135223 -34.449398 -44.995028 -7.446006 0.100000
135224 -34.449398 -44.995028 -7.446006 0.100000
135225 -33.843734 -43.825428 -7.114525 0.100000
135226 -34.115365 -44.156481 -7.735482 0.200000
135227 -34.298899 -44.178309 -8.673310 0.200000
135228 -33.842817 -42.335689 -8.302562 0.100000
135229 -34.129130 -43.223348 -8.686094 0.200000
135230 -34.398008 -44.126468 -9.586482 0.200000
135231 -34.398008 -44.126468 -9.586482 0.200000
135232 -34.498952 -44.965924 -10.468607 0.200000
135233 -34.479681 -44.147386 -10.553532 0.200000
135234 -36.225092 -36.856033 -12.290385 0.100000
135235 -36.115890 -37.634553 -11.515102 0.100000
135236 -36.274647 -38.649540 -11.057603 0.100000
135237 -36.764683 -38.134771 -12.515026 0.100000
135238 -36.274647 -38.649540 -11.057603 0.100000
135239 -36.274647 -38.649540 -11.057603 0.100000
135240 -34.877950 -42.712216 -9.775509 0.200000
135241 -34.479681 -44.147386 -10.553532 0.200000
135242 -34.520058 -44.930454 -11.362602 0.200000
135243 -34.531070 -44.184675 -11.489533 0.200000
135244 -34.587048 -44.118283 -12.349741 0.200000
135245 -34.767830 -43.546216 -12.662959 0.200000
135246 -36.278317 -42.926855 -11.650251 0.200000
135247 -36.175538 -43.108753 -12.328738 0.200000
135248 -34.726535 -44.040067 -13.195339 0.300000
135249 -35.100945 -43.339762 -13.197165 0.300000
135250 -35.324856 -44.807673 -14.334065 0.200000
135251 -37.494233 -41.664488 -14.366939 0.200000
135252 -39.148795 -41.906411 -12.762495 0.100000
135253 -37.866807 -41.638113 -14.097553 0.200000
135254 -38.490824 -41.363448 -13.840038 0.200000
135255 -40.232565 -41.381638 -13.928616 0.100000
135256 -38.047589 -42.929584 -12.968872 0.100000
135257 -39.050604 -41.857299 -13.737763 0.100000
135258 -39.050604 -41.857299 -13.737763 0.100000
135690 -34.821972 -51.751603 -14.202568 0.100000
135691 -36.021369 -51.415093 -15.379647 0.100000
135692 -36.504065 -51.408727 -16.018867 0.100000
135693 -39.829707 -48.657530 -19.020465 0.100000
135694 -37.369429 -50.764810 -16.893686 0.100000
135695 -36.525171 -51.749784 -16.435274 0.100000
135696 -36.606844 -51.931682 -16.597819 0.100000
135697 -36.606844 -52.619253 -16.339391 0.100000
135698 -36.670163 -52.825707 -16.613343 0.100000
135699 -36.830756 -52.832073 -17.221515 0.100000
135700 -38.470635 -51.339606 -18.287187 0.100000
135701 -38.488989 -51.726138 -18.143819 0.100000
135702 -42.976404 -50.401925 -19.542799 0.100000
135703 -40.951102 -51.257752 -19.327290 0.100000
135704 -39.867332 -52.074471 -18.566618 0.100000
135705 -40.738202 -52.341860 -18.690809 0.100000
135706 -41.522812 -52.335494 -18.698115 0.100000
136991 -45.009964 -41.944610 -18.415945 0.500000
136992 -44.775958 -41.140624 -20.128143 0.400000
136993 -44.207001 -40.769553 -20.844983 0.400000
136994 -43.917017 -40.169292 -22.068634 0.400000
136995 -43.326037 -39.775484 -22.559007 0.400000
136996 -42.201889 -38.046550 -23.526970 0.500000
136997 -42.692843 -39.256168 -22.943453 0.400000
136998 -42.877295 -38.633169 -23.566236 0.400000
136999 -43.098454 -38.216624 -23.954334 0.400000
137000 -46.417673 -40.481246 -19.855104 0.300000
137001 -45.713818 -39.556298 -20.571031 0.300000
137002 -43.682093 -40.510350 -16.341217 0.400000
137003 -43.872051 -40.472151 -17.023357 0.400000
137004 -44.639225 -40.197486 -18.362981 0.400000
137005 -44.794311 -39.259806 -18.237876 0.300000
137006 -45.164133 -39.562665 -18.469822 0.400000
137007 -45.462376 -40.472151 -18.504522 0.300000
137008 -46.084558 -40.459418 -19.120000 0.300000
137009 -46.084558 -40.459418 -19.120000 0.300000
137010 -46.659938 -41.983718 -13.556955 0.200000
137011 -46.259833 -42.020097 -14.138646 0.200000
137012 -44.502492 -39.515371 -13.222734 0.100000
137013 -44.649319 -39.308918 -14.124948 0.100000
137014 -43.633457 -39.449888 -13.122285 0.100000
137015 -43.839933 -38.994235 -14.467388 0.100000
137016 -44.422654 -38.848718 -15.038120 0.100000
137047 -41.282382 -37.431738 -18.258879 0.100000
137048 -39.509440 -40.183844 -19.028683 0.100000
137049 -39.509440 -40.183844 -19.028683 0.100000
137050 -39.915968 -38.671368 -18.733729 0.100000
137051 -39.050604 -38.636807 -18.784866 0.100000
137052 -37.890667 -39.952834 -19.130045 0.100000
137053 -39.019403 -36.801463 -18.767516 0.100000
137054 -38.197169 -38.584967 -18.862486 0.100000
137055 -37.173965 -40.397573 -19.514491 0.100000
137056 -36.422392 -40.431224 -19.902589 0.100000
137057 -35.923178 -40.099262 -20.083397 0.100000
137058 -35.691008 -40.152921 -20.676046 0.100000
137063 -37.452937 -35.393578 -20.591121 0.100000
137064 -36.823414 -36.674135 -20.171062 0.100000
137065 -35.789198 -38.792329 -20.084310 0.100000
137066 -35.470766 -39.509914 -20.882423 0.100000
137067 -35.677242 -40.176568 -21.534428 0.100000
137068 -36.296671 -40.674057 -22.448513 0.100000
137069 -36.828920 -40.755001 -23.312374 0.100000
137070 -37.235449 -40.393026 -24.263900 0.100000
137071 -36.554537 -38.696833 -23.857538 0.100000
137072 -37.285921 -39.510824 -24.669348 0.100000
137073 -37.617201 -40.035598 -24.790800 0.100000
139284 -39.076299 -47.981781 -11.052124 0.100000
139285 -39.949004 -48.583862 -11.074040 0.100000
139286 -41.950447 -49.054066 -12.225550 0.100000
139287 -40.515208 -49.450602 -11.606419 0.100000
139288 -41.994495 -49.186851 -12.802675 0.100000
139327 -43.499476 -49.110454 -24.657477 0.100000
139328 -43.731647 -48.686634 -24.395396 0.100000
141905 -36.905087 -44.610315 -5.465336 0.100000
141908 -36.370085 -43.746303 -4.474544 0.100000
141909 -36.129655 -43.971855 -4.964917 0.100000
141910 -35.173441 -43.901825 -5.185905 0.100000
141911 -34.567777 -43.724475 -5.205995 0.100000
141912 -34.068564 -43.417069 -5.344797 0.100000
141938 -33.911642 -42.972330 -4.994139 0.100000
141939 -33.581280 -43.130580 -5.877177 0.100000
141940 -33.581280 -43.130580 -5.877177 0.100000
141941 -33.556503 -42.337508 -6.531921 0.100000
141958 -36.786708 -35.031603 -13.062016 0.100000
141959 -37.428160 -35.015232 -13.352405 0.100000
143618 -42.942450 -44.794941 -17.007833 0.100000
143619 -43.149844 -36.397651 -20.267858 0.200000
143620 -42.942450 -44.794941 -17.007833 0.100000
143621 -43.097536 -44.574845 -17.682667 0.100000
143622 -43.870216 -44.653061 -18.459777 0.100000
143623 -43.650892 -44.164666 -18.765690 0.100000
143624 -43.870216 -44.653061 -18.459777 0.100000
143625 -44.293263 -44.469344 -19.178443 0.100000
143626 -44.675932 -44.823135 -19.647814 0.100000
143627 -44.704379 -45.065058 -20.506196 0.100000
143628 -44.704379 -45.065058 -20.506196 0.100000
143629 -45.204511 -41.451668 -20.584729 0.100000
143630 -44.556634 -42.284758 -20.449579 0.100000
143631 -45.147615 -42.303857 -20.841330 0.100000
143632 -46.258915 -41.933696 -21.807466 0.100000
143633 -45.708312 -42.411176 -21.604742 0.100000
143634 -45.117332 -43.190606 -20.943605 0.100000
143635 -45.078790 -43.677182 -21.004788 0.100000
143636 -44.742004 -44.139201 -21.594697 0.100000
143637 -44.596094 -44.840415 -21.337183 0.100000
143641 -45.225617 -43.924562 -24.000906 0.100000
143667 -46.614054 -43.617156 -25.830903 0.100000
156557 -41.926587 -52.295476 -13.137809 0.100000
156558 -42.590064 -52.347317 -12.872989 0.100000
156559 -42.735974 -53.129475 -12.619127 0.100000
156560 -43.421474 -52.332765 -11.921464 0.100000
156567 -42.058732 -54.009858 -12.247466 0.100000
156568 -42.800211 -53.737012 -12.156149 0.100000
156569 -43.073677 -53.722461 -11.661210 0.100000
156570 -48.476928 -42.020097 -14.209873 0.200000
156571 -44.920032 -50.129989 -8.977396 0.200000
156572 -43.894993 -46.856747 -20.802977 0.300000
156573 -48.554930 -41.766350 -12.936911 0.200000
156574 -48.071317 -41.605371 -13.251042 0.200000
156575 -45.372445 -44.604858 -20.893381 0.400000
156576 -47.252754 -41.267952 -15.348599 0.300000
156577 -47.086655 -41.303422 -16.000604 0.300000
156578 -46.480074 -41.490776 -16.791411 0.300000
156579 -40.959361 -53.686991 -17.484509 0.100000
156580 -39.769141 -54.203579 -17.060797 0.100000
156581 -39.529628 -54.943901 -17.168551 0.100000
156582 -46.514028 -51.316869 -15.948553 0.100000
156583 -43.545360 -54.411851 -17.253476 0.100000
156584 -39.486498 -55.493231 -17.497293 0.100000
156585 -42.151417 -56.313588 -17.230647 0.100000
156586 -45.790903 -54.928440 -16.295559 0.100000
156587 -46.938910 -52.868453 -16.595079 0.100000
156589 -45.737678 -45.913609 -0.486721 0.100000
156590 -46.240562 -46.252848 -0.821855 0.100000
156591 -49.555192 -51.673387 -16.902818 0.200000
156592 -46.493839 -46.381995 -0.952439 0.100000
156593 -48.728370 -51.003096 -15.092911 0.100000
156594 -48.314500 -51.289584 -15.992385 0.100000
156595 -48.606320 -50.682956 -16.418837 0.100000
156597 -50.604091 -50.401925 -19.181183 0.300000
156598 -51.291427 -42.709488 -18.951977 0.300000
156599 -46.417673 -41.381638 -12.327825 0.200000
156600 -50.171868 -42.789523 -17.482683 0.400000
156601 -49.950709 -42.459379 -18.745600 0.500000
156602 -46.397484 -46.895855 -19.813098 0.300000
156603 -46.417673 -41.381638 -12.327825 0.200000
156604 -46.402990 -41.490776 -15.809751 0.200000
156605 -45.009964 -41.944610 -18.415945 0.500000
156606 -45.009964 -41.944610 -18.415945 0.500000
156607 -43.633457 -41.310698 -19.558323 0.500000
156608 -42.984663 -41.049675 -20.242289 0.500000
156609 -46.342424 -42.439370 -17.806859 0.500000
156610 -42.675407 -41.078779 -19.557410 0.500000
156611 -42.020190 -40.245689 -21.205686 0.500000
156612 -41.353042 -40.021955 -21.008441 0.500000
156613 -40.660200 -38.948761 -21.580086 0.500000
156614 -43.589408 -42.588526 -17.192294 0.500000
156615 -48.976142 -44.980476 -15.060950 0.500000
156616 -47.521632 -44.563022 -15.514796 0.600000
156617 -46.020321 -43.571681 -15.410695 0.500000
156618 -46.091899 -44.678526 -14.754124 0.600000
156619 -45.065024 -43.534392 -15.374168 0.500000
156620 -45.349503 -43.200611 -15.980514 0.600000
156621 -44.507080 -42.903209 -16.595079 0.600000
156622 -43.589408 -42.588526 -17.192294 0.500000
156623 -42.714867 -42.415724 -18.717291 0.500000
156624 -41.849503 -42.198357 -18.617756 0.500000
156625 -41.276875 -41.993722 -18.378505 0.500000
156626 -41.172261 -41.697229 -18.789432 0.500000
156627 -42.111039 -42.841364 -16.336651 0.400000
156628 -41.146566 -41.607190 -18.082637 0.400000
156629 -41.397090 -40.446685 -19.387560 0.400000
156630 -41.097929 -40.154740 -18.588534 0.300000
156631 -40.871265 -39.502638 -18.655196 0.300000
156632 -40.662035 -39.619962 -17.640661 0.200000
156652 -41.678816 -37.205275 -7.389390 0.100000
156653 -41.849503 -41.980080 -4.659005 0.100000
156654 -40.610646 -37.758243 -7.740961 0.100000
156655 -41.453986 -37.743691 -7.761964 0.100000
156656 -41.849503 -41.980080 -4.659005 0.200000
156657 -41.978894 -38.355776 -8.060571 0.200000
156658 -49.875460 -44.881342 -6.835094 0.300000
156659 -50.098454 -44.561203 -7.343731 0.300000
156660 -34.701757 -45.411572 -7.264285 0.100000
156661 -35.330363 -45.780824 -7.836844 0.200000
156662 -36.248034 -45.929070 -8.675136 0.300000
156663 -35.460672 -45.874501 -9.549955 0.300000
156664 -36.323283 -45.945441 -9.588309 0.300000
156665 -38.722995 -46.442930 -9.274177 0.300000
156666 -38.096225 -46.251938 -9.339926 0.300000
156667 -38.414657 -46.569349 -9.880524 0.300000
156668 -39.937075 -46.820367 -10.519744 0.300000
156669 -36.158102 -45.974545 -12.327825 0.300000
156670 -37.465785 -46.541155 -12.327825 0.300000
156671 -39.001050 -46.882212 -12.327825 0.300000
156672 -38.907447 -46.900402 -13.240997 0.300000
156673 -39.001050 -46.882212 -12.327825 0.300000
156674 -38.164133 -46.779440 -11.436569 0.300000
156675 -39.918721 -46.882212 -11.414653 0.300000
156676 -40.784086 -46.951333 -11.362602 0.300000
156677 -41.572366 -47.133231 -11.267632 0.300000
156678 -42.216571 -48.038170 -10.946196 0.300000
156679 -42.314762 -48.417426 -11.000073 0.300000
156680 -39.693892 -38.876002 -8.451409 0.200000
156681 -43.649057 -49.280528 -12.429187 0.300000
156682 -39.822366 -39.786398 -9.621183 0.200000
156683 -40.164657 -39.298004 -8.973744 0.200000
156684 -41.061223 -39.265262 -8.973744 0.200000
156685 -49.209230 -43.283374 -6.856097 0.300000
156686 -49.842424 -44.159210 -7.816754 0.300000
156687 -49.956215 -44.516638 -8.429493 0.400000
156688 -49.276220 -45.133270 -8.813025 0.400000
156689 -48.625591 -45.295158 -9.277830 0.400000
156690 -47.377557 -43.716290 -9.067800 0.400000
156691 -47.982303 -45.137817 -9.743548 0.500000
156692 -47.754720 -46.025476 -9.959970 0.400000
156693 -47.365628 -45.887234 -10.406511 0.500000
156694 -46.611301 -46.376538 -10.978157 0.500000
156695 -45.744102 -45.850854 -11.667602 0.500000
156696 -37.627295 -44.325646 -17.046186 0.400000
156697 -36.728894 -42.727678 -18.520959 0.400000
156698 -45.597274 -43.343400 -10.339849 0.500000
156699 -44.705297 -42.121960 -10.644849 0.400000
156700 -44.852125 -43.215162 -10.832962 0.500000
156701 -45.494495 -44.046433 -10.708771 0.500000
156702 -44.979681 -43.898187 -10.971764 0.500000
156703 -44.516257 -44.346564 -12.123275 0.500000
156704 -44.671343 -45.089614 -12.534202 0.500000
156705 -42.966309 -43.833613 -12.723229 0.300000
156706 -42.484532 -43.464362 -12.737840 0.400000
156707 -41.132801 -41.938243 -13.795293 0.400000
156708 -42.326692 -41.083326 -13.991625 0.400000
156709 -41.788019 -41.376181 -14.166041 0.400000
156710 -40.918066 -41.414379 -15.111174 0.400000
156711 -41.453986 -40.667691 -15.980514 0.300000
156712 -40.264684 -39.255258 -17.366710 0.200000
156713 -41.102518 -37.845554 -17.912787 0.200000
156714 -42.663478 -45.027769 -16.032565 0.100000
156715 -42.290903 -44.639418 -16.606037 0.100000
156716 -42.338622 -44.329284 -17.179509 0.100000
156717 -42.002754 -37.413548 -15.566847 0.200000
156718 -42.151417 -43.857260 -17.568521 0.100000
156719 -42.151417 -43.857260 -17.568521 0.100000
156720 -42.723126 -43.160593 -18.709986 0.100000
156721 -43.005769 -42.323866 -19.284371 0.100000
156722 -43.005769 -42.323866 -19.284371 0.100000
156723 -40.942843 -43.881816 -15.989646 0.100000
156724 -45.372445 -38.922386 -13.477509 0.200000
156725 -45.424752 -38.644993 -14.102119 0.200000
156726 -41.255769 -42.580341 -17.217863 0.100000
156727 -45.424752 -38.644993 -14.102119 0.200000
156728 -42.092686 -42.323866 -18.350196 0.100000
156729 -42.556110 -42.323866 -18.818654 0.100000
156730 -43.665575 -41.713600 -19.390299 0.100000
156731 -44.475879 -41.420746 -19.589371 0.100000
156732 -45.133850 -41.093330 -18.995809 0.100000
156733 -45.687206 -40.699523 -19.388473 0.100000
156741 -39.626902 -42.278391 -13.218168 0.100000
156742 -40.154563 -42.222913 -13.925877 0.100000
156743 -40.822628 -42.208361 -14.506654 0.100000
156744 -41.710017 -41.957343 -14.594319 0.100000
156745 -40.822628 -42.208361 -14.506654 0.100000
156746 -41.480599 -42.301129 -15.111174 0.100000
156747 -41.480599 -42.301129 -15.111174 0.100000
156748 -42.690090 -42.033739 -15.738524 0.100000
156749 -43.065418 -41.697229 -16.297385 0.100000
156751 -44.132670 -42.142878 -15.067342 0.100000
156752 -43.214998 -42.142878 -15.067342 0.100000
156753 -45.424752 -41.993722 -15.681907 0.100000
156754 -44.507080 -41.993722 -15.681907 0.100000
156755 -43.214998 -42.142878 -15.067342 0.100000
156756 -43.589408 -41.993722 -15.681907 0.100000
156757 -43.963818 -41.679040 -16.279122 0.100000
156758 -43.065418 -41.697229 -16.297385 0.100000
156759 -44.515339 -41.427112 -16.983177 0.100000
158732 -42.855271 -43.172417 -6.020545 0.100000
161659 -43.167279 -50.949436 -12.972525 0.100000
161660 -43.617856 -49.637047 -13.392584 0.100000
161665 -45.225617 -50.461042 -12.251119 0.100000
161666 -45.664264 -49.835315 -12.196328 0.100000
161667 -45.664264 -49.835315 -12.196328 0.100000
161670 -46.043263 -48.661168 -13.096716 0.100000
161677 -43.774778 -50.666586 -21.085147 0.100000
161683 -45.435764 -40.791381 -20.648651 0.400000
161684 -45.343997 -40.376655 -21.536254 0.400000
161685 -46.262586 -40.296620 -21.428500 0.400000
161686 -45.147615 -39.850972 -22.633887 0.400000
161687 -46.165313 -39.833692 -22.406507 0.400000
161688 -46.755376 -39.977390 -21.875954 0.400000
161689 -47.075643 -39.810954 -22.396462 0.300000
161690 -47.075643 -39.810954 -22.396462 0.200000
161692 -46.342424 -43.200611 -14.154170 0.200000
161693 -45.500001 -43.200611 -13.240997 0.200000
161694 -48.199791 -40.813209 -10.923366 0.100000
161695 -48.102518 -40.174749 -12.029218 0.100000
161696 -48.384243 -41.121524 -10.885926 0.100000
161697 -45.728501 -38.881459 -24.493106 0.200000
161698 -46.452544 -38.936028 -24.346085 0.200000
161699 -47.118774 -39.122473 -23.727868 0.300000
161700 -46.380048 -45.924523 -20.567378 0.100000
161701 -45.544049 -46.924049 -21.634877 0.100000
161702 -45.570662 -48.622060 -21.934397 0.100000
161712 -46.690221 -49.349649 -18.750166 0.100000
161713 -46.844390 -49.193218 -18.329193 0.100000
161714 -46.690221 -49.349649 -18.750166 0.100000
161715 -46.780153 -49.300537 -19.670643 0.100000
161716 -46.780153 -49.300537 -19.670643 0.100000
161717 -46.831543 -49.275071 -20.621256 0.100000
161718 -46.913215 -48.845794 -20.783800 0.100000
161719 -45.776220 -47.548866 -17.266261 0.100000
161720 -45.214605 -47.927212 -18.462516 0.100000
161721 -45.644993 -48.220976 -18.156604 0.100000
161722 -44.591506 -47.426995 -18.843309 0.100000
161723 -45.210934 -47.952678 -19.349207 0.100000
161724 -45.788150 -48.345576 -19.543712 0.100000
161725 -45.933142 -48.357399 -20.085223 0.100000
161726 -45.933142 -48.357399 -20.085223 0.100000
161727 -47.007736 -49.273252 -21.516164 0.100000
161728 -47.160987 -48.618422 -21.410236 0.100000
161729 -47.231647 -48.025437 -21.754502 0.100000
161730 -47.250919 -47.571603 -22.163603 0.100000
161731 -46.435108 -47.057743 -22.191912 0.100000
161732 -46.803095 -47.569784 -21.914307 0.100000
161733 -46.335082 -46.962247 -23.139785 0.100000
161734 -45.311878 -47.738039 -24.105008 0.100000
161735 -44.895255 -47.497935 -23.549799 0.100000
161736 -43.587573 -48.086372 -23.855712 0.100000
161737 -43.611432 -36.827839 -20.471495 0.200000
161738 -44.260226 -36.862399 -21.019399 0.200000
161739 -44.670426 -45.525258 -17.441590 0.100000
161740 -45.044836 -45.405206 -18.755645 0.100000
161741 -45.175145 -45.507978 -18.245181 0.100000
161742 -45.399057 -37.707312 -21.766374 0.200000
161791 -48.518223 -41.381638 -20.294340 0.100000
161792 -47.483090 -42.871377 -18.684417 0.100000
161793 -47.006818 -43.453448 -17.241605 0.100000
161794 -46.699398 -42.880471 -17.332922 0.100000
161795 -46.119429 -43.887273 -16.567684 0.100000
161796 -44.803488 -44.699445 -16.406052 0.100000
161797 -44.803488 -44.699445 -16.406052 0.100000
161798 -44.790641 -45.052325 -17.790422 0.100000
161799 -45.289854 -45.272421 -19.529102 0.100000
161800 -43.863792 -42.896842 -16.384136 0.100000
161801 -44.162035 -43.727203 -17.463506 0.100000
161802 -43.885816 -44.200136 -17.829688 0.100000
161803 -43.848192 -44.428418 -19.361078 0.100000
161804 -43.848192 -44.428418 -19.361078 0.100000
161805 -43.975748 -44.599401 -18.688070 0.100000
161806 -44.126246 -44.739462 -17.733805 0.100000
161807 -44.587835 -44.971381 -18.681678 0.100000
161808 -45.289854 -45.272421 -19.529102 0.100000
161809 -45.803750 -45.520711 -20.972827 0.100000
161810 -45.555979 -45.799014 -21.590131 0.100000
161811 -45.173310 -46.207373 -22.136208 0.100000
161812 -43.777531 -46.832190 -22.422031 0.100000
161813 -44.273991 -46.226472 -22.117945 0.100000
161814 -44.697956 -46.874027 -22.695070 0.100000
161815 -43.986760 -47.313309 -22.822001 0.100000
161816 -43.986760 -47.313309 -22.822001 0.100000
161817 -41.846750 -48.661168 -24.139708 0.100000
161818 -41.846750 -48.661168 -24.139708 0.100000
161819 -41.236498 -48.561124 -23.967119 0.100000
161820 -40.757473 -48.656620 -23.673077 0.100000
161821 -41.743970 -47.791699 -23.204620 0.100000
161822 -40.134374 -48.646616 -23.368991 0.100000
161827 -40.891453 -46.826734 -21.793769 0.100000
161828 -40.121527 -47.307852 -21.755415 0.100000
161829 -39.808601 -47.709845 -22.263139 0.100000
161845 -39.209361 -41.158813 -19.824056 0.100000
161846 -37.540116 -42.977787 -20.005777 0.100000
161847 -37.090457 -43.887273 -20.173801 0.100000
161848 -35.939697 -42.855006 -20.186586 0.100000
161849 -35.947956 -44.341107 -20.057828 0.100000
161850 -36.548113 -44.754923 -20.064220 0.100000
161851 -36.749083 -45.742626 -21.133545 0.100000
161852 -35.786445 -46.103692 -21.934397 0.100000
161854 -35.948873 -42.737682 -21.871388 0.100000
161855 -36.119560 -43.364318 -23.203707 0.100000
161856 -36.093865 -44.146477 -23.465787 0.100000
161857 -36.716965 -44.625776 -24.749707 0.100000
161858 -36.531595 -45.033226 -24.323256 0.100000
161859 -36.124149 -45.058692 -23.378123 0.100000
161860 -35.830494 -45.742626 -23.108737 0.100000
