#!ascii label  , from subject fsaverage vox2ras=TkReg coords=white
495
188 -42.256949 -51.804353 37.011784 -6.225213
668 -44.425407 -47.839902 40.215192 -5.060007
925 -44.586000 -53.867069 37.009045 -4.850819
926 -42.323939 -55.654210 39.028982 -5.352987
1491 -41.945858 -48.367404 37.116799 -4.898502
1492 -45.192581 -51.005824 38.666452 -5.454830
1920 -39.736105 -53.051259 36.007295 -4.988114
1921 -38.700971 -56.418179 40.081869 -4.148218
2846 -44.459361 -55.944336 36.921380 -4.568480
3445 -45.883588 -48.793953 39.783262 -4.947403
3446 -44.918197 -49.535184 39.749474 -5.590590
3447 -45.923965 -50.132717 38.229043 -4.836002
3448 -45.636734 -51.482395 36.592638 -4.414870
4215 -41.029104 -50.416477 35.745214 -5.553050
4216 -39.972864 -50.758444 34.754422 -4.435403
4217 -41.104353 -52.310028 36.210019 -6.075337
4219 -40.619823 -56.200811 39.757693 -4.854603
6273 -43.565549 -52.842078 37.625436 -5.688945
6274 -42.264290 -53.587857 37.487547 -6.012449
6275 -43.504065 -54.794745 38.204387 -5.287843
6276 -43.221422 -56.838361 38.427201 -4.682302
7318 -40.757473 -48.580224 35.667595 -4.629884
7319 -42.287232 -50.047225 36.950602 -5.673608
7320 -43.100289 -48.213701 38.815299 -5.141891
7321 -43.688517 -49.813487 38.510300 -5.571194
7322 -43.800473 -51.394175 38.159642 -5.836400
7323 -44.976010 -52.298205 37.517682 -5.173935
8367 -40.868512 -54.471877 37.788894 -5.789735
8368 -39.152465 -54.866595 38.194342 -4.953828
8369 -37.470373 -54.680150 38.243653 -4.091737
11125 -46.017568 -48.965846 38.578788 -4.377297
11126 -45.934060 -49.452421 39.102949 -4.990561
11895 -41.667804 -51.126786 36.393566 -6.102097
11896 -41.070399 -51.340515 35.879451 -5.919828
11897 -41.661380 -52.049005 36.562503 -6.274666
14295 -44.137258 -53.305006 37.513116 -5.275062
14296 -43.463687 -53.789763 37.806244 -5.498088
14297 -44.076692 -54.371834 37.647352 -5.099006
14299 -43.954642 -56.318135 37.743235 -4.700103
16090 -40.968538 -47.644362 36.349734 -4.478584
16091 -40.433535 -47.703479 35.720559 -4.298594
16092 -41.367725 -48.481999 36.341516 -4.803009
16093 -41.562271 -49.324184 36.323252 -5.234393
16094 -42.204642 -49.212317 37.017263 -5.261890
16095 -43.374673 -47.289662 39.526660 -4.718293
16096 -42.662560 -47.426995 38.769641 -4.791612
16097 -43.742659 -48.044536 39.619804 -5.204185
16098 -45.145780 -50.276416 39.245403 -5.555841
16099 -44.354747 -49.732543 39.188787 -5.601854
16100 -44.444678 -50.465589 38.890179 -5.644400
16101 -43.763766 -50.614745 38.344102 -5.734135
16102 -44.544705 -51.211368 38.551392 -5.646913
16103 -44.475879 -51.927134 38.079282 -5.586955
16104 -45.188910 -51.664292 38.084761 -5.327188
16106 -45.328396 -52.204527 36.062085 -4.275908
18408 -39.943498 -51.893483 35.223793 -4.763512
18412 -38.899188 -53.267717 36.062998 -4.358554
18413 -42.296409 -54.651046 38.295704 -5.729026
18414 -41.552177 -54.074432 37.588909 -5.994965
18415 -41.602649 -55.045763 38.613488 -5.647865
18416 -39.626902 -56.336325 39.962244 -4.487817
18417 -39.881097 -55.545072 39.046332 -5.046549
18418 -38.932224 -55.599641 39.174176 -4.648777
18419 -38.321055 -54.767461 38.236348 -4.492378
18420 -38.065024 -55.539615 39.207963 -4.285032
23553 -44.941139 -54.494615 36.237414 -4.441775
23554 -44.544705 -54.921164 37.006305 -4.714675
23555 -44.998952 -55.522334 36.058432 -4.335513
24632 -41.498952 -47.637996 37.149673 -4.602603
24633 -45.292607 -48.327386 40.397827 -5.176261
24634 -44.684191 -48.716647 40.080956 -5.457243
24635 -45.450447 -49.185032 40.074564 -5.402760
24636 -45.682618 -49.937178 39.312978 -5.371055
24637 -45.711983 -50.599284 38.538608 -5.205981
24638 -45.628475 -51.252295 37.826334 -5.011461
24639 -45.855140 -50.767539 37.421798 -4.612757
26019 -40.420688 -49.650689 35.109646 -4.677420
26020 -39.987547 -49.839862 34.600096 -4.069651
26021 -40.541820 -50.558357 35.220140 -5.100316
26022 -40.564762 -51.566977 35.499571 -5.435742
26023 -40.491348 -52.680189 36.019166 -5.609238
26024 -42.173441 -56.701029 39.586017 -4.836841
26025 -41.573283 -56.019824 39.496526 -5.167054
28919 -44.043656 -47.093213 40.089175 -4.406843
28922 -45.018223 -47.526129 40.592332 -4.641913
28923 -45.763373 -47.973596 40.232543 -4.617921
28924 -46.116676 -48.343757 39.221661 -4.251424
29997 -42.965392 -52.387334 37.483894 -6.037296
29998 -42.296409 -52.700198 37.190766 -6.198249
29999 -42.882801 -53.234976 37.542337 -5.888534
30000 -42.880966 -54.250872 38.048235 -5.663347
30001 -42.957132 -55.233118 38.597051 -5.386146
30002 -44.095963 -55.327704 37.794373 -4.924750
30003 -43.519665 -55.791542 38.409851 -5.040139
30004 -42.836917 -56.290851 38.947709 -5.019147
30005 -42.514815 -57.293105 39.055464 -4.484422
32481 -40.919901 -49.530637 35.726038 -5.075996
32482 -41.652203 -50.265502 36.297683 -5.713235
32483 -42.291820 -50.923061 36.973431 -6.036601
32485 -42.068826 -47.532495 37.956004 -4.718355
32486 -42.556110 -48.281003 37.949612 -5.009012
32487 -44.088622 -48.882173 39.481002 -5.483626
32488 -43.462770 -49.044971 38.676497 -5.384186
32489 -42.829576 -49.096812 37.857382 -5.292904
32490 -42.948873 -49.899889 37.769717 -5.593457
32491 -42.999345 -50.708422 37.613565 -5.874701
32492 -43.032382 -51.613361 37.546903 -6.043134
32493 -43.727059 -52.164510 37.892995 -5.820587
32494 -44.347405 -52.570141 37.688445 -5.451748
32495 -44.726404 -52.998509 37.152413 -5.006673
32496 -45.391716 -51.908944 37.144194 -4.832492
32497 -45.124673 -52.585602 36.647428 -4.678334
32498 -44.974175 -53.498727 36.410004 -4.549738
35385 -41.644862 -53.003057 36.915901 -6.218024
35386 -41.036445 -53.379584 36.856545 -6.018486
35387 -40.274778 -53.788853 36.960646 -5.602283
35388 -40.863006 -55.406830 38.936751 -5.406106
35389 -40.015994 -54.755637 38.013534 -5.416063
35390 -39.422261 -54.025320 37.147847 -5.061855
35391 -38.587180 -54.038962 37.199898 -4.510486
41846 -45.936813 -49.264157 38.180645 -4.358506
42615 -41.938517 -51.507861 36.721395 -6.212864
42616 -41.646697 -51.613361 36.455662 -6.219237
42617 -41.960541 -51.930772 36.767967 -6.274819
45015 -44.351994 -53.623326 37.332308 -5.061893
45016 -44.065680 -53.874345 37.565166 -5.185607
45017 -44.325381 -54.098078 37.316784 -4.981327
46810 -41.441139 -47.989057 36.685782 -4.687008
46811 -41.195203 -48.062726 36.348821 -4.626887
46812 -41.651286 -48.406512 36.702219 -4.853273
46813 -41.799031 -48.833970 36.668431 -5.043371
46814 -42.103698 -48.784858 37.070227 -5.071323
46815 -43.908758 -47.562508 39.908366 -4.906570
46816 -43.569220 -47.673466 39.608846 -4.986022
46817 -44.090457 -47.954497 39.944893 -5.164968
46818 -45.169639 -50.645668 38.955928 -5.509630
46819 -44.819088 -50.436486 39.103862 -5.605422
46820 -44.843866 -50.768448 38.889266 -5.584007
46821 -44.496068 -50.843936 38.756856 -5.651362
46822 -44.898008 -51.123148 38.643623 -5.554103
46823 -44.896173 -51.458749 38.381542 -5.514269
46824 -45.221029 -51.326873 38.361453 -5.394066
49128 -39.887520 -52.493744 35.540664 -4.892130
49130 -39.447038 -52.649266 35.555274 -4.554364
49131 -39.025827 -52.767500 35.529706 -4.231303
49132 -39.308470 -53.190411 36.081262 -4.666948
49133 -42.345963 -55.171273 38.733114 -5.554601
49134 -41.980730 -54.852952 38.439072 -5.708885
49135 -41.993577 -55.331342 38.891093 -5.510306
49136 -39.148795 -56.371795 40.031645 -4.310371
49137 -39.269010 -55.974349 39.580538 -4.602435
49138 -38.803750 -56.008000 39.639894 -4.421884
49139 -38.498165 -55.575994 39.197005 -4.459359
49140 -38.405481 -55.988901 39.655418 -4.256017
49141 -37.965916 -55.971621 39.654505 -4.109306
49142 -38.279760 -56.445463 40.096480 -4.006705
54615 -45.143944 -54.748361 35.738822 -4.241635
54616 -44.991611 -55.024845 36.138791 -4.390343
54617 -45.218276 -55.293144 35.638373 -4.194155
56413 -40.974961 -47.243278 36.736006 -4.417666
56414 -41.267699 -47.246007 37.120452 -4.472566
56415 -45.640405 -48.585681 40.174100 -5.108199
56416 -45.375198 -48.783039 40.219758 -5.327761
56417 -45.722077 -48.995859 39.953112 -5.210092
56418 -45.940483 -49.778927 38.699326 -4.929860
56419 -45.847798 -49.726177 39.256361 -5.209924
56420 -45.881752 -50.034493 38.850913 -5.137561
56421 -45.730337 -50.263683 38.928533 -5.297340
56422 -45.877164 -50.402835 38.379716 -5.039921
56423 -45.831280 -50.728431 37.982486 -4.931708
56424 -45.887258 -50.468318 37.784328 -4.725655
58725 -40.724437 -50.049954 35.444781 -5.140401
58726 -40.484925 -50.113618 35.159871 -4.892892
58727 -40.770321 -50.486507 35.474002 -5.362393
58728 -41.095176 -51.798896 36.022819 -6.026135
58729 -40.813451 -51.412365 35.684032 -5.711826
58730 -40.838228 -51.940776 35.865753 -5.817122
58731 -40.546409 -52.124493 35.736996 -5.544883
58732 -40.856582 -52.482830 36.100438 -5.870955
58733 -41.966047 -57.174871 39.689205 -4.506930
58734 -41.760489 -56.821991 39.864534 -4.689438
63613 -43.541689 -46.847652 39.693771 -4.241751
63623 -45.419246 -47.756229 40.532063 -4.670396
65925 -43.327872 -52.594697 37.661963 -5.875981
65926 -42.936944 -52.779323 37.449194 -5.976287
65927 -43.219587 -53.035798 37.587083 -5.794819
65928 -43.462770 -54.329998 38.037277 -5.395030
65929 -43.159938 -54.029867 37.943220 -5.590007
65930 -43.194809 -54.520990 38.170600 -5.475120
65931 -42.906661 -54.727443 38.331318 -5.532248
65932 -43.234269 -54.985737 38.382456 -5.350961
65933 -44.537363 -55.438662 36.988955 -4.646246
65934 -44.335475 -55.124889 37.411754 -4.829065
65935 -44.294180 -55.636020 37.397143 -4.747154
65936 -43.601338 -56.545507 38.091154 -4.712587
65937 -43.756425 -56.049837 38.121288 -4.870298
65938 -43.435239 -56.296307 38.445465 -4.880965
65939 -43.190221 -56.051656 38.703892 -5.049011
65940 -43.099372 -56.552783 38.752290 -4.850962
65941 -42.723126 -56.817443 39.030808 -4.777740
65942 -42.884636 -57.052091 38.728548 -4.606196
71313 -40.624411 -48.131847 35.693163 -4.447850
71314 -40.158234 -47.710754 35.379945 -4.161905
71315 -40.330756 -48.180050 35.361682 -4.304581
71317 -40.494101 -48.677539 35.368987 -4.479986
71318 -40.562927 -49.158657 35.411906 -4.684193
71319 -40.864841 -49.061342 35.700469 -4.841850
71320 -41.922916 -49.681612 36.619120 -5.481145
71321 -41.608155 -49.787112 36.320513 -5.475161
71322 -41.955953 -50.142721 36.607249 -5.708152
71323 -41.984400 -50.592008 36.620033 -5.917974
71324 -42.312927 -50.482869 36.962473 -5.869758
71328 -42.894731 -47.808979 38.807994 -4.982142
71329 -42.363399 -47.474288 38.363279 -4.765821
71330 -42.591899 -47.844449 38.383369 -4.930371
71331 -42.312927 -47.889014 37.954178 -4.866809
71332 -42.826823 -48.245533 38.381542 -5.076383
71333 -44.768617 -49.154110 39.981420 -5.552456
71334 -44.380441 -48.815781 39.806091 -5.495724
71335 -44.474962 -49.273252 39.685552 -5.574242
71336 -44.017961 -49.764375 38.863697 -5.584137
71337 -43.905087 -49.379662 38.956841 -5.520452
71338 -43.587573 -49.440598 38.596138 -5.481216
71339 -43.151679 -49.074984 38.279267 -5.331736
71340 -43.244364 -49.475158 38.193429 -5.452543
71341 -42.911249 -49.525180 37.799852 -5.441503
71342 -43.326037 -49.861690 38.135899 -5.572945
71343 -43.772943 -51.016738 38.264656 -5.797098
71344 -43.377426 -50.663857 37.990705 -5.797783
71345 -43.399450 -51.083131 37.913998 -5.883992
71346 -43.016781 -51.154071 37.563340 -5.978906
71347 -43.399450 -51.506951 37.822681 -5.938565
71348 -43.352649 -51.931682 37.772457 -5.954797
71349 -43.777531 -51.794349 38.050061 -5.845056
71350 -44.769534 -52.131769 37.861034 -5.396560
71351 -44.440090 -52.263644 37.861034 -5.527553
71352 -44.697956 -52.448270 37.633654 -5.319292
71353 -44.576823 -52.792965 37.436409 -5.234365
71354 -44.872313 -52.601064 37.289388 -5.090462
71355 -45.681700 -51.375985 37.248296 -4.723263
71356 -45.529366 -51.572434 37.477502 -4.919046
71357 -45.544967 -51.704310 36.874808 -4.633139
71358 -45.238464 -52.603792 35.861187 -4.226366
71359 -45.228370 -52.403705 36.353387 -4.486443
71360 -45.155874 -52.806608 36.168926 -4.427676
71361 -45.036577 -53.015789 36.494015 -4.610895
71362 -45.102649 -53.255894 36.047474 -4.376209
71363 -45.072366 -53.747926 35.985378 -4.329799
78263 -39.982958 -50.287330 34.653060 -4.252472
78278 -42.287232 -53.117652 37.270212 -6.120368
78279 -41.972471 -52.833892 37.026395 -6.231791
78280 -41.954117 -53.281360 37.199898 -6.144493
78281 -41.237416 -54.327269 37.736843 -5.916418
78282 -41.297982 -53.724279 37.258341 -6.050347
78283 -40.948349 -53.921638 37.284823 -5.923664
78284 -40.659282 -53.602408 36.879374 -5.833171
78285 -40.526220 -54.132639 37.320436 -5.747594
78286 -41.119954 -56.132600 39.649939 -5.022880
78287 -41.208968 -55.708779 39.245403 -5.305218
78288 -40.773991 -55.791542 39.376900 -5.152671
78289 -39.483745 -55.201286 38.597964 -5.043198
78290 -39.948087 -55.174001 38.554132 -5.254746
78291 -39.570006 -54.835672 38.096633 -5.190004
78292 -39.675538 -54.410032 37.560601 -5.288561
78293 -39.272680 -54.458235 37.666529 -5.031875
78294 -39.003803 -54.049876 37.207203 -4.781670
78295 -38.861563 -54.455507 37.730451 -4.773819
78296 -37.916362 -54.713801 38.246393 -4.282146
78297 -38.019141 -54.388205 37.711274 -4.290587
93753 -46.004720 -48.913096 39.238098 -4.698846
93754 -45.935895 -49.138648 39.486481 -5.001179
93755 -45.988202 -49.203222 38.875569 -4.711014
93756 -45.956084 -49.493348 38.475599 -4.669577
93757 -45.923965 -49.830768 38.004402 -4.589139
93758 -45.865234 -50.171825 37.577951 -4.486083
95139 -41.353042 -50.771177 36.070304 -5.880928
95140 -41.044705 -50.873039 35.779002 -5.758827
95141 -41.363137 -51.240472 36.127833 -6.049291
95142 -41.369560 -51.697943 36.245633 -6.160333
95143 -41.375066 -52.169967 36.380782 -6.210616
99459 -43.846356 -53.063083 37.608086 -5.486102
99460 -43.494888 -53.291364 37.628175 -5.597284
99461 -43.793131 -53.555115 37.649178 -5.392222
99462 -43.761013 -54.130820 37.790720 -5.297280
99463 -43.790378 -54.597387 37.954178 -5.202290
99464 -44.358417 -56.440916 36.830976 -4.472251
99465 -44.236367 -56.139876 37.356050 -4.650015
99466 -44.073939 -56.653736 37.300347 -4.526633
99467 -43.786708 -56.828357 37.691184 -4.541522
99468 -43.408627 -57.045724 38.010795 -4.511328
99469 -43.019534 -57.267639 38.342276 -4.432691
102690 -40.478501 -47.285115 35.996337 -4.279286
102691 -40.194023 -47.289662 35.694077 -4.181240
102692 -40.707919 -47.678922 36.020079 -4.400729
102693 -40.925407 -48.096377 36.031950 -4.551502
102694 -41.070399 -48.542935 36.009121 -4.733542
102695 -41.175014 -48.994040 35.996337 -4.945360
102696 -41.483352 -48.922191 36.320513 -5.006955
102697 -41.877033 -49.255063 36.649255 -5.255123
102698 -42.267961 -49.637047 36.978910 -5.465955
102699 -42.816729 -47.008631 39.096556 -4.518367
102700 -42.476272 -47.057743 38.710284 -4.571770
102701 -43.018616 -47.378792 39.194266 -4.780604
102702 -43.220504 -47.752591 39.227140 -5.006399
102703 -43.392109 -48.122752 39.243577 -5.190563
102704 -45.048506 -49.904436 39.527574 -5.586736
102705 -44.619954 -49.661603 39.507484 -5.609794
102706 -44.763110 -50.052682 39.307499 -5.616339
102707 -44.418066 -50.113618 39.030808 -5.628531
102708 -44.046409 -50.134536 38.745898 -5.638084
102709 -43.737153 -50.215480 38.421722 -5.656451
102710 -44.100551 -50.538348 38.640883 -5.684486
102711 -44.128999 -50.937613 38.562351 -5.720357
102712 -44.174883 -51.297769 38.393414 -5.739604
102713 -44.190483 -51.651560 38.237261 -5.735827
102714 -44.534610 -51.559702 38.340450 -5.626606
102715 -44.830101 -51.799806 38.113983 -5.462104
102716 -45.082460 -51.991708 37.773370 -5.253614
102717 -45.506425 -51.559702 36.030124 -4.104838
102718 -45.494495 -51.823453 36.301336 -4.337935
102719 -45.389880 -51.978975 35.766217 -4.048822
102720 -45.256818 -52.407343 35.552535 -4.008460
106862 -39.998559 -51.283218 34.942536 -4.608762
106869 -38.588097 -52.838440 35.479481 -3.932885
106870 -38.429340 -53.276812 36.015513 -4.072074
106871 -42.248690 -54.149010 37.861947 -5.881104
106872 -41.912822 -53.805224 37.503984 -6.025433
106873 -41.960541 -54.350916 37.945046 -5.879790
106874 -41.587049 -54.578287 38.113070 -5.836393
106875 -41.225486 -54.786560 38.251872 -5.748437
106876 -40.108679 -56.259928 39.849010 -4.672555
106877 -40.259178 -55.850659 39.428038 -4.977675
106878 -39.755376 -55.920689 39.507484 -4.790752
106879 -39.386472 -55.579632 39.098383 -4.847322
106880 -39.050604 -55.198557 38.660973 -4.826299
106881 -38.717489 -54.830215 38.229956 -4.718392
106882 -38.622051 -55.182186 38.734027 -4.613704
106883 -38.187992 -55.143988 38.730374 -4.412881
106884 -37.755769 -55.097604 38.758683 -4.228890
106885 -37.342817 -55.039397 38.704805 -4.064795
106886 -37.630048 -55.492321 39.229879 -4.129510
116397 -44.769534 -54.190846 36.647428 -4.644180
116398 -44.548375 -54.391843 36.992607 -4.781229
116399 -44.750263 -54.726534 36.619120 -4.584932
116400 -44.801653 -55.229480 36.572548 -4.526004
116401 -44.749345 -55.735154 36.491276 -4.461760
116402 -45.202675 -55.793361 35.565319 -4.140081
116403 -44.928291 -56.021642 35.970768 -4.272316
116404 -44.646566 -56.230824 36.376216 -4.385181
118914 -40.742791 -47.260559 36.360692 -4.355225
118915 -41.222733 -47.612530 36.714090 -4.543019
118916 -41.744888 -47.999062 37.127757 -4.743231
118917 -44.900761 -48.076368 40.417003 -5.156096
118918 -44.596094 -48.284640 40.186884 -5.294156
118919 -45.000787 -48.560215 40.298291 -5.353294
118920 -45.082460 -48.986764 40.153097 -5.474373
118921 -45.215523 -49.377843 39.927543 -5.526573
118922 -45.790903 -49.376934 39.626196 -5.239658
118923 -45.583509 -49.577930 39.675508 -5.411952
118924 -45.346750 -49.759828 39.619804 -5.523678
118925 -45.445858 -50.118165 39.312065 -5.482320
118926 -45.487153 -50.455585 38.957754 -5.417758
118927 -45.481647 -50.806647 38.628099 -5.341522
118928 -45.503672 -51.145885 38.292052 -5.260608
118929 -45.694547 -50.916695 38.208953 -5.108327
118930 -45.770714 -51.029471 37.640960 -4.823899
118931 -45.737678 -51.115872 37.021829 -4.507219
118932 -45.812927 -50.491964 37.172502 -4.375802
118933 -45.726666 -50.833931 36.792623 -4.270638
118934 -45.623887 -51.195907 36.398132 -4.178943
122153 -40.198611 -49.714353 34.863090 -4.391684
122154 -40.248165 -50.196381 34.909662 -4.589856
122155 -40.278449 -50.662948 34.988194 -4.783456
122156 -40.816204 -50.930337 35.550709 -5.557545
122157 -40.566598 -51.037656 35.320589 -5.285113
122158 -40.292214 -51.158618 35.105080 -4.960701
122159 -40.268354 -51.735232 35.342505 -5.111629
122160 -40.209623 -52.325489 35.619196 -5.229076
122161 -40.125197 -52.874819 35.975334 -5.308254
122162 -42.273467 -56.173527 39.313891 -5.116509
122163 -41.971553 -55.827012 39.247230 -5.278768
122164 -41.894469 -56.326320 39.600627 -5.007322
122165 -41.461328 -56.478205 39.848097 -4.864164
128961 -43.178291 -46.936781 39.403382 -4.410106
128962 -43.712376 -47.189619 39.815223 -4.594603
128963 -44.240955 -47.445184 40.168621 -4.760174
128971 -44.547458 -47.311490 40.402393 -4.547448
128972 -44.731910 -47.659823 40.430701 -4.884267
128973 -45.169639 -47.894471 40.528410 -4.945724
128974 -45.528449 -48.150036 40.354908 -4.927732
128975 -45.826692 -48.422882 40.052648 -4.820358
128977 -46.005638 -48.273727 39.785088 -4.477263
128978 -46.001050 -48.585681 39.533966 -4.622572
128979 -46.058863 -48.655711 38.912096 -4.343822
131889 -42.626771 -52.108122 37.268385 -6.159637
131890 -42.289067 -52.239997 37.069314 -6.236471
131891 -42.637783 -52.521938 37.289388 -6.129387
131892 -42.607500 -52.948487 37.337787 -6.060781
131893 -42.592817 -53.415054 37.509463 -5.963793
131894 -43.158103 -53.515098 37.708535 -5.697411
131895 -42.873624 -53.727917 37.769717 -5.782456
131896 -42.566204 -53.939828 37.817202 -5.846165
131897 -42.568957 -54.437317 38.165121 -5.711862
131898 -42.609335 -54.934806 38.521258 -5.560587
131899 -42.645124 -55.453213 38.808907 -5.388193
131900 -44.332722 -54.611938 37.373400 -4.904922
131901 -44.109728 -54.829306 37.751454 -5.013724
131902 -43.836262 -55.036669 38.087501 -5.104341
131903 -44.062009 -55.834288 37.793460 -4.823786
131904 -43.820662 -55.551438 38.119462 -4.996889
131905 -43.551784 -55.274045 38.343189 -5.172157
131906 -43.237022 -55.530520 38.587006 -5.211919
131907 -42.914002 -55.773353 38.812560 -5.218312
131908 -42.587311 -55.982535 39.027155 -5.187199
131909 -42.505638 -56.517313 39.247230 -4.948202
131910 -42.365234 -57.052091 39.364116 -4.661675
131911 -42.123887 -57.493192 39.396077 -4.321185
131912 -42.637783 -57.481368 38.686542 -4.305562
131913 -42.252361 -57.714197 39.030808 -4.134121
138681 -39.931569 -47.295119 35.384511 -4.052171
138688 -40.648270 -49.601577 35.412820 -4.908771
138689 -40.975879 -49.979923 35.723298 -5.318982
138690 -41.244757 -49.426046 36.030124 -5.180614
138691 -41.288805 -49.891703 36.029211 -5.427174
138692 -41.322759 -50.345537 36.019166 -5.667410
138693 -41.666886 -50.687504 36.332384 -5.928740
138694 -41.962376 -51.046751 36.650168 -6.091347
138695 -42.263373 -51.377804 37.001739 -6.158288
138699 -42.159676 -47.108674 38.303923 -4.581398
138700 -41.866021 -47.165063 37.916738 -4.560521
138701 -41.584296 -47.227817 37.513116 -4.521385
138702 -41.786183 -47.597069 37.551469 -4.661527
138703 -42.050473 -47.979053 37.560601 -4.802704
138704 -42.308339 -48.362856 37.558774 -4.948915
138705 -44.245544 -48.391960 39.891929 -5.361599
138706 -43.916099 -48.457443 39.566840 -5.369019
138707 -43.593997 -48.545663 39.183308 -5.333254
138708 -44.202413 -49.327822 39.333068 -5.557260
138709 -43.759178 -48.969484 39.041766 -5.440072
138710 -43.308601 -48.638431 38.782425 -5.273714
138711 -43.055323 -48.670263 38.372411 -5.208170
138712 -42.724044 -48.685724 37.925870 -5.149523
138713 -42.422130 -48.736655 37.495765 -5.104139
138714 -42.540509 -49.160476 37.433670 -5.270926
138715 -42.594652 -49.584297 37.390751 -5.448245
138716 -42.622182 -49.966281 37.331394 -5.630163
138717 -43.354484 -50.256407 38.073803 -5.690534
138718 -42.979157 -50.294606 37.692097 -5.741728
138719 -42.629524 -50.353722 37.275691 -5.805244
138720 -42.638700 -50.804828 37.286649 -5.958450
138721 -42.638700 -51.262299 37.284823 -6.074574
138722 -42.647877 -51.714314 37.283909 -6.142743
138723 -42.975486 -52.019902 37.510376 -6.062040
138724 -43.333378 -52.269101 37.702142 -5.932137
138725 -43.680258 -52.483740 37.778849 -5.766170
138726 -44.130835 -52.043548 38.006229 -5.705616
138727 -44.047327 -52.372782 37.836379 -5.650016
138728 -43.889487 -52.666547 37.674747 -5.574378
138729 -44.217096 -52.905742 37.551469 -5.365448
138730 -44.443761 -53.181316 37.354224 -5.147069
138731 -44.619954 -53.430515 37.083925 -4.926025
138732 -45.442188 -51.473300 37.959657 -5.178204
138733 -45.333902 -51.799806 37.643699 -5.095336
138734 -45.197169 -52.135406 37.352397 -5.012466
138735 -45.374280 -52.048096 36.601770 -4.554407
138736 -45.240300 -52.253640 36.871156 -4.752205
138737 -45.074201 -52.438266 37.104928 -4.930561
138738 -44.972340 -52.782961 36.904943 -4.851265
138739 -44.868643 -53.223152 36.796275 -4.776445
138740 -44.806241 -53.675167 36.708611 -4.707411
138741 -44.939303 -53.988031 36.338776 -4.493970
138742 -45.103567 -54.241777 35.865753 -4.285838
147159 -41.976141 -52.372782 36.878461 -6.278572
147160 -41.654956 -52.516481 36.684868 -6.271553
147161 -41.364972 -52.666547 36.586246 -6.203987
147162 -41.599896 -53.509641 37.184374 -6.123426
147163 -41.333771 -53.185863 36.869329 -6.148022
147164 -41.073152 -52.860267 36.499494 -6.070816
147165 -40.752885 -53.051259 36.460228 -5.875219
147166 -40.390405 -53.252256 36.466620 -5.628239
147167 -40.029760 -53.427787 36.470273 -5.345979
147168 -41.612743 -55.541434 39.072814 -5.426419
147169 -41.242004 -55.256764 38.788817 -5.545711
147170 -40.851993 -54.952996 38.362366 -5.617622
147171 -40.398664 -55.494140 39.004326 -5.236448
147172 -40.458312 -55.098514 38.486557 -5.449945
147173 -40.461065 -54.632857 37.910346 -5.619870
147174 -40.067384 -54.312717 37.477502 -5.531657
147175 -39.869167 -53.928004 37.047398 -5.340028
147176 -39.585606 -53.574214 36.578027 -5.046130
147177 -39.167148 -53.657887 36.633731 -4.744620
147178 -38.736760 -53.686991 36.632818 -4.453726
147179 -38.269665 -53.679715 36.601770 -4.181903
147180 -38.444940 -54.413670 37.728624 -4.524332
147181 -38.142109 -54.036233 37.173416 -4.256200
