#!ascii label  , from subject fsaverage vox2ras=TkReg coords=white
199
564 -28.929602 -67.248344 28.501019 -4.394908
2332 -28.220242 -61.697748 31.833184 -4.021263
2333 -27.940352 -63.758644 24.809063 -3.290945
5186 -29.181044 -69.176456 30.141989 -3.375765
5188 -29.139749 -66.093296 32.020385 -3.699486
5189 -28.628606 -63.194763 34.180037 -3.790123
5190 -28.857106 -64.379824 30.183082 -4.547106
5191 -28.217489 -62.616329 28.448968 -4.214221
5192 -28.431306 -65.407544 26.692938 -4.255872
6858 -29.494888 -70.090490 27.098386 -3.647274
6859 -29.308600 -68.473423 24.969782 -3.691942
9557 -27.285134 -60.090685 29.870777 -3.421389
9558 -27.377819 -61.047465 26.662803 -3.389832
12866 -29.101207 -68.276974 29.235209 -3.967239
12867 -29.156267 -67.693993 31.040551 -3.563748
12868 -28.998427 -66.757222 30.204085 -4.162253
12869 -29.053488 -65.301134 31.207661 -4.244538
12870 -28.806634 -65.782252 29.396841 -4.553400
12871 -28.557945 -64.899141 28.453534 -4.600570
12872 -28.713032 -66.265189 27.602457 -4.500170
15269 -29.478370 -70.894476 28.197846 -3.275255
15270 -29.631621 -71.373775 26.634495 -3.180723
15271 -29.591243 -70.526134 25.619960 -3.366481
21326 -28.464342 -62.508100 32.999305 -4.043199
21327 -27.859597 -62.281638 34.586399 -3.673797
21328 -27.774253 -61.566782 33.354529 -3.712115
21330 -27.407185 -60.843740 32.253244 -3.517252
21331 -26.941925 -60.086138 31.258799 -3.189653
21332 -27.814631 -60.914680 30.840566 -3.769038
21333 -28.003671 -63.202039 26.587923 -3.896655
21334 -27.792607 -61.808705 27.536709 -3.809449
21335 -27.732958 -62.388958 25.696667 -3.435397
21339 -29.148008 -67.502091 23.921460 -3.264635
27772 -29.024122 -64.561721 33.212988 -3.783629
27773 -28.868118 -63.787748 32.203932 -4.213244
27774 -28.613005 -62.963753 31.114518 -4.372372
27775 -28.274384 -62.098832 30.175777 -4.229045
27776 -28.553357 -63.468518 29.364880 -4.511474
27777 -28.338621 -64.012391 27.567757 -4.329474
27778 -28.164264 -64.557174 25.781592 -3.798091
31361 -29.413215 -69.622104 28.554896 -3.660012
31362 -29.217751 -68.803566 27.659074 -4.078843
31363 -29.045229 -67.926821 26.641800 -4.227796
31364 -29.418721 -69.338344 26.028148 -3.825804
38910 -26.311485 -59.300341 30.429639 -2.844235
38911 -26.636340 -59.347635 29.092754 -3.068974
38912 -27.900892 -61.301212 29.270823 -3.902391
38913 -27.412691 -60.516325 28.390525 -3.522618
38914 -26.876770 -59.747809 27.534883 -3.141420
38918 -28.862612 -66.930934 25.793463 -4.027110
38919 -28.578134 -66.019628 24.807237 -3.565407
43586 -29.021369 -67.765842 28.879985 -4.212919
43587 -29.017699 -67.490268 29.761197 -4.079302
43588 -28.924096 -66.982774 29.414191 -4.321844
43589 -28.917672 -66.267918 29.860732 -4.394869
43590 -28.820399 -66.555316 28.914686 -4.494756
43591 -28.713032 -66.083292 28.470884 -4.580804
43592 -28.832329 -66.817248 27.995121 -4.494012
45989 -29.628868 -71.692096 27.230796 -3.036244
52046 -28.359728 -62.116112 32.415788 -4.067629
52047 -28.140404 -61.995150 33.192898 -3.897335
52048 -28.064238 -61.597704 32.591117 -3.871591
52049 -27.601731 -61.193892 32.778318 -3.639543
52050 -27.883456 -61.238457 32.023124 -3.784359
52051 -27.683404 -60.872844 31.608544 -3.650567
52052 -28.031201 -61.291208 31.323634 -3.915742
52053 -27.959623 -63.484889 25.719496 -3.624579
52054 -27.882539 -62.800046 26.138642 -3.664814
52055 -27.812796 -63.051973 25.268389 -3.384018
52056 -27.676062 -62.693636 24.812716 -3.151511
52057 -27.814631 -63.358470 24.347911 -3.048689
61639 -29.137914 -66.912744 31.495311 -3.637702
61645 -29.114054 -65.306591 32.591117 -3.748861
61646 -28.971815 -64.840024 30.730985 -4.435756
61647 -29.024122 -64.555355 31.722690 -4.244079
61648 -28.920425 -64.113344 31.194877 -4.403227
61649 -28.756162 -63.400307 31.617676 -4.332936
61650 -28.800210 -63.670424 30.648800 -4.481427
61651 -28.643288 -63.220228 30.208651 -4.475285
61652 -28.697431 -63.934175 29.769415 -4.570638
61653 -28.440483 -65.150159 27.547667 -4.478808
61654 -28.455166 -64.431665 28.021603 -4.496229
61655 -28.350551 -64.706329 27.155916 -4.314664
61656 -28.219324 -64.300698 26.694764 -4.103717
61657 -28.305585 -64.980994 26.271052 -4.042166
68846 -29.486629 -70.490664 27.623460 -3.475860
68847 -29.444416 -70.262383 28.373175 -3.473574
68848 -29.450840 -69.874032 27.856319 -3.692527
68849 -29.342554 -69.231025 28.101963 -3.893301
68850 -29.432486 -69.452030 27.384209 -3.873015
68851 -29.346225 -69.082779 26.841785 -3.994464
68852 -29.478370 -69.713962 26.597055 -3.770131
68854 -29.595832 -70.062296 25.050141 -3.373867
87016 -28.674489 -63.469428 34.675890 -3.589568
87018 -28.331280 -62.991038 34.908748 -3.594373
87033 -27.152072 -60.078862 30.537393 -3.313920
87034 -26.678553 -59.695968 30.794907 -3.014429
87035 -26.820792 -59.671412 30.106376 -3.138373
87036 -26.491348 -59.266690 29.768502 -2.967643
87037 -26.988726 -59.710520 29.468981 -3.243349
87038 -28.279890 -62.369859 29.311916 -4.256159
87039 -28.109203 -61.703205 29.694535 -4.078967
87040 -28.058732 -61.929667 28.870854 -4.082112
87041 -27.580625 -61.419445 27.081036 -3.599143
87042 -27.632932 -61.151147 27.992382 -3.690055
87043 -27.433797 -60.763705 27.563191 -3.489521
87044 -27.166755 -60.134341 27.933026 -3.331563
87045 -27.190614 -60.384449 27.119389 -3.289630
87046 -26.907971 -59.987004 26.713028 -3.090297
87047 -27.157578 -60.670028 26.242744 -3.182117
87053 -29.187468 -68.239685 25.817206 -3.996908
87054 -28.992004 -67.374763 26.278358 -4.169451
87055 -29.071841 -67.735829 25.316787 -3.869415
87056 -29.075512 -67.031887 23.471266 -2.987813
87057 -28.858024 -66.788144 24.346998 -3.419606
87058 -28.762586 -66.307935 23.863930 -3.142432
87059 -28.466178 -65.571251 24.342432 -3.292454
96886 -29.152596 -68.746269 29.650703 -3.680812
96887 -29.106713 -68.438862 30.519129 -3.476775
96888 -29.084689 -67.984119 30.121900 -3.789951
96889 -29.081018 -67.241978 30.603141 -3.877390
96890 -29.100289 -66.458910 31.088036 -3.944260
96891 -29.108548 -65.694032 31.636852 -3.991527
96892 -29.030546 -66.025994 30.729159 -4.217049
96893 -28.951626 -65.550333 30.287184 -4.432734
96894 -28.841506 -65.099228 29.772155 -4.570846
96895 -28.710278 -64.651760 29.311916 -4.619680
96896 -28.677242 -65.386625 28.903728 -4.622920
96897 -28.587310 -65.579437 28.042606 -4.573373
96898 -28.567122 -65.829545 27.133087 -4.415937
101211 -29.469193 -71.237352 28.772231 -3.062427
101212 -29.542607 -71.465633 28.051738 -3.073969
101213 -29.536183 -71.132761 27.426215 -3.253720
101214 -29.539854 -70.683475 26.806171 -3.412763
101215 -29.513241 -70.354241 26.354151 -3.533689
101216 -29.614185 -70.985425 26.122205 -3.296587
112114 -28.557027 -62.880080 33.598346 -3.947209
112115 -28.305585 -62.686360 34.383674 -3.749721
112116 -28.216571 -62.360764 33.806550 -3.855192
112117 -27.808207 -61.946947 33.965441 -3.724095
112124 -27.184190 -60.478127 31.768349 -3.361700
112125 -27.445727 -60.483583 31.072512 -3.488384
112126 -27.569613 -60.530877 30.351106 -3.599473
112127 -28.117463 -62.902818 27.550407 -4.094990
112128 -28.004589 -62.197966 28.026169 -4.017281
112129 -27.932093 -62.499915 27.081949 -3.878167
112130 -27.752229 -62.098832 26.611665 -3.657456
112131 -27.554930 -61.700476 26.167864 -3.438458
112132 -27.355795 -61.331225 25.800768 -3.222871
112133 -27.543918 -61.986055 25.310395 -3.211718
112137 -29.226010 -67.985938 24.419139 -3.507109
126239 -28.915837 -64.140629 34.232088 -3.560799
126240 -28.858024 -63.803209 33.790112 -3.799357
126241 -29.106713 -64.963714 32.169232 -4.018854
126242 -28.957132 -64.175189 32.756401 -4.023787
126243 -28.782775 -63.476704 33.226685 -4.001789
126244 -28.688254 -63.114728 32.639515 -4.147684
126245 -28.569875 -62.721830 32.068783 -4.221744
126246 -28.424883 -62.302557 31.530011 -4.218763
126247 -28.261537 -61.880555 31.015895 -4.145725
126248 -28.440483 -62.519924 30.664324 -4.333354
126249 -28.448742 -62.715463 29.830598 -4.394133
126250 -28.401023 -63.030146 28.922904 -4.385602
126251 -28.568957 -64.186103 28.906467 -4.580220
126252 -28.468013 -63.737726 28.480929 -4.465641
126253 -28.304668 -63.310268 28.011558 -4.296675
126254 -28.182617 -63.616765 27.089255 -4.122921
126255 -28.091768 -63.902343 26.201651 -3.868016
126256 -28.073414 -64.162457 25.279347 -3.543224
135588 -29.303094 -69.844019 29.886301 -3.260500
135589 -29.421474 -70.639820 28.937515 -3.235575
135590 -29.399450 -70.004089 29.111931 -3.400226
135591 -29.278317 -69.422927 29.332006 -3.550152
135592 -29.249869 -69.018205 28.799626 -3.826511
135593 -29.153514 -68.557095 28.399657 -4.068961
135594 -29.065417 -68.031412 28.031648 -4.255048
135595 -28.978239 -67.554841 27.573236 -4.364301
135596 -29.117725 -68.367922 27.163221 -4.195620
135597 -29.271894 -68.688971 26.317624 -4.039068
135598 -29.386603 -68.936351 25.540514 -3.800949
135599 -29.493052 -69.936787 25.801682 -3.598025
135600 -29.491217 -69.516604 25.274781 -3.590190
157670 -27.933928 -62.587226 35.070380 -3.569410
157694 -28.086262 -61.464919 30.519129 -4.018902
157695 -27.882539 -61.092030 30.057064 -3.857827
157696 -27.632014 -60.678214 29.618742 -3.679661
157697 -27.837573 -61.524036 28.438010 -3.889521
157698 -27.643944 -60.879210 28.857156 -3.714063
157699 -27.362219 -60.268945 29.180419 -3.495952
157700 -27.085999 -59.902422 28.733878 -3.312638
157701 -26.780415 -59.542265 28.313819 -3.131453
157712 -28.880048 -67.047348 27.126695 -4.383577
157713 -28.764421 -66.538035 26.710288 -4.311203
157714 -28.610252 -66.147866 26.217175 -4.158075
157715 -28.957132 -67.252892 24.797192 -3.669844
157716 -28.709361 -66.490742 25.289392 -3.817989
157717 -28.466178 -65.704946 25.789810 -3.944560
157718 -28.322103 -65.260207 25.326832 -3.694373
157719 -28.204641 -64.838205 24.832806 -3.429267
