#!ascii label  , from subject fsaverage vox2ras=TkReg coords=white
508
1325 -5.927242 -49.981742 8.692487 -2.700272
1326 -5.278448 -50.704784 12.555205 -2.595905
1731 -4.317646 -42.714035 21.455895 -2.200297
2392 -4.273597 -44.943187 25.326832 -2.540011
2393 -6.420949 -46.973161 20.319909 -2.053231
2396 -5.341767 -51.949871 15.624377 -2.564915
3846 -4.630572 -41.080598 23.214665 -2.337964
5335 -8.014027 -46.576625 24.815456 -2.016984
5336 -5.628081 -45.135998 26.562354 -2.202196
5337 -6.075905 -46.689401 24.037433 -2.107118
5338 -4.679208 -46.277404 22.781821 -2.295821
5339 -7.519402 -47.445184 21.493335 -1.855772
5346 -5.630834 -52.434628 17.124719 -2.104478
5347 -4.109334 -54.791107 15.182402 -2.270676
5348 -4.275433 -54.177204 13.606266 -2.742980
5417 -6.480598 -51.778888 9.111633 -3.214975
6995 -5.379392 -50.488326 10.261316 -2.593227
6996 -5.110514 -52.519210 10.567229 -3.067934
7881 -4.026744 -44.237425 19.307201 -1.838611
9732 -6.151154 -42.714035 27.589673 -1.951694
9733 -4.498427 -42.821355 26.988806 -2.471585
9734 -4.213031 -42.025554 25.062012 -2.705447
9735 -4.135947 -43.923653 23.276760 -2.649786
9736 -4.091898 -45.443405 21.015746 -2.307450
9737 -5.589539 -46.492952 18.757471 -2.078359
9744 -8.020451 -49.826220 19.015899 -1.832547
9745 -7.656135 -49.215045 17.614179 -2.141562
9746 -7.128474 -48.710280 16.170454 -2.233840
9747 -5.214211 -51.331420 14.102119 -2.698389
9748 -4.597535 -53.481447 12.052047 -2.942893
11526 -4.669114 -40.049240 23.943376 -2.189113
13015 -8.300341 -47.159606 23.509619 -1.968525
13016 -7.022942 -46.590267 24.494932 -2.051462
13017 -7.473519 -47.094123 23.133392 -1.941761
13018 -6.702674 -47.017726 22.694157 -1.970322
13019 -8.115889 -47.664371 21.956313 -1.825079
13026 -4.039591 -55.065772 16.014302 -2.006601
15497 -5.863005 -49.545189 12.652915 -2.215372
15498 -5.727189 -49.544279 11.466704 -2.190558
15499 -5.290378 -50.658400 11.362602 -2.573522
15500 -5.142633 -51.546969 10.313367 -2.907447
15501 -4.858154 -51.713405 11.326075 -2.876973
17301 -4.113922 -43.462543 20.415792 -2.010784
21768 -4.754457 -45.159645 26.104855 -2.383584
21769 -4.947168 -44.064623 26.963237 -2.341305
21770 -4.397483 -43.918196 26.222654 -2.546526
21771 -4.204772 -42.530319 26.065588 -2.642378
21772 -4.191007 -43.572591 25.251952 -2.689664
21773 -4.202019 -43.068735 24.244723 -2.732501
21774 -4.167147 -44.480258 24.273031 -2.643253
21775 -5.361038 -46.619371 21.539907 -2.148397
21776 -4.320399 -45.918156 21.905176 -2.351279
21777 -4.929733 -46.361076 20.742707 -2.201535
21778 -4.595700 -46.016381 19.891631 -2.155493
21779 -6.027268 -46.733056 19.555584 -2.114328
21798 -5.445464 -52.189066 16.423403 -2.351082
21799 -6.837572 -50.873949 17.326530 -2.142611
21800 -6.699004 -50.672043 16.579555 -2.331961
21801 -7.422129 -48.978579 16.890947 -2.237643
21802 -6.531070 -50.525615 15.809751 -2.444256
21803 -6.424620 -50.212752 15.151354 -2.451436
21804 -5.243576 -51.681573 14.848181 -2.684031
21805 -5.037100 -54.715620 13.128677 -2.561480
21806 -4.447037 -53.855246 12.829157 -2.871058
21807 -5.240823 -54.258148 12.353394 -2.723554
21808 -5.502360 -53.879802 11.697736 -2.864746
22012 -6.063057 -48.831242 8.960959 -2.308208
22014 -6.450315 -49.705258 8.150062 -2.739426
24276 -6.155742 -49.563379 13.691191 -2.285899
25356 -4.533298 -41.901864 22.378199 -2.333515
28037 -6.779759 -45.951807 25.758763 -2.086212
28038 -5.747378 -46.081864 25.423628 -2.203561
28039 -4.891190 -46.051851 24.882117 -2.327539
28040 -4.405742 -45.743535 24.113226 -2.444738
28041 -5.272024 -46.598452 23.455742 -2.197379
28042 -5.915312 -46.862204 22.199217 -2.051835
28043 -6.972470 -47.194166 20.957303 -1.946715
28055 -4.389224 -53.964384 16.963088 -1.994884
28056 -4.354352 -53.624236 16.140319 -2.247068
28057 -4.361694 -53.440520 15.306593 -2.519265
28058 -4.382800 -53.117652 14.540442 -2.737701
28059 -4.188254 -54.545546 14.344110 -2.535632
28060 -4.946251 -55.143988 13.855562 -2.358953
28183 -6.113529 -50.990363 8.757322 -3.021065
28184 -6.702674 -50.602012 8.290691 -3.053430
28185 -7.167016 -51.375985 8.688834 -3.240144
31680 -5.849240 -49.115002 9.664102 -2.256409
31682 -5.759308 -49.330550 10.473172 -2.209780
31683 -5.614316 -50.206386 9.432156 -2.643203
31684 -5.575774 -51.282308 9.450420 -2.963340
31685 -5.766649 -52.182700 9.746287 -3.147743
31686 -6.151154 -52.811155 10.369071 -3.136454
39435 -5.838228 -43.996411 27.313895 -2.099580
39436 -5.165574 -42.839545 27.551320 -2.231410
39437 -4.528710 -41.541707 27.585107 -2.359108
39438 -4.143288 -41.284323 26.765992 -2.527842
39439 -4.081804 -40.849588 25.834556 -2.578185
39440 -4.253409 -40.425767 24.850156 -2.470324
39441 -4.348846 -41.534431 24.113226 -2.614340
39442 -4.302045 -42.453013 23.214665 -2.624786
39443 -4.157053 -43.256999 22.278663 -2.509064
39444 -4.146959 -45.287882 23.164440 -2.516120
39445 -4.014814 -44.643056 22.152645 -2.490287
39446 -4.000131 -44.109188 21.241299 -2.321798
39447 -3.980860 -44.867700 20.162843 -2.129617
39448 -4.314893 -45.619845 19.000375 -1.988343
39449 -5.221552 -46.209192 17.933790 -1.934786
39468 -8.588490 -48.810324 20.765537 -1.749988
39469 -8.203985 -48.424701 20.232244 -1.803617
39470 -7.833246 -48.113657 19.582066 -1.918527
39471 -6.979811 -51.144066 18.067113 -1.942398
39472 -7.800210 -49.509719 18.319148 -1.985066
39473 -7.498296 -47.789880 18.932800 -2.045521
39474 -7.095438 -47.489749 18.244268 -2.122292
39475 -6.739381 -47.246916 17.502772 -2.102573
39476 -6.340194 -47.061381 16.772235 -1.986189
39477 -6.808207 -48.329205 15.544931 -2.141952
39478 -6.279628 -49.905345 14.404379 -2.380245
39479 -5.223388 -51.058574 13.276611 -2.650188
39480 -4.428684 -52.765681 13.731371 -2.856549
39481 -4.517698 -52.491016 12.935998 -2.886709
39482 -4.640666 -52.115398 12.142451 -2.877501
39483 -4.789329 -53.009423 11.267632 -2.999446
39484 -5.841898 -53.319558 11.042079 -3.003312
43736 -7.843340 -47.133231 23.316027 -1.949748
43737 -8.158102 -47.438818 22.689591 -1.893411
43738 -7.794704 -47.372425 22.522480 -1.880571
43739 -8.457263 -47.806251 22.101508 -1.838506
46217 -5.544573 -50.155454 12.569816 -2.411508
46218 -5.526219 -50.129989 11.960730 -2.393224
46219 -5.266518 -50.702056 11.922377 -2.579478
46220 -5.048112 -51.228648 11.298680 -2.741181
46221 -5.020582 -51.231377 11.924203 -2.744346
48017 -4.616807 -42.199266 21.462287 -2.076491
48019 -4.480991 -42.575793 20.967348 -2.000134
48020 -4.361694 -42.953230 20.455058 -1.912667
48021 -4.166230 -43.076921 20.946345 -2.107568
52488 -4.468144 -45.107804 25.740499 -2.466296
52489 -4.527792 -44.576664 26.213522 -2.469757
52490 -4.314893 -44.486625 25.814466 -2.555043
52491 -4.224961 -43.768130 25.790724 -2.627935
52492 -4.220372 -44.271986 25.317700 -2.626046
52493 -4.178159 -44.055528 24.788060 -2.678307
52494 -4.198348 -44.726729 24.819108 -2.600685
52495 -5.858416 -46.777621 20.948171 -2.091671
52496 -5.104090 -46.510232 21.158201 -2.184284
52497 -5.628081 -46.663026 20.561899 -2.129064
52498 -5.423440 -46.517508 20.155538 -2.147640
52499 -6.226403 -46.834009 19.952813 -2.093300
52518 -5.388569 -52.069014 16.007909 -2.466793
52519 -6.112612 -51.426007 16.510154 -2.354086
52520 -6.034609 -51.331420 16.133014 -2.448503
52521 -6.629261 -50.612926 16.185978 -2.400829
52522 -5.950184 -51.254114 15.733958 -2.520528
52523 -5.874017 -51.186812 15.351339 -2.565594
52524 -5.259177 -51.816177 15.274632 -2.638440
52525 -5.723519 -54.666508 13.140549 -2.427195
52526 -5.182092 -54.473696 12.774366 -2.646635
52527 -5.829051 -54.468239 12.758843 -2.522751
52528 -5.932748 -54.183570 12.440145 -2.614669
52732 -5.967619 -49.431503 8.789283 -2.509426
52733 -6.164919 -49.278709 8.478804 -2.532101
52734 -6.170425 -49.850776 8.375616 -2.723550
55820 -6.331935 -48.875807 13.775203 -2.089517
55821 -6.475092 -48.793953 14.294798 -2.140925
57617 -4.973781 -40.459418 23.164440 -2.087535
57619 -4.910462 -40.940537 22.780908 -2.141055
57620 -4.832459 -41.353444 22.380025 -2.154993
57621 -4.610383 -41.493504 22.816522 -2.355043
62085 -7.867200 -46.242843 25.415410 -2.001560
62086 -7.280808 -45.871773 25.873822 -2.024453
62087 -7.385422 -46.292865 25.319527 -2.044493
62088 -6.511799 -46.659388 24.249289 -2.074766
62089 -6.391584 -46.364714 24.971608 -2.121019
62090 -5.869429 -46.421103 24.751534 -2.164694
62091 -5.212376 -46.149166 25.210859 -2.264801
62092 -5.441794 -46.435654 24.477582 -2.214307
62093 -5.053618 -46.392908 24.183540 -2.268359
62094 -5.641846 -46.703043 23.764394 -2.148781
62095 -7.071579 -47.203261 22.112466 -1.907180
62096 -6.300734 -46.947695 22.443034 -2.006139
62097 -6.690745 -47.052286 21.899697 -1.944090
62098 -6.429208 -46.994079 21.598350 -1.991456
62099 -7.211065 -47.344231 21.244952 -1.895919
62118 -4.079051 -54.900246 15.595156 -2.134362
62119 -4.099240 -54.360920 16.053568 -2.142193
62120 -4.137782 -54.224497 15.643554 -2.279343
62121 -4.389224 -53.532378 15.741263 -2.385370
62122 -4.137782 -54.149919 15.207970 -2.418969
62123 -4.167147 -54.030776 14.788824 -2.551805
62124 -4.150629 -54.703796 14.764169 -2.407213
62126 -4.869166 -55.350441 14.231789 -2.242258
62127 -5.465653 -55.357717 14.217179 -2.106132
62128 -5.562926 -55.154902 13.834559 -2.219111
62332 -6.280545 -51.407817 8.894298 -3.137143
62333 -6.599895 -51.244110 8.641349 -3.156494
62334 -6.837572 -51.642465 8.875121 -3.234257
69535 -5.497771 -50.063596 10.850313 -2.391110
69536 -5.735448 -49.455150 10.944369 -2.195445
69537 -5.536314 -49.917169 10.354460 -2.405523
69538 -5.614316 -49.751642 9.945359 -2.427459
69539 -5.489512 -50.332804 9.843997 -2.615744
69540 -5.568432 -50.762991 9.416632 -2.815753
69541 -5.386733 -50.915785 9.785554 -2.787502
69542 -5.093078 -52.051734 10.396466 -3.012378
69543 -5.356450 -51.907125 9.961796 -3.043391
69544 -5.394075 -52.370964 10.108817 -3.107526
69545 -5.928160 -52.512843 10.039416 -3.168799
69546 -5.548243 -52.758405 10.407424 -3.118189
74942 -4.190089 -43.679001 19.375689 -1.742462
74944 -4.128605 -44.123740 18.810435 -1.674573
74946 -4.089145 -44.713087 18.755645 -1.775828
88342 -5.760226 -42.169253 27.764089 -2.029952
88343 -6.145648 -45.058692 26.676501 -2.105573
88344 -6.227321 -44.495720 27.070078 -2.046016
88345 -5.724436 -44.562112 26.971455 -2.161009
88346 -4.712244 -43.460724 26.992458 -2.410448
88347 -5.056371 -43.467090 27.270976 -2.291261
88348 -4.793917 -42.853187 27.312069 -2.358083
88349 -4.851731 -42.211999 27.594239 -2.300012
88350 -4.524122 -42.203813 27.310242 -2.416586
88351 -4.300210 -41.454397 27.216185 -2.455600
88352 -4.303881 -42.108317 26.920318 -2.515057
88353 -4.196513 -42.282029 25.560604 -2.690142
88354 -4.130441 -41.693592 25.961487 -2.638042
88355 -4.163477 -41.463491 25.482985 -2.651903
88356 -4.150629 -40.647682 25.354227 -2.546067
88357 -4.197431 -41.217930 25.020919 -2.626555
88358 -4.308469 -40.982373 24.514109 -2.557028
88359 -4.252491 -41.782721 24.596294 -2.682093
88360 -4.152465 -43.491646 23.784484 -2.703593
88361 -4.247903 -42.785885 23.721475 -2.700650
88362 -4.191925 -43.185149 23.238407 -2.663452
88363 -4.227714 -42.870467 22.763558 -2.579966
88364 -4.124935 -43.559858 22.743468 -2.600579
88365 -4.518616 -46.026385 23.435652 -2.373650
88366 -4.283692 -45.506159 23.626505 -2.489220
88367 -4.336917 -45.782643 22.980893 -2.413280
88368 -4.189172 -45.668957 21.474158 -2.344870
88369 -4.088228 -45.338814 22.045804 -2.432243
88370 -4.033167 -45.065968 21.599263 -2.398271
88371 -4.001967 -44.401133 21.692407 -2.425559
88372 -3.985448 -44.810402 21.160027 -2.328742
88373 -3.986366 -44.492082 20.709833 -2.222443
88374 -4.057027 -45.177834 20.576510 -2.235622
88375 -5.027006 -46.271947 19.336422 -2.105442
88376 -4.437861 -45.826298 19.467919 -2.086268
88377 -4.870084 -46.112787 18.884402 -2.040357
88378 -4.690220 -45.960902 18.450645 -1.949100
88379 -5.372968 -46.361986 18.347457 -2.018509
88426 -8.805060 -48.984036 20.932647 -1.754799
88427 -8.700446 -49.731634 20.447753 -1.732526
88429 -8.384767 -49.299627 19.908068 -1.761795
88430 -8.293917 -49.103178 19.567455 -1.807484
88431 -8.007604 -48.269179 19.899849 -1.855968
88432 -8.091112 -48.945837 19.260629 -1.868686
88435 -6.284216 -51.774340 17.615093 -2.020300
88436 -7.378081 -50.059049 17.438850 -2.145067
88437 -7.452412 -50.213661 17.779464 -2.053848
88438 -7.732302 -49.354197 17.960272 -2.066966
88439 -7.821316 -48.621150 18.582142 -2.012890
88440 -7.674489 -48.467447 18.257053 -2.080417
88441 -7.271631 -47.658914 18.605884 -2.093884
88442 -7.606581 -48.316473 17.900915 -2.133993
88443 -7.197300 -48.852160 16.552160 -2.248729
88444 -7.265207 -48.022708 17.237952 -2.174201
88445 -7.032119 -47.929031 16.838896 -2.155394
88446 -6.530152 -47.138687 17.131111 -2.054428
88447 -6.864185 -47.772600 16.482759 -2.112815
88448 -6.676980 -47.608892 16.165888 -2.051789
88449 -6.940351 -48.540206 15.870934 -2.196287
88450 -5.815286 -50.798461 14.684723 -2.576330
88451 -6.370477 -50.039040 14.807088 -2.422358
88452 -5.768485 -50.637482 14.275622 -2.551392
88453 -5.698742 -50.515611 13.861955 -2.515596
88454 -5.205034 -51.184993 13.699410 -2.678399
88455 -4.191925 -53.680624 14.030891 -2.765491
88456 -4.359859 -52.944850 14.141385 -2.810251
88457 -4.263503 -53.506003 13.650099 -2.837516
88458 -4.534216 -53.680624 12.425535 -2.911448
88459 -4.393812 -53.223152 12.813633 -2.916457
88460 -4.448873 -53.057626 12.424622 -2.933485
88461 -4.552570 -52.297295 12.557031 -2.883555
88462 -4.524122 -52.822069 12.063005 -2.944028
88463 -4.594782 -52.595607 11.637467 -2.953827
88464 -4.688385 -53.244071 11.686778 -2.970794
88465 -6.185108 -53.714275 11.807317 -2.794457
88466 -5.654693 -53.571486 11.421045 -2.933897
88467 -6.299817 -53.474171 11.486794 -2.883550
88468 -6.495281 -53.216786 11.085911 -2.970427
94475 -4.987546 -39.972843 23.508706 -1.997776
94476 -4.681044 -40.558552 23.610068 -2.281256
97155 -8.126901 -46.862204 24.152493 -2.003453
97156 -7.521238 -46.558435 24.663869 -2.034202
97157 -7.668065 -46.834009 23.959813 -1.999691
97158 -7.172522 -46.881303 23.770787 -2.001619
97159 -6.758652 -46.864932 23.587239 -2.014172
97160 -6.344783 -46.869479 23.358033 -2.039467
97161 -7.076167 -47.071385 22.943453 -1.948320
97162 -7.416623 -47.277839 22.358109 -1.885188
97163 -7.799292 -47.572513 21.752676 -1.831157
97176 -4.246067 -55.540524 15.624377 -1.960054
97177 -4.328658 -55.375907 15.232626 -2.085014
97178 -4.330493 -55.267678 14.842702 -2.216361
101623 -6.085999 -48.912186 12.727795 -2.017008
101624 -6.016256 -48.925828 12.170760 -1.999326
101625 -5.785003 -49.537913 12.034697 -2.196901
101626 -5.513372 -50.100885 11.415566 -2.386526
101627 -5.328002 -50.587460 10.852139 -2.578463
101628 -5.263765 -51.020376 10.265882 -2.763974
101629 -5.131620 -51.134062 10.796435 -2.747911
101630 -4.982958 -51.658836 10.801001 -2.888087
101631 -4.873755 -52.150868 10.882274 -2.986550
104870 -4.226796 -43.301564 19.928158 -1.824000
104871 -4.055191 -43.812695 19.859670 -1.918746
112909 -6.508128 -43.229714 27.444479 -1.884816
112910 -5.173833 -45.177834 26.374241 -2.294973
112911 -5.236235 -44.601220 26.849090 -2.270491
112912 -4.843472 -44.614862 26.558701 -2.373988
112913 -4.620477 -44.010054 26.623537 -2.449774
112914 -4.469979 -43.389784 26.615318 -2.517051
112915 -4.303881 -42.753143 26.543178 -2.567826
112916 -4.295621 -43.259727 26.163298 -2.607315
112917 -4.207525 -43.081468 25.678403 -2.676930
112918 -4.193760 -42.826812 25.154243 -2.720882
112919 -4.225878 -42.575793 24.648345 -2.733228
112920 -4.159806 -43.334305 24.751534 -2.726568
112921 -4.153382 -43.772678 24.282163 -2.706261
112922 -4.142370 -44.200136 23.778092 -2.661827
112923 -4.925144 -46.492043 22.155385 -2.218432
112924 -4.480074 -46.101873 22.348064 -2.332576
112925 -4.742528 -46.322878 21.733499 -2.254055
112926 -4.530545 -46.191002 21.329877 -2.271296
112927 -4.394730 -45.969997 20.893381 -2.263207
112928 -4.281856 -45.773548 20.417618 -2.224540
112929 -4.687467 -46.201007 20.329954 -2.193449
112930 -5.244494 -46.394727 19.743697 -2.141042
112931 -5.827216 -46.600271 19.168399 -2.110399
112964 -5.521631 -52.305480 16.765842 -2.227034
112965 -6.212638 -51.661564 17.228821 -2.130600
112966 -6.140142 -51.541512 16.888207 -2.244987
112967 -6.824725 -50.751168 16.953956 -2.243188
112968 -7.276219 -49.969010 17.066276 -2.226971
112969 -7.501967 -49.093174 17.263521 -2.200650
112970 -7.137651 -49.888975 16.695528 -2.291337
112971 -7.038542 -49.773470 16.332086 -2.332004
112972 -6.941269 -49.673426 15.963164 -2.346098
112973 -6.859596 -49.510628 15.640814 -2.334469
112974 -6.460409 -50.399197 15.472790 -2.460471
112975 -5.820792 -50.998548 14.997028 -2.583109
112976 -5.174751 -51.501494 14.491130 -2.702519
112977 -4.587441 -54.520990 13.313138 -2.671760
112978 -4.369953 -53.998035 13.230953 -2.816340
112979 -4.670032 -54.368196 12.909516 -2.749385
112980 -4.783823 -54.145372 12.540594 -2.813534
112981 -4.846225 -53.989850 12.106838 -2.868137
112982 -4.973781 -53.762478 11.791793 -2.917528
112983 -5.400498 -54.040781 12.057526 -2.795279
112984 -6.048375 -53.978936 12.115969 -2.704834
113352 -6.210802 -48.634793 8.612127 -2.328992
113353 -6.359465 -49.168661 8.168326 -2.547716
118084 -6.243839 -48.896725 13.283003 -2.047391
118085 -5.972208 -49.569745 13.170683 -2.245668
118086 -5.682223 -50.170006 13.124111 -2.440199
120605 -4.743445 -41.796363 21.954487 -2.131269
120606 -4.422260 -42.325685 21.921613 -2.278978
126858 -6.687992 -45.472508 26.308492 -2.059532
126859 -6.173178 -45.569823 26.181561 -2.139750
126860 -6.899056 -46.294684 25.194422 -2.082213
126861 -6.273204 -46.040937 25.617221 -2.144558
126862 -5.631752 -45.668048 26.048238 -2.217014
126863 -5.166492 -45.689875 25.815379 -2.293086
126864 -4.745281 -45.650767 25.545080 -2.367609
126865 -4.490168 -45.547086 25.186204 -2.438485
126866 -4.324069 -45.364279 24.752447 -2.502092
126867 -4.606712 -45.936346 24.543330 -2.388987
126868 -4.770058 -46.237386 23.836535 -2.323219
126869 -4.925144 -46.499318 23.181791 -2.248393
126870 -5.915312 -46.838557 23.042988 -2.076682
126871 -5.534478 -46.748518 22.784561 -2.122651
126872 -5.210540 -46.641198 22.523393 -2.172115
126873 -5.638175 -46.749427 21.910655 -2.101621
126874 -6.137389 -46.892217 21.310701 -2.043130
126875 -6.692580 -47.119588 20.635866 -2.001678
126901 -4.937074 -53.205872 17.061710 -2.060117
126902 -4.099240 -54.530085 16.475454 -2.016259
126903 -4.419507 -53.787944 16.553073 -2.114052
126904 -4.923309 -53.043984 16.656262 -2.184383
126905 -4.834295 -52.913927 16.283687 -2.316714
126906 -4.815941 -52.812974 15.873673 -2.447590
126907 -4.794835 -52.682917 15.459093 -2.567090
126908 -4.752622 -52.534671 15.091998 -2.666493
126909 -4.365365 -53.292273 14.902971 -2.639261
126910 -4.173571 -53.860702 14.398900 -2.669334
126911 -4.224043 -54.351825 13.971535 -2.649035
126912 -4.418589 -55.103061 14.439993 -2.346674
126913 -4.465391 -54.922073 14.029978 -2.469053
126914 -4.498427 -54.729262 13.661057 -2.578330
126915 -4.993970 -54.913888 13.503991 -2.465810
126916 -5.655611 -54.912978 13.503991 -2.326277
127201 -5.977714 -50.533801 8.698879 -2.873155
127202 -6.262192 -50.345537 8.428580 -2.895648
127203 -6.403513 -50.804828 8.515331 -3.041881
127204 -6.909151 -50.983997 8.441364 -3.164812
136457 -5.930913 -49.004954 9.285135 -2.283102
136458 -5.822627 -49.559741 9.143594 -2.482430
136462 -5.979549 -48.930376 11.579024 -1.993935
136463 -5.972208 -48.810324 11.119698 -1.999424
136465 -5.768485 -49.185942 10.081422 -2.231016
136466 -5.710671 -49.668879 9.544476 -2.454092
136467 -5.775826 -50.119984 9.065974 -2.672444
136468 -5.759308 -50.640211 9.020315 -2.845462
136469 -5.804274 -51.136790 9.040405 -2.993752
136470 -5.960278 -51.566068 9.175555 -3.109429
136471 -5.361038 -51.416003 9.859521 -2.933420
136472 -5.647352 -51.751603 9.539910 -3.076882
136473 -6.135553 -51.959876 9.436722 -3.184920
136474 -6.320923 -52.310937 9.723458 -3.213940
136475 -6.520975 -52.578326 10.030284 -3.193206
136476 -6.783430 -52.812974 10.428427 -3.123209
159262 -6.381489 -43.857260 27.288326 -1.969146
159263 -5.986891 -43.344310 27.459089 -2.026632
159264 -5.365627 -44.029153 27.168701 -2.223927
159265 -5.460147 -43.422525 27.455437 -2.162544
159266 -5.639093 -42.800437 27.590586 -2.095025
159267 -5.291295 -42.221094 27.725736 -2.169832
159270 -4.261668 -40.845950 27.532143 -2.396227
159271 -4.124017 -40.681333 27.060946 -2.460949
159272 -4.044179 -40.514897 26.587923 -2.494409
159273 -4.163477 -41.924601 26.456426 -2.590609
159274 -4.073545 -41.086964 26.303013 -2.570474
159275 -4.029497 -40.254784 26.103029 -2.491597
159279 -4.418589 -40.212947 24.381699 -2.350036
159280 -4.463555 -40.741359 24.045651 -2.441000
159281 -4.479156 -41.276137 23.655727 -2.498942
159282 -4.283692 -42.332961 24.178061 -2.707444
159283 -4.349764 -42.031921 23.690427 -2.637285
159284 -4.448873 -41.753618 23.242060 -2.519120
159285 -4.391059 -42.168343 22.792779 -2.501529
159286 -4.309387 -42.588526 22.334367 -2.450592
159287 -4.193760 -42.976877 21.868649 -2.373951
159288 -4.228631 -45.166921 24.265726 -2.553671
159289 -4.174489 -44.889527 23.732433 -2.587563
159290 -4.140535 -44.606677 23.261236 -2.597379
159291 -4.213949 -45.592560 22.517914 -2.435138
159292 -4.093734 -44.956829 22.645758 -2.518680
159293 -4.077216 -44.258344 22.717899 -2.576496
159294 -4.058862 -43.931838 22.203783 -2.518748
159295 -4.055191 -43.692643 21.765460 -2.420129
159296 -4.106581 -43.387055 21.347227 -2.280923
159297 -4.035003 -43.779044 20.806630 -2.180964
159298 -3.994625 -44.124649 20.266945 -2.082897
159299 -3.997378 -44.520276 19.720868 -1.994238
159300 -4.180913 -45.526168 20.013083 -2.152900
159301 -4.112087 -45.230585 19.598503 -2.049853
159302 -4.044179 -44.969562 19.158354 -1.921064
159303 -4.268091 -45.395202 18.587621 -1.868001
159360 -8.655480 -48.298283 21.528949 -1.790941
159361 -8.438909 -48.103653 21.354533 -1.780399
159362 -8.186550 -47.994514 21.134458 -1.790713
159363 -8.562795 -49.545189 20.157364 -1.735932
159364 -8.437074 -48.570219 20.521720 -1.766997
159365 -7.922260 -47.870824 20.855941 -1.820313
159366 -7.685501 -47.725306 20.571031 -1.865622
159367 -7.452412 -47.604345 20.267858 -1.921475
159368 -7.266125 -47.436999 19.942769 -1.981174
159371 -7.630441 -50.513792 18.520959 -1.878286
159372 -6.907315 -51.007643 17.691799 -2.039403
159373 -7.499214 -50.351903 18.157517 -1.962180
159374 -7.966308 -49.686159 18.660675 -1.904364
159375 -7.976403 -48.749388 18.940105 -1.939585
159376 -7.644206 -47.943583 19.255150 -1.984376
159377 -7.022942 -47.302395 19.613113 -2.036952
159378 -6.810960 -47.144144 19.299895 -2.080717
159379 -6.612743 -47.025911 18.924582 -2.105118
159380 -6.382407 -46.900402 18.545615 -2.104670
159381 -7.366151 -48.191873 17.563042 -2.166731
159382 -6.889880 -47.386068 17.888131 -2.125783
159383 -6.187861 -46.774893 18.157517 -2.076918
159384 -5.979549 -46.647565 17.746589 -2.022894
159385 -5.800603 -46.562982 17.381320 -1.946967
159387 -6.175013 -46.896764 16.477280 -1.904740
159388 -6.509046 -47.477926 15.867281 -1.979369
159389 -6.686156 -48.172774 15.227147 -2.078017
159390 -6.828396 -49.348740 15.297461 -2.301358
159391 -6.685239 -49.143196 14.962327 -2.253207
159392 -6.591636 -48.937652 14.622627 -2.197404
159393 -6.177766 -49.711625 14.050981 -2.332520
159394 -5.670294 -50.349175 13.475683 -2.476464
159395 -5.242659 -50.886681 12.904950 -2.620774
159396 -4.749869 -52.376420 14.695681 -2.739945
159397 -4.703068 -52.188157 14.258271 -2.785607
159398 -4.752622 -52.029906 13.895742 -2.805694
159399 -4.318563 -53.348662 13.242824 -2.886476
159400 -4.441531 -52.606521 13.312225 -2.880054
159401 -4.758128 -51.863470 13.527734 -2.805614
159402 -4.814106 -51.747965 13.119546 -2.792549
159403 -4.867331 -51.598809 12.692181 -2.773920
159404 -4.915968 -51.418731 12.305909 -2.756227
159405 -4.748034 -51.911673 11.728784 -2.874019
159406 -4.729680 -52.375511 11.242063 -2.967207
159407 -4.928815 -52.772957 10.906016 -3.031560
159408 -5.061877 -53.534197 11.429264 -2.965542
159409 -5.250918 -53.264079 11.087737 -3.014732
159410 -5.398663 -53.000328 10.742558 -3.065953
159411 -6.016256 -53.051259 10.676810 -3.071798
159412 -6.662297 -53.026703 10.733427 -3.051875
160153 -6.562271 -50.179101 8.186589 -2.910021
