#!ascii label  , from subject fsaverage vox2ras=TkReg coords=white
990
132 -41.424621 -57.671451 9.711587 -1.971514
554 -47.428947 -56.160794 4.725666 -5.614219
556 -45.018223 -52.860267 7.975646 -3.216023
557 -51.767699 -48.682086 2.906627 -2.018769
1219 -40.807028 -58.556381 7.667907 -2.410935
1220 -42.243184 -55.758801 4.564948 -4.453885
1221 -44.830101 -58.234423 7.645078 -4.319048
1227 -44.294180 -48.433796 5.414198 -3.374725
1228 -48.198874 -51.498766 5.068106 -4.117151
1229 -47.789592 -46.851290 3.460010 -3.124110
2298 -40.438124 -55.603279 2.024503 -2.514866
2299 -46.135030 -54.423675 1.555132 -3.098624
2306 -44.710803 -56.319045 10.163607 -3.331803
2307 -49.136734 -56.702848 7.902593 -4.798244
2308 -52.422917 -54.482791 5.286354 -3.376447
3139 -41.308076 -58.205320 8.963699 -2.093727
3140 -42.503803 -58.005233 7.499884 -3.305784
3141 -43.411380 -57.982495 8.819418 -2.997165
3146 -42.441401 -46.778531 6.458867 -2.665763
3147 -44.189566 -46.487495 5.188645 -2.831770
3148 -45.934977 -47.796246 4.512897 -3.707011
3149 -45.839539 -45.686237 3.959515 -2.560522
3150 -47.376640 -44.924997 2.863708 -1.987942
5101 -38.678029 -57.037539 3.826192 -2.956785
5102 -44.853042 -55.706960 4.629783 -5.292618
5103 -43.950053 -54.778374 2.923064 -4.233991
5104 -46.631490 -54.803840 3.127615 -4.461418
5105 -48.885292 -54.454597 1.735940 -2.807387
5106 -49.458837 -55.272226 3.347689 -3.879271
5118 -42.660724 -50.937613 7.742787 -2.743734
5120 -42.887389 -52.743853 9.501557 -2.736205
5121 -42.652465 -54.191756 10.080508 -2.772344
5122 -45.086131 -54.699249 9.411153 -3.358346
5123 -47.250001 -56.741956 9.180121 -4.158207
5124 -47.214212 -54.705615 8.219463 -3.902228
5125 -49.932355 -50.289149 3.879156 -3.481287
5126 -50.314107 -53.091277 5.195950 -3.937714
5127 -52.143027 -51.380533 3.953123 -2.596387
6803 -39.363530 -58.587304 6.379421 -2.758630
6804 -39.800342 -56.838361 4.733885 -3.588097
6805 -41.089670 -57.213979 6.134691 -3.625603
6806 -43.411380 -57.017530 6.137431 -4.602418
6807 -46.038674 -57.440441 6.220529 -5.526499
6815 -40.762979 -46.773074 7.946425 -2.294902
6816 -42.234925 -48.889449 6.399511 -2.809605
6817 -44.644731 -50.648396 6.194047 -3.282186
6818 -46.817778 -52.407343 6.361158 -3.750487
6819 -46.302046 -49.940815 5.094588 -3.915221
6820 -47.887783 -49.118640 3.983257 -3.964688
6821 -49.706608 -47.891742 3.115744 -2.823870
9453 -41.228239 -55.516877 3.246327 -3.609266
9454 -43.359073 -54.762004 1.503995 -2.958396
9475 -42.164264 -55.683313 10.657633 -2.551315
9476 -43.481123 -57.305837 10.067724 -2.794189
9477 -45.957001 -58.067078 9.220300 -3.875297
9478 -47.712507 -58.535463 8.040482 -4.999774
9479 -49.033955 -57.659628 6.369376 -5.649940
9480 -48.800866 -54.307260 6.683508 -4.272322
9481 -50.674752 -56.055293 6.508179 -4.711582
9482 -50.656398 -56.491847 4.889124 -4.654417
9483 -52.812927 -54.904793 3.744006 -2.778243
10819 -41.375984 -57.997047 9.372800 -2.006926
10820 -42.290903 -58.012509 8.879687 -2.515716
10821 -42.405612 -57.817878 9.344492 -2.430252
10826 -43.373755 -45.632578 5.664407 -2.390960
10827 -44.153776 -45.456137 4.890037 -2.270228
10828 -44.979681 -46.112787 4.616999 -2.757053
10829 -44.947563 -45.100528 4.305607 -2.086210
10830 -45.784479 -44.822225 3.795144 -1.872412
12782 -46.173572 -55.962526 4.677268 -5.583524
12783 -45.716571 -55.186734 3.786012 -5.087290
12784 -46.978370 -55.394097 3.954949 -5.130499
12785 -48.037363 -55.043035 3.272809 -4.279541
12786 -48.338360 -55.733335 4.083706 -4.876515
12798 -43.810567 -51.896212 7.868805 -2.955426
12799 -42.758915 -51.933500 8.676963 -2.722837
12800 -43.958312 -52.886642 8.833115 -2.969297
12801 -44.018879 -53.647883 9.496991 -3.019423
12802 -45.111826 -53.797948 8.872381 -3.276965
12803 -46.202020 -54.707434 8.868729 -3.642357
12804 -46.114841 -53.758840 8.109883 -3.531692
12805 -50.887652 -49.483344 3.325773 -2.760138
12806 -50.994102 -50.884863 3.853587 -3.053582
12807 -51.969587 -49.979014 3.231717 -2.300033
15179 -40.094914 -58.554563 6.980289 -2.596586
15180 -40.092161 -57.724201 6.185829 -3.167262
15181 -40.845570 -57.920650 6.821397 -3.015012
15182 -43.619691 -58.063440 7.530931 -3.814659
15183 -42.876377 -57.613244 6.836921 -3.980948
15184 -44.085869 -57.707831 6.892624 -4.490882
15185 -44.718145 -57.124850 6.154781 -5.097407
15186 -45.339408 -57.946116 6.959286 -4.972785
15197 -41.076823 -45.866316 7.966515 -2.247723
15198 -43.291165 -47.640724 5.910964 -3.016635
15199 -42.294573 -47.757138 6.419601 -2.782438
15200 -43.286577 -48.687543 5.824213 -3.083707
15201 -43.411380 -49.750733 6.099991 -3.052190
15202 -44.429078 -49.542460 5.521039 -3.364006
15203 -45.557814 -50.289149 5.585875 -3.607915
15204 -45.304537 -49.236873 5.127462 -3.685393
15205 -46.835213 -47.371516 4.021611 -3.537915
15206 -46.883850 -48.475633 4.198766 -3.937417
15207 -47.787757 -47.992695 3.708392 -3.633538
15208 -48.766912 -48.581133 3.444486 -3.502966
15209 -48.727452 -47.416990 3.243588 -3.075038
15211 -48.687993 -46.322878 2.923064 -2.592486
21066 -41.687992 -55.202195 1.051974 -2.250622
21067 -40.966702 -56.198083 4.575906 -4.017842
21068 -40.443630 -56.144423 4.024350 -3.714398
21069 -41.687992 -55.551438 3.850847 -4.109446
21070 -45.020976 -54.556460 2.240012 -3.728393
21071 -43.583902 -54.719258 2.213530 -3.576547
21072 -44.734663 -54.547365 1.472947 -3.084011
21073 -44.566729 -54.640132 0.742409 -2.535431
21074 -45.975355 -54.520990 0.758846 -2.547781
21076 -47.285790 -54.547365 0.820942 -2.471043
21077 -50.313189 -54.479153 1.766075 -2.538622
21078 -49.836918 -54.353644 0.993531 -2.148344
21123 -43.669246 -55.219475 10.086901 -3.045210
21124 -42.414788 -54.915707 10.313367 -2.710437
21125 -43.459099 -55.996177 10.458562 -2.923755
21126 -43.077347 -56.625542 10.590972 -2.682350
21127 -44.274909 -57.038448 10.223876 -3.128394
21128 -44.722733 -57.632343 9.723458 -3.312232
21129 -45.491742 -57.332213 9.888742 -3.613387
21130 -48.282382 -56.753779 8.579253 -4.520775
21131 -47.926325 -57.840616 8.856858 -4.588809
21132 -48.770583 -57.798779 8.079748 -5.005077
21133 -48.406267 -58.281717 7.224106 -5.450549
21134 -49.478108 -57.627796 7.295333 -5.272722
21135 -47.500525 -51.943505 5.671713 -3.996748
21136 -47.732696 -53.305916 6.446996 -4.006022
21137 -48.460410 -52.871181 5.751159 -4.147295
21138 -51.473126 -53.851608 5.365800 -3.686155
21139 -50.614186 -54.627400 6.034242 -4.258148
21140 -51.490562 -55.354989 5.847955 -4.161178
21141 -50.939041 -56.471838 5.810515 -4.772509
21142 -51.892502 -55.728788 5.195950 -3.962715
21143 -51.762193 -55.745159 4.374095 -3.683468
21144 -52.918459 -54.796564 4.688226 -3.066213
24083 -41.171343 -58.389036 8.405750 -2.234148
24084 -41.561354 -58.192587 7.512668 -2.830168
24085 -42.088097 -58.176216 8.276080 -2.653217
24086 -43.070006 -58.090724 8.157368 -3.135172
24087 -44.242791 -58.196225 8.177457 -3.643111
24094 -41.802701 -45.834484 7.078911 -2.374717
24095 -42.607500 -45.775367 6.378508 -2.427168
24096 -43.298506 -46.662116 5.850695 -2.790634
24097 -44.260226 -47.488840 5.416025 -3.214779
24098 -45.115496 -48.140032 5.015142 -3.619340
24099 -45.039330 -47.185981 4.875427 -3.307649
24100 -45.848716 -46.685763 4.306520 -3.220921
24101 -46.782906 -46.242843 3.736701 -2.940937
24102 -47.664789 -45.801742 3.166881 -2.543471
24103 -46.642502 -45.369736 3.420743 -2.282333
24104 -46.490169 -44.451155 3.176926 -1.665580
27614 -38.226535 -57.167596 3.246327 -2.533553
27615 -39.448873 -56.284484 2.976942 -2.769928
27616 -43.562796 -55.635111 4.598735 -4.887540
27617 -42.990169 -55.105790 3.737614 -4.494107
27618 -44.396042 -55.066682 3.709306 -4.840410
27619 -45.331149 -54.713801 2.966897 -4.427325
27620 -46.382801 -54.520080 2.333155 -3.750268
27621 -47.484007 -54.390933 1.670192 -3.001272
27622 -47.740955 -54.600115 2.503918 -3.620096
27623 -49.166100 -54.750180 2.540445 -3.340569
27624 -50.638045 -54.879327 2.635415 -2.946901
27644 -41.377819 -49.962643 7.729090 -2.557058
27646 -41.657709 -51.039475 8.645002 -2.526395
27647 -41.743970 -51.918039 9.407500 -2.508579
27648 -41.651286 -52.608339 9.950838 -2.514883
27649 -41.578789 -53.315011 10.202873 -2.525443
27650 -42.842424 -53.483266 9.877784 -2.766228
27651 -43.869298 -54.459145 9.822994 -3.062656
27652 -44.928291 -55.560533 9.785554 -3.396834
27653 -45.962507 -56.627361 9.707934 -3.752408
27654 -46.135947 -55.685132 9.286962 -3.742329
27655 -47.250919 -55.697865 8.748190 -4.059190
27656 -48.203462 -55.691499 8.143670 -4.327259
27657 -49.003672 -50.972173 4.543032 -3.968994
27658 -49.254196 -52.356412 5.073585 -4.083088
27659 -50.058994 -51.651560 4.494634 -3.707566
27660 -51.207919 -52.363688 4.640741 -3.340300
27661 -52.367856 -52.935755 4.707403 -2.935639
27662 -53.322235 -53.422330 4.649873 -2.572334
31235 -38.713818 -58.667339 5.755725 -2.857796
31236 -38.805585 -57.740572 4.966744 -3.188326
31237 -39.444285 -57.682365 5.548435 -3.239977
31238 -40.348192 -56.910211 5.385890 -3.678477
31239 -41.613661 -56.475476 5.311010 -4.138683
31240 -41.797195 -57.631434 6.796741 -3.483473
31241 -42.188124 -57.012073 6.101817 -4.106766
31242 -42.823152 -56.309950 5.342058 -4.608284
31243 -44.110646 -56.325411 5.399587 -5.083176
31244 -45.431176 -56.479114 5.438854 -5.523941
31245 -46.731516 -56.797435 5.474468 -5.815610
31261 -40.457395 -47.788061 7.838671 -2.335268
31262 -41.574201 -46.807634 7.143746 -2.491579
31263 -41.338359 -47.780785 7.061561 -2.551583
31264 -41.255769 -48.871259 7.133702 -2.571420
31265 -42.405612 -49.913531 6.830528 -2.784278
31266 -43.666493 -50.875768 6.887145 -2.991174
31267 -44.838360 -51.830729 7.010423 -3.217305
31268 -45.973520 -52.682917 7.156531 -3.477987
31269 -45.750525 -51.516046 6.317326 -3.511225
31270 -46.547064 -51.096773 5.662581 -3.816355
31271 -47.264684 -50.685685 5.126549 -4.058080
31272 -46.054275 -48.853070 4.663571 -3.923679
31273 -47.104091 -49.530637 4.571340 -4.084304
31274 -48.034610 -50.207295 4.541206 -4.096854
31275 -48.895386 -49.671607 3.907464 -3.801711
31276 -49.806634 -49.092265 3.386043 -3.189086
31277 -50.761013 -48.321020 3.008903 -2.442405
31282 -48.320924 -45.310619 2.616238 -2.133475
38595 -39.197431 -56.962961 4.270907 -3.333489
38596 -39.906792 -56.193535 3.523019 -3.267649
38597 -40.762979 -55.499597 2.648199 -3.046988
38598 -42.584558 -55.002108 3.044516 -3.944963
38599 -42.189041 -55.062134 2.357811 -3.332899
38600 -41.864185 -55.046673 1.656494 -2.751028
38601 -43.137914 -54.847495 0.827334 -2.426981
38607 -48.619167 -54.430951 0.896735 -2.330316
38661 -41.337442 -53.947104 10.350807 -2.502464
38662 -41.118118 -54.669236 10.567229 -2.410142
38666 -42.459754 -57.437713 9.808383 -2.382713
38667 -43.594914 -57.712378 9.444027 -2.891272
38668 -44.800735 -58.054345 8.926259 -3.478621
38669 -45.633981 -58.439967 8.396619 -4.111257
38670 -46.822366 -57.623248 9.459551 -4.110667
38671 -46.976535 -58.454519 8.681528 -4.450926
38672 -46.247903 -58.491808 7.842323 -4.747564
38673 -46.848061 -58.291721 7.108133 -5.333809
38674 -47.551915 -57.736934 6.360245 -5.754626
38675 -48.245675 -57.042996 5.531084 -5.794100
38676 -46.973782 -53.576033 7.293507 -3.779989
38677 -47.997903 -54.596477 7.486186 -4.125766
38678 -49.061485 -55.623287 7.561979 -4.510055
38679 -49.546933 -53.807952 5.911877 -4.246117
38680 -49.869954 -55.328614 6.862489 -4.523865
38681 -49.832329 -56.476386 7.202189 -4.904515
38682 -50.151679 -57.092108 6.473478 -5.237298
38683 -49.779104 -57.076647 5.592267 -5.395290
38684 -48.995413 -56.504580 4.790502 -5.278840
38685 -50.045229 -56.026190 4.137583 -4.343473
38686 -51.198742 -55.512330 3.542195 -3.338830
38687 -52.311878 -54.654684 2.736777 -2.501486
38688 -53.805848 -53.745198 4.054485 -2.288149
38689 -53.653514 -53.908905 3.003424 -2.071453
41539 -41.409020 -57.846982 9.551782 -1.983816
41540 -41.877950 -57.890637 9.385584 -2.210135
41541 -41.895386 -57.738753 9.542650 -2.186769
41546 -43.813320 -45.025950 5.148465 -2.054885
41547 -44.162953 -44.953191 4.822463 -1.957971
41548 -44.552964 -45.284244 4.593256 -2.184264
41549 -44.556634 -44.791303 4.513810 -1.854737
41550 -44.942974 -44.692169 4.264514 -1.749915
43502 -46.790247 -56.040742 4.696445 -5.640924
43503 -46.571842 -55.654210 4.292823 -5.421486
43504 -47.175670 -55.750615 4.323871 -5.404557
43505 -47.662953 -55.575085 4.028916 -5.043194
43506 -47.843735 -55.961616 4.419754 -5.300984
43518 -44.409807 -52.385515 7.934554 -3.078945
43519 -43.887652 -52.414619 8.372876 -2.956148
43520 -44.489644 -52.877548 8.428580 -3.090867
43521 -44.537363 -53.333200 8.862337 -3.115527
43522 -45.088884 -53.333200 8.487936 -3.240563
43523 -45.627557 -53.795219 8.508026 -3.404928
43524 -45.588097 -53.305006 8.044134 -3.366964
43525 -51.343735 -49.095902 3.080130 -2.379227
43526 -51.426325 -49.717991 3.246327 -2.528377
43527 -51.885161 -49.304175 2.993379 -2.157520
45895 -40.623493 -58.733731 8.075182 -2.138616
45897 -40.482172 -58.838322 7.752832 -2.229001
45898 -40.155481 -58.881068 7.403087 -2.322429
45899 -40.469324 -58.558200 7.319989 -2.504568
45900 -40.451889 -58.217143 6.894450 -2.797763
45901 -40.826299 -58.296268 7.228671 -2.706186
45902 -44.216178 -58.118918 7.571111 -4.070907
45903 -43.850027 -57.945207 7.204929 -4.157008
45904 -44.463949 -58.021603 7.268851 -4.410491
45905 -44.694285 -57.778770 6.899929 -4.739783
45906 -45.068695 -58.138927 7.325468 -4.652284
45917 -41.296147 -45.394292 7.956470 -2.217656
45918 -43.777531 -48.057269 5.653449 -3.198422
45919 -43.266388 -48.150036 5.859826 -3.066842
45920 -43.781202 -48.583862 5.617836 -3.229811
45921 -43.844521 -49.125006 5.662581 -3.227860
45922 -44.329969 -49.003135 5.413285 -3.384741
45923 -44.878737 -49.394214 5.320141 -3.527719
45924 -44.793394 -48.855798 5.234303 -3.538792
45925 -47.334427 -47.129593 3.745833 -3.355288
45926 -47.309650 -47.656185 3.820713 -3.615153
45927 -47.785004 -47.425176 3.589680 -3.395370
45928 -48.246592 -47.750772 3.512060 -3.376221
45929 -48.250263 -47.131412 3.311163 -3.128042
45930 -48.722864 -46.864023 3.078304 -2.834965
45931 -48.264946 -46.617552 3.190624 -2.863495
51786 -41.042869 -55.378636 1.524084 -2.381978
51787 -41.596225 -55.942517 4.550337 -4.235743
51788 -41.316335 -55.858844 4.207898 -4.096828
51789 -41.953200 -55.626016 4.196026 -4.305079
51790 -45.560567 -54.475515 1.895746 -3.420427
51791 -44.852125 -54.540998 1.855566 -3.395667
51792 -45.444023 -54.478244 1.495776 -3.105808
51793 -45.383457 -54.489158 1.104938 -2.816716
51794 -46.069875 -54.466420 1.146031 -2.809958
51795 -46.643420 -54.563736 0.788068 -2.519102
51796 -46.740693 -54.440955 1.220911 -2.778201
51843 -44.182224 -55.745159 10.147170 -3.187959
51844 -43.562796 -55.583270 10.288712 -2.999295
51845 -44.055586 -56.138057 10.311541 -3.124609
51846 -43.903252 -56.510946 10.416556 -3.028149
51847 -44.527269 -56.687387 10.275927 -3.248042
51848 -44.836524 -57.171233 10.065898 -3.367531
51849 -45.107237 -56.864737 10.050374 -3.474323
51850 -48.762324 -56.769240 8.277906 -4.674096
51851 -48.655874 -57.301290 8.405750 -4.762771
51852 -49.046802 -57.256725 8.024044 -4.921325
51853 -49.162429 -57.714197 7.690737 -5.165809
51854 -49.398271 -57.174871 7.652383 -5.039880
51855 -47.805192 -51.756151 5.329273 -4.081510
51856 -47.968538 -52.392791 5.670800 -4.076621
51857 -48.325512 -52.159053 5.381324 -4.124336
51858 -52.000788 -54.193575 5.367626 -3.534514
51859 -51.557552 -54.645589 5.659842 -3.904715
51860 -51.956739 -54.940263 5.528345 -3.784528
51861 -51.755769 -55.571447 5.559393 -4.073281
51862 -52.269665 -55.170363 5.297312 -3.651045
51863 -52.392633 -55.304058 4.963091 -3.509184
51864 -52.735843 -54.693792 5.063540 -3.218919
55499 -41.214474 -58.312639 8.758235 -2.157954
55500 -41.628344 -58.257160 8.349134 -2.434371
55501 -41.673310 -58.144384 8.684268 -2.358380
55502 -42.848847 -57.981586 8.836768 -2.751903
55503 -42.716702 -58.067078 8.542726 -2.814129
55504 -43.273729 -58.043431 8.508026 -3.061438
55505 -43.629786 -58.145294 8.167413 -3.389256
55506 -43.850945 -58.087996 8.478804 -3.313137
55516 -42.361564 -45.285154 6.720035 -2.285142
55517 -42.707526 -45.204210 6.323718 -2.259212
55518 -43.744495 -46.060036 5.417851 -2.600925
55519 -43.327872 -46.160989 5.768509 -2.610695
55520 -43.749083 -46.603909 5.550261 -2.823921
55521 -43.751836 -47.095032 5.647057 -2.999640
55522 -44.214343 -46.997717 5.302791 -3.050806
55523 -44.654825 -47.376973 5.129288 -3.279569
55524 -44.598847 -46.849471 5.053495 -3.072021
55525 -45.410069 -45.895419 4.287344 -2.672563
55526 -45.397222 -46.391089 4.438017 -3.000123
55527 -45.842292 -46.166446 4.124799 -2.902980
55528 -46.311223 -46.469305 4.012479 -3.102061
55529 -46.299293 -45.946351 3.820713 -2.770285
55530 -46.771894 -45.748083 3.562285 -2.611233
55531 -46.248821 -45.524349 3.694695 -2.427653
55533 -46.181831 -44.644875 3.493797 -1.766042
61382 -38.164133 -57.522295 3.943991 -2.820124
61383 -37.919115 -57.614153 3.659994 -2.628780
61384 -38.478894 -57.088470 3.535803 -2.746714
61385 -38.839539 -56.712852 3.116657 -2.645930
61386 -39.061616 -56.660102 3.401567 -2.876959
61387 -44.219849 -55.644206 4.620652 -5.097245
61388 -43.964736 -55.341347 4.164979 -4.910001
61389 -44.639225 -55.344075 4.155847 -5.091313
61390 -46.125853 -54.942991 3.434441 -4.817941
61391 -45.517437 -54.857500 3.345863 -4.769801
61392 -45.981779 -54.771098 3.032645 -4.468479
61393 -45.828527 -54.643770 2.648199 -4.110231
61394 -46.513111 -54.639223 2.720340 -4.103282
61395 -47.085738 -54.516442 2.398903 -3.704730
61396 -47.187599 -54.691064 2.818963 -4.050530
61397 -48.752230 -55.164906 3.298378 -4.103560
61398 -48.595308 -54.873870 2.889277 -3.802712
61399 -49.308339 -55.002108 2.940415 -3.613770
61400 -49.894731 -54.850224 2.588843 -3.154537
61401 -50.026876 -55.099423 3.012555 -3.391560
61433 -41.993577 -50.456494 7.719045 -2.649570
61434 -41.520059 -50.517430 8.183850 -2.541889
61435 -42.179864 -50.993091 8.208505 -2.632661
61436 -42.855271 -52.386425 9.114372 -2.725609
61437 -42.274385 -51.934410 9.061408 -2.614248
61438 -42.292738 -52.314575 9.444940 -2.616164
61439 -41.669639 -52.230903 9.738069 -2.509307
61440 -42.277138 -52.661999 9.749027 -2.624205
61441 -42.264290 -53.033070 9.932574 -2.635022
61442 -42.885554 -53.091277 9.739895 -2.751345
61443 -44.576823 -54.172656 9.480554 -3.182443
61444 -43.994102 -54.063518 9.685105 -3.045260
61445 -44.507998 -54.603753 9.647665 -3.210921
61446 -44.365759 -55.004837 9.804730 -3.225919
61447 -45.009964 -55.137622 9.596527 -3.387097
61448 -45.555061 -55.659667 9.537171 -3.571846
61449 -45.565156 -55.164906 9.327141 -3.545532
61450 -46.706739 -54.690154 8.536334 -3.775839
61451 -46.721422 -55.174911 8.821244 -3.844674
61452 -47.249083 -55.176729 8.510765 -3.981717
61453 -47.752885 -55.687861 8.445017 -4.200855
61454 -47.699660 -55.181277 8.205766 -4.108047
61455 -49.480861 -50.632935 4.188721 -3.765296
61456 -49.513897 -51.316869 4.507418 -3.854135
61457 -49.970898 -50.958531 4.181416 -3.599436
61458 -51.559387 -51.143157 3.890114 -2.822969
61459 -51.070268 -51.615180 4.257209 -3.194411
61460 -51.636472 -51.894393 4.343960 -2.974253
61461 -51.797064 -52.666547 4.684574 -3.137248
61462 -52.221946 -52.163601 4.366790 -2.757334
61463 -52.768879 -52.466460 4.377748 -2.553954
68575 -39.481910 -59.016582 6.768433 -2.504460
68577 -39.134112 -59.080246 6.466173 -2.585006
68578 -38.835869 -59.194841 6.192221 -2.652147
68579 -38.999214 -58.615498 6.067116 -2.818737
68580 -39.046933 -58.153479 5.648883 -3.039226
68581 -39.326823 -58.134380 5.971233 -3.008580
68582 -40.582198 -57.408609 6.133778 -3.392389
68583 -40.217882 -57.324027 5.803210 -3.437629
68584 -40.739120 -57.041177 5.755725 -3.666805
68585 -40.991480 -56.661921 5.342058 -3.907201
68586 -41.328265 -56.837452 5.736548 -3.900921
68587 -42.002754 -58.052526 7.497144 -3.062246
68588 -41.666886 -57.886999 7.118178 -3.154849
68589 -42.154170 -57.861534 7.128223 -3.396085
68590 -43.140667 -57.350402 6.510005 -4.303179
68591 -42.535921 -57.327665 6.478044 -4.051910
68592 -42.791952 -57.032992 6.125559 -4.353106
68593 -42.495544 -56.677382 5.701847 -4.378647
68594 -43.110384 -56.649188 5.722850 -4.622054
68595 -43.458181 -56.296307 5.367626 -4.846107
68596 -43.759178 -56.638274 5.753898 -4.867283
68597 -45.371527 -57.282191 6.193134 -5.327221
68598 -45.061354 -56.812896 5.795904 -5.343360
68599 -45.706477 -56.962052 5.841563 -5.552370
68600 -46.096488 -56.678292 5.494557 -5.698704
68601 -46.352518 -57.130307 5.885395 -5.718660
68632 -40.601469 -47.261468 7.864239 -2.316125
68633 -42.079838 -46.291955 6.741951 -2.510089
68634 -41.676063 -46.331973 7.113612 -2.441921
68635 -42.008260 -46.814001 6.783043 -2.582877
68636 -42.250525 -48.297373 6.381248 -2.804870
68637 -41.801784 -47.778056 6.736472 -2.665283
68638 -41.740300 -48.337391 6.702684 -2.682001
68639 -41.256687 -48.342848 7.034166 -2.566142
68640 -41.742135 -48.886721 6.758388 -2.686164
68641 -41.802701 -49.406947 6.936456 -2.680207
68642 -42.293656 -49.386029 6.544705 -2.801241
68643 -44.037232 -50.207295 6.115514 -3.168097
68644 -43.546278 -50.320981 6.448822 -3.021417
68645 -44.162035 -50.774815 6.507265 -3.131084
68646 -44.264815 -51.345972 6.930064 -3.100580
68647 -44.743839 -51.240472 6.579406 -3.243578
68648 -45.298113 -51.693396 6.680768 -3.360691
68649 -45.221946 -51.087678 6.229661 -3.396072
68650 -45.956084 -50.147269 5.347537 -3.769736
68651 -46.080887 -50.704784 5.634273 -3.716086
68652 -46.422261 -50.503788 5.370366 -3.868207
68653 -46.900368 -50.897595 5.395935 -3.952678
68654 -46.778318 -50.293696 5.121070 -3.997227
68655 -45.513766 -47.964501 4.776804 -3.690548
68656 -45.589015 -48.487456 4.850771 -3.787887
68657 -45.979026 -48.331934 4.575906 -3.849632
68658 -47.378475 -48.803957 4.077314 -3.976339
68659 -46.958181 -49.070437 4.336655 -4.040167
68660 -47.488596 -49.338735 4.289170 -4.067952
68661 -47.564762 -49.865328 4.559469 -4.108598
68662 -47.984138 -49.619767 4.240772 -4.052099
68663 -48.466834 -49.955367 4.223422 -3.994757
68664 -48.395255 -49.389667 3.936686 -3.905200
68665 -49.252361 -48.258265 3.266417 -3.177691
68666 -49.302833 -48.825785 3.402480 -3.365119
68667 -49.778187 -48.490184 3.191537 -3.013323
68668 -50.279235 -48.739384 3.190624 -2.818250
68669 -50.209492 -48.104562 3.060040 -2.644035
68677 -47.538150 -45.353365 3.028079 -2.258922
68678 -48.007998 -45.570733 2.875579 -2.334404
68679 -47.863923 -45.084157 2.735864 -2.085900
86242 -39.268092 -57.262182 4.846205 -3.382281
86243 -38.979943 -57.281281 4.609693 -3.287900
86244 -39.477321 -56.895659 4.472718 -3.480190
86245 -40.798769 -55.820646 3.648123 -3.688010
86246 -40.146304 -56.180803 3.775054 -3.503660
86247 -40.502361 -55.828831 3.391522 -3.436715
86248 -40.299555 -55.835198 3.111178 -3.171398
86249 -40.988727 -55.520515 2.968723 -3.329260
86250 -43.479288 -54.925711 3.321207 -4.400183
86251 -42.791952 -55.025755 3.379650 -4.233890
86252 -43.275565 -54.833853 2.950460 -4.098038
86253 -43.475617 -54.741085 1.844608 -3.258534
86254 -42.870871 -54.882965 2.276538 -3.463312
86255 -42.720373 -54.903884 1.944144 -3.154208
86256 -42.036708 -55.042125 1.998021 -3.033808
86257 -42.600158 -54.892970 1.580701 -2.861916
86258 -42.497379 -54.909340 1.231869 -2.591261
86259 -43.248034 -54.781103 1.145118 -2.680568
86260 -45.214605 -54.655594 0.364356 -2.316523
86261 -44.462114 -54.742904 0.379880 -2.299047
86272 -48.191532 -54.418218 1.698500 -2.915141
86273 -48.061223 -54.413670 1.283007 -2.650395
86274 -48.754065 -54.412761 1.316794 -2.560102
86276 -49.659807 -54.451869 0.605433 -1.967707
86408 -42.128475 -53.746107 10.127080 -2.645354
86409 -41.441139 -53.625145 10.262230 -2.520637
86410 -41.979812 -54.065337 10.189176 -2.634094
86411 -42.339539 -55.360446 10.495089 -2.643878
86412 -41.789854 -54.804749 10.444864 -2.555149
86413 -41.651286 -55.175820 10.586406 -2.481438
86418 -43.352649 -57.026625 10.377289 -2.740916
86420 -42.871789 -57.168505 10.212918 -2.559687
86421 -42.452413 -57.253997 10.104251 -2.363868
86422 -42.975486 -57.372230 9.928009 -2.593380
86423 -43.013110 -57.570498 9.631228 -2.625759
86424 -43.597667 -57.517748 9.747200 -2.843425
86425 -45.377033 -57.861534 9.537171 -3.590020
86426 -44.788805 -57.864262 9.389237 -3.396747
86427 -45.351338 -58.068897 9.089716 -3.693062
86428 -45.244888 -58.231695 8.655960 -3.791831
86429 -45.844128 -58.293540 8.796588 -3.996651
86430 -46.648008 -56.685568 9.455899 -3.958903
86431 -46.428685 -57.146677 9.599267 -3.932411
86432 -47.097667 -57.206703 9.358189 -4.156878
86433 -48.010751 -58.299906 8.478804 -4.799865
86434 -47.542738 -58.222600 8.864163 -4.547467
86435 -47.334427 -58.550015 8.407577 -4.731809
86436 -46.644338 -58.587304 8.273341 -4.606443
86437 -46.965523 -58.607313 7.955557 -4.901854
86438 -46.545229 -58.421777 7.503536 -5.051840
86439 -47.301391 -58.547287 7.582069 -5.180526
86440 -48.745806 -57.967034 6.793088 -5.594918
86441 -47.973126 -58.119828 6.805873 -5.627292
86442 -48.302570 -57.738753 6.377595 -5.747518
86443 -47.871265 -57.364045 5.972146 -5.837420
86444 -48.625591 -57.389510 5.923748 -5.758963
86445 -46.417673 -52.545585 6.727340 -3.614046
86446 -46.478239 -53.111286 7.208582 -3.623573
86447 -46.898533 -52.993962 6.791262 -3.752032
86448 -48.244757 -53.777030 6.566622 -4.138885
86449 -47.872182 -53.963474 6.975723 -4.052306
86450 -48.381490 -54.451869 7.096261 -4.213358
86451 -48.534741 -55.095785 7.556500 -4.314086
86452 -48.940352 -54.996651 7.226845 -4.379015
86453 -49.752492 -52.710202 5.115591 -4.025001
86454 -49.378082 -53.094915 5.473554 -4.152996
86455 -49.922261 -53.435972 5.494557 -4.131406
86456 -50.702282 -55.374088 6.380334 -4.468943
86457 -50.227846 -54.980280 6.425080 -4.431153
86458 -50.296671 -55.704232 6.723687 -4.629539
86459 -49.914002 -55.927056 7.143746 -4.706042
86460 -50.221422 -56.325411 6.857924 -4.852684
86461 -50.046147 -56.845637 6.885319 -5.085076
86462 -50.426981 -56.595528 6.538313 -4.974548
86463 -50.851863 -56.536412 5.353929 -4.737889
86464 -50.474699 -56.875650 5.682671 -5.096166
86465 -50.209492 -56.781973 5.235216 -5.074751
86466 -49.412036 -56.845637 5.175860 -5.374798
86467 -49.861695 -56.580067 4.832507 -4.990040
86468 -49.501050 -56.275389 4.466325 -4.842326
86469 -50.373756 -56.306312 4.513810 -4.521825
86470 -52.277924 -55.332252 4.122973 -3.210285
86471 -51.496986 -55.619649 3.966820 -3.518444
86472 -52.097143 -55.273135 3.631686 -3.053995
86473 -51.792476 -55.060315 3.140399 -2.892607
86474 -52.594521 -54.784741 3.243588 -2.639599
86475 -53.700316 -52.883914 4.338481 -2.213667
86476 -53.668197 -53.584219 4.436191 -2.420177
86477 -54.013242 -53.062173 4.083706 -2.080665
86479 -54.060961 -53.355028 3.147705 -1.877471
93203 -41.381490 -58.113462 9.173728 -2.043226
93204 -41.787101 -58.086177 8.928085 -2.294958
93205 -41.866021 -57.987952 9.173728 -2.245584
93206 -42.379917 -57.912465 9.142680 -2.466766
93207 -42.920426 -57.895185 9.106154 -2.701304
93214 -43.080100 -45.204210 5.940185 -2.209998
93215 -43.455428 -45.128722 5.524692 -2.140511
93216 -43.768354 -45.527077 5.262612 -2.340185
93217 -44.135423 -45.939984 5.018795 -2.566853
93218 -44.569482 -46.313783 4.916519 -2.810241
93219 -44.560305 -45.789009 4.738451 -2.508516
93220 -44.991611 -45.588013 4.415188 -2.427368
93221 -45.411904 -45.397930 4.156760 -2.326864
93222 -45.807421 -45.256960 3.879156 -2.212132
93223 -45.372445 -44.969562 4.070922 -1.980668
93224 -45.355009 -44.561203 4.017958 -1.647726
96735 -38.410987 -57.468636 4.184155 -2.999220
96736 -45.460541 -55.820646 4.628870 -5.460657
96737 -45.267830 -55.443209 4.178676 -5.247501
96738 -45.929471 -55.555076 4.239859 -5.363457
96739 -46.349765 -55.285868 3.881895 -5.141616
96740 -46.776482 -55.063953 3.561372 -4.809770
96741 -47.317909 -54.907521 3.248154 -4.399486
96742 -47.477584 -55.216747 3.672779 -4.736358
96743 -48.219062 -55.392278 3.679171 -4.594065
96744 -48.888045 -55.475041 3.729395 -4.386749
96764 -43.270059 -51.432373 7.759225 -2.844448
96765 -42.745150 -51.441468 8.221290 -2.729201
96766 -43.274647 -51.944414 8.288864 -2.836051
96767 -43.351731 -52.417347 8.767367 -2.838609
96768 -43.429733 -52.833892 9.190165 -2.851147
96769 -43.470111 -53.188592 9.500644 -2.870485
96770 -44.001443 -53.293183 9.232171 -2.992017
96771 -44.570399 -53.758840 9.215734 -3.148187
96772 -45.160462 -54.259058 9.205689 -3.318823
96773 -45.665182 -54.712891 9.156378 -3.502743
96774 -45.658758 -54.268152 8.886992 -3.452853
96775 -46.168066 -54.247234 8.548205 -3.583489
96776 -46.649844 -54.213583 8.161020 -3.710108
96777 -50.426981 -49.929902 3.609770 -3.137086
96778 -50.445334 -50.599284 3.861805 -3.276649
96779 -50.961983 -50.159092 3.520279 -2.910204
96780 -51.501574 -50.427391 3.500189 -2.675894
96781 -52.074201 -50.660219 3.546761 -2.445628
101050 -39.827872 -58.953827 7.066127 -2.415493
101051 -39.730599 -58.564567 6.697205 -2.682837
101052 -39.691139 -58.138018 6.282625 -2.954333
101053 -40.065549 -58.156207 6.558403 -2.882212
101054 -40.461065 -57.806055 6.492655 -3.098018
101055 -40.922654 -57.548670 6.478957 -3.325851
101056 -43.050735 -58.058892 7.519973 -3.557825
101057 -42.654301 -57.858805 7.146486 -3.645361
101058 -43.201233 -57.880633 7.170228 -3.900157
101059 -43.478370 -57.661447 6.878013 -4.235900
101060 -43.737153 -57.371321 6.534661 -4.556583
101061 -44.057421 -57.042086 6.143823 -4.852410
101062 -44.371265 -57.409519 6.519137 -4.807987
101063 -45.023729 -57.548670 6.550184 -5.049778
101064 -45.681700 -57.703283 6.587625 -5.269750
101083 -40.913477 -46.318331 7.975646 -2.272485
101084 -42.857106 -47.200533 6.162999 -2.836673
101085 -42.364317 -47.269653 6.461607 -2.737618
101086 -42.774516 -47.681651 6.139257 -2.900862
101087 -42.779104 -48.233709 6.057985 -2.934023
101088 -42.778186 -48.800319 6.069856 -2.942519
101089 -42.816729 -49.336916 6.198613 -2.933016
101090 -43.336131 -49.248696 5.897266 -3.075834
101091 -43.932618 -49.665241 5.825126 -3.203632
101092 -44.550211 -50.109980 5.819647 -3.325729
101093 -45.115496 -50.462861 5.863479 -3.442680
101094 -44.987022 -49.910802 5.541129 -3.490748
101095 -45.408234 -49.768923 5.302791 -3.656345
101096 -45.815680 -49.592482 5.118330 -3.811316
101097 -46.371789 -47.595250 4.286430 -3.657269
101098 -46.405743 -48.137304 4.344874 -3.846940
101099 -46.842555 -47.924484 4.124799 -3.769039
101100 -47.321579 -48.220976 3.931206 -3.825284
101101 -47.822628 -48.558396 3.814320 -3.825598
101102 -48.329183 -48.862164 3.715698 -3.772603
101103 -48.275040 -48.310106 3.587854 -3.594631
101104 -48.746724 -48.029075 3.396088 -3.301485
101105 -49.220242 -47.659823 3.176013 -2.970889
111648 -42.330363 -55.153083 0.630089 -2.121137
111649 -40.341768 -56.478205 4.625217 -3.801195
111650 -40.040772 -56.507308 4.362224 -3.681702
111651 -40.670294 -56.152609 4.276386 -3.888309
111652 -41.056634 -55.823374 3.912030 -3.911879
111653 -41.464998 -55.502326 3.526671 -3.873811
111654 -44.457526 -54.651046 2.562361 -4.005246
111655 -43.750001 -54.720167 2.566014 -3.905171
111656 -44.293263 -54.600115 2.192527 -3.666635
111657 -44.161118 -54.624671 1.827258 -3.340607
111658 -44.091375 -54.639223 1.439159 -3.033999
111659 -43.953724 -54.686516 1.108591 -2.750732
111660 -44.679602 -54.562826 1.100373 -2.796934
111661 -45.321055 -54.527356 0.731451 -2.553884
111662 -45.906529 -54.622852 0.376227 -2.311113
111664 -46.550735 -54.657413 0.392664 -2.285083
111665 -47.206870 -54.719258 0.420972 -2.241879
111666 -47.821710 -54.628309 0.491287 -2.185396
111667 -49.606582 -54.466420 1.753291 -2.680830
111668 -49.431307 -54.394571 1.353321 -2.455680
111669 -50.086524 -54.350916 1.388935 -2.339424
111749 -43.152597 -54.700159 10.042155 -2.906019
111750 -42.517568 -54.551003 10.159954 -2.752240
111751 -43.063582 -55.072139 10.207439 -2.874457
111752 -42.973651 -55.457761 10.405598 -2.817129
111753 -42.840588 -55.823374 10.568142 -2.731915
111754 -42.657054 -56.154428 10.668591 -2.618785
111755 -43.311354 -56.328139 10.576361 -2.817585
111756 -43.694941 -56.810167 10.452169 -2.899129
111757 -43.937206 -57.227622 10.182784 -2.975245
111758 -44.113399 -57.454084 9.897874 -3.045847
111759 -44.519010 -57.380415 10.002889 -3.223129
111760 -45.176980 -57.587778 9.836691 -3.481673
111761 -45.849634 -57.732387 9.629401 -3.747370
111762 -47.807028 -56.764693 8.886079 -4.346882
111763 -47.675801 -57.299471 9.056842 -4.373230
111764 -48.172261 -57.321299 8.729927 -4.577166
111765 -48.396173 -57.870629 8.483370 -4.808538
111766 -48.329183 -58.255341 8.083401 -5.034102
111767 -48.070399 -58.483623 7.651470 -5.244611
111768 -48.712770 -58.176216 7.678865 -5.238455
111769 -49.037626 -58.006142 7.264285 -5.395431
111770 -49.349634 -57.768766 6.829615 -5.481919
111771 -47.199529 -52.171786 5.986757 -3.881458
111772 -47.272025 -52.827526 6.364811 -3.876185
111773 -47.635423 -52.602883 6.007760 -3.988434
111774 -48.083247 -53.126747 6.078074 -4.093808
111775 -48.612743 -53.618779 6.175784 -4.195072
111776 -50.902335 -53.506912 5.294573 -3.823090
111777 -50.485712 -53.854336 5.587701 -4.082262
111778 -51.044574 -54.283614 5.680845 -4.005672
111779 -51.098716 -55.030302 6.021458 -4.223458
111780 -51.063845 -55.682404 6.165739 -4.477670
111781 -50.861039 -56.257199 6.175784 -4.761775
111782 -51.334558 -55.957069 5.890874 -4.453946
111783 -51.374018 -56.113501 5.489992 -4.395929
111784 -51.329052 -56.212635 5.045277 -4.303104
111785 -51.191401 -56.128052 4.622478 -4.176262
111786 -51.880573 -55.778810 4.786849 -3.832082
111787 -52.422917 -55.375907 4.571340 -3.361923
111788 -52.923965 -54.863866 4.258122 -2.919676
117634 -40.718013 -58.614589 8.403924 -2.054197
117635 -41.023598 -58.489989 8.011260 -2.319577
117636 -41.174096 -58.393583 7.562892 -2.612182
117637 -41.435633 -58.312639 7.970167 -2.520198
117638 -41.856844 -58.186220 7.906245 -2.738427
117639 -42.306503 -58.107095 7.867892 -2.971858
117640 -42.178947 -58.105276 8.599343 -2.578145
117641 -42.541427 -58.114371 8.207592 -2.888049
117642 -42.818564 -58.103457 7.852368 -3.217482
117643 -43.379261 -58.141656 7.852368 -3.471365
117644 -43.935371 -58.142565 7.861500 -3.728178
117645 -44.570399 -58.245337 7.916290 -3.980543
117658 -41.618249 -45.381559 7.477967 -2.263201
117659 -42.004589 -45.351546 7.068866 -2.286344
117660 -42.222077 -45.814475 6.712729 -2.411539
117661 -42.508391 -46.266490 6.423254 -2.562946
117662 -42.984663 -45.707156 6.017805 -2.420333
117663 -42.902072 -46.207373 6.080814 -2.597356
117664 -42.854353 -46.700315 6.122820 -2.736389
117665 -43.303095 -47.147782 5.910051 -2.925962
117666 -43.784872 -47.568875 5.718285 -3.123889
117667 -44.288674 -47.947221 5.454378 -3.321299
117668 -44.707133 -48.294645 5.238869 -3.508888
117669 -44.682355 -47.809889 5.205995 -3.425091
117670 -45.079707 -47.672556 4.943915 -3.497044
117671 -45.456870 -47.478835 4.697358 -3.523823
117672 -44.988858 -46.640289 4.782283 -3.056524
117673 -45.440352 -46.934962 4.612433 -3.289835
117674 -45.890011 -47.244188 4.431625 -3.494494
117675 -46.331412 -47.012269 4.166805 -3.404122
117676 -46.817778 -46.804906 3.888287 -3.255954
117677 -47.282119 -46.552069 3.618902 -3.061101
117678 -47.744626 -46.336520 3.334905 -2.835401
117679 -47.247248 -46.035480 3.460923 -2.750014
117680 -47.169246 -45.572552 3.301118 -2.437129
117681 -47.035266 -45.162373 3.158663 -2.133265
117682 -46.200184 -45.107804 3.601551 -2.089366
117683 -46.579183 -44.927726 3.307510 -1.964984
117684 -46.925145 -44.715815 3.020774 -1.844651
125877 -39.889356 -55.899771 2.513963 -2.646251
125878 -42.932355 -55.680585 4.616086 -4.671726
125879 -42.626771 -55.455032 4.188721 -4.511623
125880 -43.290247 -55.364993 4.179589 -4.714493
125881 -43.714212 -55.101242 3.736701 -4.674775
125882 -44.173965 -54.863866 3.304770 -4.550345
125883 -45.063189 -55.093966 3.723003 -4.982030
125884 -44.828265 -54.793836 3.325773 -4.676779
125885 -44.652072 -54.702887 2.934022 -4.346333
125886 -45.191663 -54.601025 2.587930 -4.075681
125887 -45.698218 -54.538270 2.285670 -3.757429
125888 -46.224962 -54.428222 1.950536 -3.413126
125889 -46.807683 -54.393662 1.618141 -3.063199
125890 -46.917804 -54.413670 2.023590 -3.373219
125891 -47.617987 -54.441864 2.075641 -3.301343
125892 -48.310829 -54.490977 2.111254 -3.199104
125893 -47.874018 -54.782012 2.890190 -3.949920
125894 -48.441139 -54.643770 2.507571 -3.497574
125895 -49.005507 -54.558279 2.145955 -3.069254
125896 -49.802046 -54.645589 2.145042 -2.915477
125897 -50.536183 -54.640132 2.152347 -2.742512
125942 -40.808863 -49.441507 7.782054 -2.460955
125944 -40.899712 -50.019031 8.156454 -2.451300
125945 -41.057552 -50.538348 8.605735 -2.436846
125946 -41.119954 -51.026742 9.009357 -2.421810
125947 -42.207395 -51.474210 8.657786 -2.619984
125948 -41.689828 -51.491490 9.067800 -2.514420
125949 -41.137389 -51.466024 9.395629 -2.410152
125950 -41.108942 -51.836185 9.669581 -2.404238
125951 -41.055717 -52.180881 9.901527 -2.404142
125952 -41.035528 -52.561956 10.155388 -2.407900
125954 -41.665051 -52.980319 10.113383 -2.521796
125955 -42.244102 -53.412326 10.052200 -2.643883
125956 -42.768092 -53.847060 9.990104 -2.775192
125957 -43.466440 -53.534197 9.693323 -2.891739
125958 -43.393944 -53.951651 9.845823 -2.908952
125959 -43.214998 -54.283614 9.946272 -2.915759
125960 -43.738989 -54.836582 9.942619 -3.064718
125961 -44.284086 -55.385911 9.948098 -3.220290
125962 -44.821841 -55.948884 9.967275 -3.380297
125963 -45.320137 -56.514584 9.945359 -3.542214
125964 -45.437599 -56.108044 9.765464 -3.573118
125965 -46.086393 -56.178074 9.506123 -3.763124
125966 -46.711328 -56.234462 9.245869 -3.947155
125967 -46.158889 -55.170363 9.085151 -3.698694
125968 -46.707657 -55.672400 9.038579 -3.905565
125969 -47.282119 -56.239919 8.974657 -4.122137
125970 -47.784086 -56.219001 8.686094 -4.285113
125971 -48.267699 -56.211725 8.390227 -4.432381
125972 -48.724699 -56.247195 8.087053 -4.558500
125973 -48.565942 -51.226829 4.810591 -4.084569
125974 -48.728370 -51.899849 5.054408 -4.112979
125975 -49.125722 -51.632460 4.776804 -4.026034
125976 -49.654301 -52.006259 4.771325 -3.936490
125977 -50.174621 -52.358231 4.832507 -3.816459
125978 -50.500394 -51.274123 4.185068 -3.406330
125979 -50.601338 -51.967151 4.524768 -3.533754
125980 -50.730730 -52.744762 4.940262 -3.669041
125981 -51.351994 -53.109467 5.006010 -3.500844
125982 -51.930127 -53.396864 5.049842 -3.321043
125983 -52.458706 -53.709728 5.044363 -3.139539
125984 -52.901024 -53.969841 4.975876 -2.964943
125985 -52.896435 -53.224971 4.699184 -2.745165
125986 -53.269928 -52.688374 4.380487 -2.371514
135250 -38.571579 -59.325807 5.915530 -2.700385
135251 -38.481647 -58.763744 5.480860 -2.870773
135252 -38.455035 -58.258979 5.090022 -3.010878
135253 -38.732172 -58.189858 5.349363 -3.041168
135254 -39.093734 -57.696007 5.233390 -3.231736
135255 -39.586524 -57.230350 5.133854 -3.437666
135256 -39.746199 -57.688731 5.879003 -3.216655
135257 -39.867332 -57.254906 5.458944 -3.454781
135258 -40.100420 -56.841999 5.028840 -3.653831
135259 -40.660200 -56.532774 4.946654 -3.875746
135260 -41.271369 -56.288122 4.914693 -4.100476
135261 -41.882539 -56.030737 4.896430 -4.326655
135262 -41.225486 -58.072535 7.154705 -2.923993
135263 -41.309912 -57.734206 6.804046 -3.244621
135264 -41.434715 -57.403153 6.488089 -3.562133
135265 -42.309256 -57.597783 6.799481 -3.729464
135266 -41.954117 -57.331303 6.459780 -3.804563
135267 -41.621002 -57.083013 6.122820 -3.864156
135268 -41.910987 -56.723766 5.699108 -4.138287
135269 -42.210148 -56.346329 5.300965 -4.372327
135270 -42.549686 -55.972530 4.962178 -4.554101
135271 -43.189303 -55.976168 5.005097 -4.782563
135272 -43.820662 -55.982535 5.016055 -5.010140
135273 -44.485056 -55.994358 5.060801 -5.231803
135274 -44.414395 -56.708305 5.767596 -5.110421
135275 -44.775958 -56.384528 5.426069 -5.313000
135276 -45.143027 -56.068936 5.047103 -5.437668
135277 -45.809256 -56.221730 5.072672 -5.612576
135278 -46.462639 -56.373614 5.093675 -5.736387
135279 -47.059125 -56.451830 5.064453 -5.787059
135319 -40.351862 -48.266451 7.908072 -2.349864
135320 -41.421868 -45.878139 7.498057 -2.319094
135321 -41.264028 -46.343796 7.540063 -2.361699
135322 -41.160331 -46.749427 7.534584 -2.394862
135323 -41.906398 -47.285115 6.790349 -2.633352
135324 -41.454904 -47.272382 7.130962 -2.527220
135325 -41.041952 -47.245097 7.469749 -2.421265
135326 -40.906136 -47.785332 7.446006 -2.441903
135327 -40.805192 -48.320110 7.479794 -2.456260
135328 -40.768485 -48.853979 7.582982 -2.462905
135329 -41.308076 -49.417861 7.356516 -2.567896
135330 -41.895386 -49.934449 7.256067 -2.666805
135331 -42.525827 -50.431938 7.260632 -2.763492
135332 -42.921343 -49.868057 6.454301 -2.912275
135333 -43.047064 -50.421934 6.839660 -2.886776
135334 -43.162691 -50.933975 7.314510 -2.862485
135335 -43.750001 -51.391447 7.365647 -2.967730
135336 -44.316204 -51.875293 7.438701 -3.082225
135337 -44.926456 -52.373692 7.487099 -3.207676
135338 -45.521107 -52.806608 7.551021 -3.345055
135339 -45.414657 -52.267282 7.140094 -3.342783
135340 -45.860646 -52.114488 6.736472 -3.483840
135341 -46.272681 -51.949871 6.356592 -3.629007
135342 -45.666099 -50.895776 5.916443 -3.555476
135343 -46.179996 -51.318688 5.977625 -3.665434
135344 -46.690221 -51.761608 5.994063 -3.773828
135345 -47.012324 -51.517865 5.677192 -3.909781
135346 -47.352780 -51.316869 5.388629 -4.023811
135347 -47.731779 -51.104049 5.076324 -4.098277
135348 -45.189828 -48.665715 5.073585 -3.678336
135349 -45.689041 -49.031329 4.951220 -3.823307
135350 -46.203855 -49.361473 4.874513 -3.939943
135351 -46.451627 -48.703914 4.425233 -3.967285
135352 -46.581018 -49.206860 4.606954 -4.022887
135353 -46.692057 -49.722539 4.853510 -4.026887
135354 -47.149975 -50.062687 4.858989 -4.084259
135355 -47.620740 -50.449218 4.832507 -4.112889
135356 -48.097930 -50.841207 4.809678 -4.113148
135357 -48.524647 -50.589279 4.530247 -4.050122
135358 -48.986236 -50.322800 4.217029 -3.898306
135359 -49.405612 -49.989018 3.902898 -3.658625
135360 -48.849503 -49.116821 3.626207 -3.670863
135361 -49.347799 -49.397852 3.636252 -3.526222
135362 -49.868118 -49.662513 3.630773 -3.345610
135363 -50.343472 -49.344192 3.381477 -2.984051
135364 -50.827085 -48.924010 3.124875 -2.603153
135365 -51.286839 -48.499279 2.950460 -2.230356
135376 -48.152990 -46.086412 3.028079 -2.595639
135377 -48.509047 -45.799923 2.764172 -2.356751
156741 -38.515601 -57.796051 4.748496 -3.109149
156742 -38.686288 -57.404972 4.406969 -3.157963
156743 -38.910200 -57.019349 4.066356 -3.155684
156744 -39.768223 -56.542778 4.130278 -3.520282
156745 -39.516781 -56.574610 3.901985 -3.324874
156746 -39.272680 -56.601895 3.682824 -3.106543
156747 -39.654432 -56.240829 3.264591 -3.019271
156748 -40.077479 -55.867030 2.823529 -2.904662
156749 -40.584033 -55.548709 2.339547 -2.773174
156750 -42.334033 -55.309515 3.803362 -4.304436
156751 -42.120216 -55.227661 3.481926 -4.057038
156752 -41.915575 -55.234027 3.138573 -3.780312
156753 -43.074594 -54.826577 2.606194 -3.781480
156754 -42.382670 -55.030302 2.681074 -3.640282
156755 -41.710934 -55.290415 2.834487 -3.487532
156756 -41.516388 -55.260402 2.471957 -3.191865
156757 -41.311747 -55.264040 2.150521 -2.904426
156758 -41.178685 -55.304058 1.816300 -2.633038
156759 -41.772418 -55.104880 1.366106 -2.489332
156760 -42.399188 -54.995742 0.942394 -2.344289
156761 -43.059912 -54.955724 0.542424 -2.197754
156762 -43.853698 -54.740176 0.759759 -2.492313
156763 -43.780284 -54.822030 0.411841 -2.258636
156777 -47.383063 -54.412761 1.245567 -2.724025
156778 -47.935502 -54.485520 0.852903 -2.407054
156779 -48.466834 -54.562826 0.533293 -2.119108
156780 -49.238596 -54.395481 0.968876 -2.243424
156781 -49.071579 -54.510985 0.577125 -2.045892
156875 -41.432880 -57.436804 9.915224 -1.966902
156942 -41.889880 -54.414580 10.305149 -2.605256
156943 -41.267699 -54.312717 10.459475 -2.466661
156955 -41.947694 -57.314023 9.970928 -2.163112
156956 -41.921999 -57.505015 9.712500 -2.172343
156957 -42.445072 -57.629615 9.549042 -2.403512
156958 -42.990169 -57.755124 9.372800 -2.660378
156959 -43.512324 -57.883361 9.202950 -2.941311
156960 -44.190483 -57.672361 9.561827 -3.112208
156961 -44.165706 -57.866081 9.198384 -3.176830
156962 -44.109728 -58.013418 8.837681 -3.242879
156963 -44.638307 -58.149841 8.515331 -3.560145
156964 -45.001705 -58.265346 8.222203 -3.887446
156965 -45.258653 -58.389036 8.007607 -4.218888
156966 -45.767043 -57.035720 9.834865 -3.703660
156967 -46.171737 -57.479549 9.660449 -3.862347
156968 -46.439697 -57.890637 9.371887 -4.016361
156969 -47.422523 -57.755124 9.210255 -4.354265
156970 -47.011406 -58.067987 9.117112 -4.284492
156971 -46.458968 -58.252613 8.945435 -4.163718
156972 -46.277269 -58.522730 8.521723 -4.302734
156973 -45.945072 -58.511817 8.128146 -4.431675
156974 -45.517437 -58.387217 7.720871 -4.548774
156975 -45.800080 -58.287173 7.415872 -4.870794
156976 -46.079969 -58.093453 7.030513 -5.176251
156977 -46.450709 -57.888818 6.648807 -5.451506
156978 -47.644600 -58.399950 7.175707 -5.429113
156979 -47.216047 -58.064349 6.730079 -5.576347
156980 -46.806765 -57.626886 6.280799 -5.675752
156981 -47.151810 -57.286738 5.901832 -5.820289
156982 -47.487678 -56.922034 5.501863 -5.852694
156983 -47.857500 -56.616447 5.136594 -5.746292
156984 -46.046933 -53.230428 7.614030 -3.494745
156985 -46.559912 -53.686081 7.700782 -3.656976
156986 -47.082067 -54.160833 7.803057 -3.832021
156987 -47.367463 -53.463257 6.867968 -3.898208
156988 -47.484007 -54.081708 7.385737 -3.947444
156989 -47.606058 -54.653775 7.858760 -4.019936
156990 -48.119036 -55.147626 7.931814 -4.220676
156991 -48.654039 -55.692408 7.875197 -4.433208
156992 -49.092686 -56.138057 7.706261 -4.654938
156993 -48.836655 -52.606521 5.426069 -4.149379
156994 -48.990824 -53.369580 5.815081 -4.205288
156995 -49.172523 -54.104445 6.288104 -4.288558
156996 -50.074595 -54.206307 5.976712 -4.265030
156997 -49.710279 -54.581925 6.403164 -4.369140
156998 -49.344128 -54.827487 6.816831 -4.402456
156999 -49.457002 -55.489593 7.210408 -4.545304
157000 -49.483614 -56.051656 7.400348 -4.709291
157001 -49.466178 -56.589162 7.516321 -4.880519
157002 -49.733221 -57.065733 7.278896 -5.101106
157003 -49.798375 -57.346764 6.857010 -5.303785
157004 -49.665313 -57.476821 6.415948 -5.472229
157005 -50.516912 -56.780154 6.124646 -5.059621
157006 -50.045229 -57.190333 6.037895 -5.345676
157007 -49.367070 -57.371321 5.961188 -5.588643
157008 -48.992660 -57.112117 5.525605 -5.637065
157009 -48.586131 -56.773788 5.129288 -5.606262
157010 -48.202544 -56.351786 4.768585 -5.492672
157011 -48.604484 -56.105315 4.450802 -5.109628
157012 -49.149581 -55.863392 4.117494 -4.637636
157013 -49.716703 -55.647844 3.765009 -4.126139
157014 -50.929865 -55.997086 4.232553 -4.017365
157015 -50.620609 -55.737883 3.847195 -3.829972
157016 -50.302177 -55.425929 3.440833 -3.619154
157017 -50.908758 -55.164906 3.083783 -3.147101
157018 -51.486891 -54.840219 2.671942 -2.726203
157020 -53.244233 -54.125363 4.757627 -2.802827
157021 -53.406661 -54.232682 4.354918 -2.655212
157022 -53.435109 -54.305441 3.880982 -2.521168
157023 -54.086656 -53.237704 3.681910 -1.969977
157024 -53.777400 -53.836146 3.545848 -2.173331
157025 -53.279104 -54.365467 3.386043 -2.397677
157026 -53.068040 -54.334545 2.873753 -2.280983
