#!ascii label  , from subject fsaverage vox2ras=TkReg coords=white
321
526 -48.123624 24.446998 5.716458 -3.082705
1159 -45.966178 28.952595 6.116428 -3.709736
1630 -34.687075 31.777460 6.949241 -2.338071
2220 -39.263504 28.985336 8.681528 -3.827986
2221 -45.264159 25.259170 8.708010 -2.385302
4914 -36.512324 30.073082 7.918117 -3.281767
4915 -40.076561 30.480532 7.147399 -3.377371
4916 -47.727190 26.964457 5.925575 -3.800375
4917 -45.563320 27.823012 7.903506 -3.866228
4918 -47.486760 25.263717 7.260632 -3.048016
4919 -47.513373 23.462024 8.918040 -1.412250
4920 -48.511800 22.738073 7.037818 -1.944131
4922 -47.617987 21.958643 5.900919 -2.010817
6693 -43.337966 30.248613 6.094512 -2.916272
6695 -47.581280 27.649300 4.119320 -3.005167
6696 -47.840982 25.766663 4.504679 -2.937916
6697 -46.638832 23.604814 5.130202 -2.286174
9223 -35.926849 28.408722 9.861347 -3.121801
9224 -39.135947 26.657051 10.186436 -2.709990
9225 -42.829576 29.381872 7.766530 -3.961423
9226 -42.413871 27.340075 9.160031 -3.404392
9227 -42.438648 24.696198 10.042155 -1.599025
12594 -38.836786 31.083522 6.649720 -2.949030
12595 -40.484925 31.202664 6.254317 -2.720742
12596 -48.059387 25.829418 5.895440 -3.527415
12597 -47.515208 26.309627 6.645154 -3.631010
12598 -48.081412 24.910836 6.423254 -3.166054
12599 -48.088753 23.976794 7.091696 -2.483342
12600 -48.264028 23.533874 6.247924 -2.600524
12601 -48.318171 22.279692 6.360245 -2.049291
12602 -47.954773 23.120967 5.721937 -2.538108
14998 -47.544574 26.826215 3.343124 -2.439641
14999 -47.942843 26.746180 4.348526 -3.062545
15000 -47.381228 26.068613 3.761356 -2.410367
15001 -46.898533 25.292821 4.224335 -2.243481
20500 -33.906136 30.723365 8.178371 -2.490110
20501 -37.826430 29.556494 8.273341 -3.660030
20502 -36.102124 29.312751 8.830376 -3.320812
20503 -37.561223 28.767969 9.201123 -3.530097
20504 -37.518092 27.590184 10.135299 -3.074934
20505 -39.137783 27.884857 9.576437 -3.440319
20506 -44.675932 29.580140 6.093598 -3.369860
20507 -43.162691 29.883909 7.137354 -3.578923
20508 -44.487809 29.293652 7.123657 -3.877756
20509 -45.384374 26.588839 8.274254 -3.279572
20510 -44.008784 27.671128 8.623085 -3.681282
20511 -43.904170 26.342368 8.889732 -2.927100
20512 -42.378999 26.009496 9.423024 -2.532622
20513 -43.849109 25.004513 9.352710 -1.972797
27275 -36.138831 31.826572 6.429646 -2.515947
27276 -35.450578 30.776115 7.586635 -2.805618
27277 -37.112481 30.904353 7.113612 -2.996641
27278 -38.281595 30.308639 7.519060 -3.447368
27279 -39.650761 29.840253 7.866066 -3.790718
27280 -46.944416 28.084944 6.103643 -3.864031
27281 -45.727583 28.555149 7.098088 -4.003256
27282 -46.716834 27.533796 6.958372 -3.921207
27283 -46.560829 26.543365 7.532758 -3.533021
27284 -46.432355 25.322834 7.971994 -2.767379
27285 -46.424096 24.246911 8.709837 -1.856830
27286 -47.489513 24.249640 7.919030 -2.217021
27287 -48.228239 23.167351 7.981125 -1.717591
30975 -41.964212 30.923452 5.691803 -2.434789
30981 -47.014159 28.382346 5.104633 -3.428665
30982 -47.740955 27.472860 5.171294 -3.555881
30983 -48.186026 26.402394 5.144812 -3.471903
30984 -48.052964 25.222790 5.204169 -3.202092
30985 -47.628999 23.865836 5.242522 -2.783839
30986 -47.354616 24.703473 4.816070 -2.666737
30987 -46.107500 24.370601 4.781370 -1.981059
37911 -34.823808 29.926655 8.577427 -2.927340
37912 -34.539329 29.028991 9.615704 -2.898578
37917 -41.844914 30.534192 6.852444 -3.169450
37918 -41.490693 29.988500 7.548282 -3.734621
37919 -40.975879 29.236354 8.239553 -3.959106
37920 -44.193236 28.667925 7.948251 -4.011675
37921 -42.567122 28.587890 8.624912 -3.919760
37922 -40.864841 28.219548 9.091543 -3.731782
37923 -40.762979 27.014479 9.598353 -3.065869
37924 -40.762979 25.649339 10.096032 -2.157970
37944 -47.182093 22.761720 5.369453 -2.285352
43314 -39.889356 31.550088 5.930141 -2.499597
43315 -40.730861 31.490971 5.767596 -2.354348
43316 -48.128213 25.173678 5.813254 -3.323106
43317 -48.050211 25.451981 6.209571 -3.397203
43318 -48.186026 24.740762 6.046113 -3.150964
43319 -48.220898 24.217808 6.308194 -2.889369
43320 -48.194285 23.989527 5.956623 -2.878292
43321 -48.165837 23.312869 5.952970 -2.592933
43322 -48.059387 23.727594 5.682671 -2.816456
45719 -47.502361 26.466968 3.513887 -2.444987
51220 -34.263110 31.238134 7.583895 -2.426843
51221 -38.547720 29.309113 8.466020 -3.775738
51222 -37.642895 29.186333 8.726274 -3.638659
51223 -38.390798 28.858008 8.915301 -3.699256
51224 -38.323808 28.334144 9.418458 -3.525339
51225 -39.175407 28.477843 9.150899 -3.685757
51226 -45.342161 29.308204 6.125559 -3.559234
51227 -44.637389 29.454631 6.635110 -3.661655
51228 -45.255900 29.160867 6.651547 -3.805680
51229 -45.295360 25.904905 8.462367 -2.854867
51230 -44.651155 26.464239 8.596603 -3.112161
51231 -44.585082 25.789400 8.776498 -2.659279
51232 -43.862874 25.682990 9.058669 -2.454680
51233 -44.560305 25.135480 9.036752 -2.178392
51234 -44.482303 24.558865 9.433982 -1.712185
51235 -45.169639 24.658909 9.055929 -1.912086
60819 -36.599503 31.341816 6.808612 -2.755470
60820 -37.485056 31.444588 6.568448 -2.770532
60821 -39.417673 30.757925 6.912714 -3.168490
60822 -38.560567 30.683347 7.090782 -3.227598
60823 -39.128606 30.414139 7.292594 -3.437326
60824 -38.957001 30.077629 7.704434 -3.637256
60825 -39.838884 30.164940 7.523626 -3.624249
60826 -47.372969 27.531977 6.036982 -3.859719
60827 -46.876509 27.822103 6.552011 -3.946408
60828 -47.289461 27.270954 6.446083 -3.885378
60829 -47.489513 25.780306 6.963852 -3.384878
60830 -47.104091 26.414218 7.105393 -3.604771
60831 -47.043525 25.898539 7.377519 -3.305934
60832 -46.475486 25.991306 7.762877 -3.186287
60833 -47.004065 25.369218 7.633207 -2.924609
60834 -46.983876 24.788056 7.906245 -2.491612
60835 -47.496855 24.753495 7.533671 -2.647186
60836 -48.311747 23.339244 7.025947 -2.203557
60837 -48.171343 23.509318 7.480707 -2.094035
60838 -48.424621 22.940889 7.468836 -1.843949
60843 -48.000656 22.125989 6.091772 -2.048839
68029 -47.466571 27.663852 3.548587 -2.660484
68031 -47.295885 28.041289 4.029829 -2.901335
68032 -47.021501 28.430549 4.516550 -3.110195
68033 -47.362875 28.029466 4.603301 -3.235702
68034 -47.391322 27.923056 5.152118 -3.519182
68035 -47.679471 27.593822 4.661744 -3.309969
68036 -47.924490 26.247782 4.376835 -3.020723
68037 -48.056634 26.603391 4.744843 -3.303467
68038 -48.086918 26.071341 4.773151 -3.228919
68039 -48.154825 25.831237 5.163076 -3.358118
68040 -48.001574 25.531106 4.852597 -3.112530
68041 -47.809781 24.948125 4.943915 -2.958448
68042 -47.660200 25.253713 4.658092 -2.818599
68044 -46.533299 24.859905 4.504679 -2.121772
84541 -35.916755 30.393221 7.773835 -3.048500
84542 -35.084426 30.362299 8.051440 -2.886619
84543 -35.639618 29.980314 8.229508 -3.118178
84544 -35.957132 28.887112 9.323489 -3.249539
84545 -35.270714 29.183604 9.202037 -3.108972
84546 -35.171605 28.717947 9.723458 -3.034951
84551 -38.298113 27.147264 10.164520 -2.927477
84556 -42.629524 30.576938 5.925575 -2.674112
84557 -41.907316 30.752468 6.353852 -2.811788
84558 -42.644206 30.434148 6.552924 -3.045403
84559 -43.035135 29.658356 7.424090 -3.815636
84560 -42.369823 29.956668 7.363821 -3.664897
84561 -42.179864 29.683822 7.679779 -3.867754
84562 -41.235580 29.672908 7.862413 -3.898496
84563 -41.924752 29.364592 8.030437 -3.972857
84564 -45.632146 28.269570 7.559240 -3.992851
84565 -45.002623 28.666106 7.559240 -4.021387
84566 -44.889749 28.283212 7.980212 -3.963495
84567 -43.213163 27.511968 8.935390 -3.552443
84568 -43.285659 28.153156 8.694313 -3.823608
84569 -42.493708 28.004910 8.969178 -3.718693
84570 -41.698087 28.405084 8.876947 -3.838483
84571 -41.639356 27.813917 9.195644 -3.592353
84572 -40.795098 27.638387 9.361842 -3.445920
84573 -41.562271 27.185462 9.391063 -3.240642
84574 -42.418459 25.343752 9.692410 -2.052034
84575 -41.563189 25.811228 9.774596 -2.338718
84576 -41.621920 25.154579 10.071377 -1.870613
84586 -46.985711 23.830366 8.813938 -1.620187
84587 -46.396566 23.852194 9.236737 -1.441214
84588 -46.953593 23.482942 9.416632 -1.249377
84623 -47.198611 23.745784 5.150291 -2.556822
84624 -47.450053 23.261937 5.301878 -2.538101
84625 -46.928816 23.190997 5.270830 -2.326165
96396 -38.284348 31.483696 6.331936 -2.724859
96397 -39.067122 31.508252 6.118254 -2.628798
96398 -39.666362 31.144457 6.462520 -2.849084
96399 -40.285790 30.820680 6.738298 -3.069103
96400 -47.926325 26.425131 5.901832 -3.688310
96401 -47.615234 26.710710 6.330110 -3.770909
96402 -47.858417 26.106811 6.247924 -3.606378
96403 -47.817122 25.628421 6.535574 -3.416804
96404 -47.829052 25.121837 6.860663 -3.130414
96405 -47.823546 24.622529 7.177534 -2.769562
96406 -48.103436 24.426990 6.759301 -2.851964
96407 -48.226404 23.772159 6.637849 -2.562979
96408 -48.375984 23.117329 6.624151 -2.278557
96409 -48.486105 22.506154 6.680768 -2.013638
96410 -48.338360 22.866311 6.285365 -2.315301
96411 -48.100683 22.698056 6.006847 -2.311128
96412 -47.787757 22.540714 5.783120 -2.264149
100723 -47.484007 27.223661 3.162315 -2.390120
100724 -47.655612 27.176367 3.702000 -2.738315
100725 -47.810698 27.174548 4.228901 -3.058609
100726 -47.749214 26.779831 3.866371 -2.768136
100727 -47.737285 26.381476 3.997868 -2.752722
100728 -47.626246 25.927642 4.125712 -2.696907
100729 -47.460148 25.521102 4.346700 -2.605868
100730 -47.183011 25.687538 3.975952 -2.341339
110629 -37.141847 29.794779 8.088880 -3.490758
110630 -36.312271 29.672908 8.332697 -3.332267
110631 -36.964736 29.422799 8.484283 -3.511582
110632 -36.810567 29.061733 8.996573 -3.457747
110633 -36.750918 28.623360 9.503384 -3.331865
110634 -36.739906 28.045836 10.014760 -3.139431
110635 -37.514421 28.201359 9.700629 -3.338882
110636 -38.305454 27.745706 9.823907 -3.262472
110637 -39.122182 27.290963 9.884176 -3.106621
110638 -43.996855 29.923017 6.146562 -3.151797
110639 -43.304012 30.106733 6.673463 -3.271605
110640 -43.974830 29.770223 6.668897 -3.480459
110641 -43.869298 29.611972 7.105393 -3.746619
110642 -43.678422 29.353678 7.444180 -3.929246
110643 -45.487153 27.248217 8.127233 -3.624570
110644 -44.849372 27.762986 8.309867 -3.787287
110645 -44.739251 27.149083 8.457801 -3.497905
110646 -43.961065 27.014479 8.773759 -3.347531
110647 -43.175538 26.848043 9.034013 -3.178934
110648 -42.354222 26.707982 9.243129 -2.997680
110649 -43.165444 26.206855 9.099761 -2.731426
110650 -43.155350 25.527468 9.337186 -2.249451
110651 -43.158103 24.860815 9.665015 -1.777053
110652 -43.153514 24.304209 10.033937 -1.353307
110653 -43.807814 24.450636 9.725284 -1.523512
110678 -45.999214 23.502951 5.159423 -1.984382
110679 -46.326823 23.112781 5.298225 -2.075355
125081 -35.377164 31.789283 6.672550 -2.443933
125082 -35.022942 31.253596 7.284375 -2.565696
125083 -35.795622 31.283609 7.030513 -2.682192
125084 -36.261799 30.837051 7.325468 -2.927292
125085 -36.780284 30.475075 7.531845 -3.169075
125086 -38.023729 31.025314 6.856097 -3.002858
125087 -37.652072 30.573300 7.319076 -3.230531
125088 -37.358417 30.178582 7.705347 -3.395779
125089 -38.033824 29.923926 7.900766 -3.594633
125090 -38.743184 29.711106 8.064224 -3.753424
125091 -39.438779 29.441898 8.239553 -3.861892
125092 -46.487416 28.550602 6.111862 -3.813194
125093 -45.873493 28.780702 6.625978 -3.904548
125094 -46.387389 28.373252 6.637849 -3.952550
125095 -46.255245 28.101315 7.066127 -3.988982
125096 -46.187337 27.771172 7.451485 -3.912818
125097 -47.215129 26.881694 6.778478 -3.800864
125098 -46.670950 27.100880 7.282549 -3.782499
125099 -46.124018 27.275501 7.733656 -3.721565
125100 -45.985449 26.627037 7.929075 -3.422230
125101 -45.931307 25.955836 8.114449 -3.033288
125102 -45.873493 25.317377 8.357352 -2.584651
125103 -45.813845 24.733486 8.681528 -2.114762
125104 -46.418590 24.756224 8.295257 -2.311084
125105 -46.996724 24.257825 8.304388 -2.044327
125106 -47.517043 23.802172 8.394792 -1.794604
125107 -47.827216 24.157782 7.498057 -2.365972
125108 -47.896042 23.709405 7.940946 -1.955387
125109 -47.937337 23.368347 8.430406 -1.571154
134541 -41.375066 31.298160 5.423330 -2.205450
134542 -41.911904 31.021676 4.960352 -2.060045
134543 -42.560698 30.655153 5.203255 -2.292321
134544 -43.274647 30.305911 5.402327 -2.536092
134547 -43.964736 29.994866 5.500036 -2.783284
134548 -44.647484 29.687460 5.512821 -3.023545
134549 -45.337573 29.389148 5.531997 -3.245027
134550 -46.016650 29.086289 5.578569 -3.435873
134558 -46.579183 28.785249 5.016055 -3.287493
134559 -46.577348 28.703395 5.581309 -3.585544
134560 -46.993053 28.266842 5.612357 -3.686092
134561 -47.395911 27.773900 5.603225 -3.732934
134562 -47.747379 27.212747 5.537476 -3.724669
134563 -47.917148 27.119070 4.718361 -3.331824
134564 -48.004327 26.976280 5.144812 -3.539144
134565 -47.992397 26.657960 5.507342 -3.662860
134566 -48.108024 26.124091 5.538390 -3.550724
134567 -48.130048 25.533835 5.525605 -3.392530
134568 -48.086000 24.882642 5.479947 -3.193393
134569 -47.949267 24.143230 5.441593 -2.960150
134570 -47.878606 24.566141 5.234303 -3.008538
134571 -47.479419 24.336041 5.045277 -2.771013
134572 -46.955428 24.157782 4.986834 -2.486928
134573 -47.178423 25.021794 4.566774 -2.484179
134574 -46.759047 24.512481 4.788675 -2.336155
134575 -46.352518 23.989527 4.985007 -2.166970
134576 -45.676194 23.891302 5.031579 -1.827385
141244 -35.016519 32.283134 6.372116 -2.220264
141245 -35.695596 32.292229 6.119167 -2.285860
154695 -34.635685 30.786119 7.827712 -2.652445
154696 -34.350289 30.322281 8.349134 -2.707177
154698 -35.442318 29.602877 8.702531 -3.137566
154699 -34.665968 29.493739 9.092456 -2.930527
154713 -41.325512 31.096254 6.073509 -2.579291
154714 -41.148401 30.857969 6.573927 -2.945995
154715 -41.004327 30.525097 7.009510 -3.283359
154716 -42.523074 30.219509 7.026860 -3.383444
154717 -41.687075 30.260436 7.217713 -3.484688
154718 -40.784086 30.231333 7.366560 -3.568646
154719 -40.560174 29.946663 7.703521 -3.780347
154720 -40.346356 29.565588 8.024958 -3.899880
154721 -40.154563 29.093565 8.469673 -3.913211
154722 -45.121002 28.940771 7.109959 -3.965076
154723 -44.324463 29.008983 7.488926 -3.999300
154724 -43.524254 29.018987 7.845063 -4.010484
154725 -44.049162 28.245924 8.389313 -3.905925
154726 -43.415051 28.622451 8.319912 -3.977337
154727 -42.663478 29.018078 8.194808 -3.999712
154728 -41.736629 28.942590 8.466933 -3.965720
154729 -40.901548 28.746141 8.699792 -3.904925
154730 -40.064631 28.583343 8.947262 -3.812654
154731 -39.995806 28.073121 9.299746 -3.598615
154732 -39.971029 27.468313 9.615704 -3.282170
154733 -39.951757 26.829853 9.880524 -2.886355
154734 -41.567777 26.501528 9.531692 -2.809958
154735 -40.751050 26.332364 9.817515 -2.623034
154736 -39.950840 26.144100 10.129820 -2.445091
154749 -45.749608 24.242364 9.130809 -1.663987
154794 -47.806110 23.512956 5.477207 -2.702809
154795 -47.616152 22.942707 5.531997 -2.435201
154796 -47.383063 22.383373 5.613270 -2.173937
154797 -46.619560 22.670771 5.424243 -2.093321
154798 -46.903121 22.295153 5.558479 -2.042142
154799 -47.142633 21.827677 5.791338 -1.935063
