#!ascii label  , from subject fsaverage vox2ras=TkReg coords=white
418
37 -25.904038 5.243190 -31.206748 -2.887871
333 -33.562009 10.317215 -29.856166 -2.571070
813 -28.942449 8.880227 -31.341898 -2.211154
1751 -37.532775 9.678756 -25.867430 -3.377214
1976 -36.185633 5.095853 -25.387101 -2.924832
1977 -32.895779 5.004904 -27.800616 -1.993373
1978 -29.642633 3.396023 -27.725736 -1.989728
2733 -26.832722 7.430505 -31.421344 -2.451593
2734 -26.187599 10.048917 -33.038572 -2.260623
2735 -24.694547 7.775200 -33.286041 -2.464325
2737 -24.445858 5.158608 -32.747270 -2.748390
3878 -35.641453 10.118038 -28.064522 -2.964116
3879 -36.511406 12.918347 -27.951289 -2.753417
3880 -34.256687 13.361267 -30.157513 -2.346592
4339 -34.035528 2.789395 -25.172506 -2.104876
4340 -32.570006 2.490174 -25.699406 -1.889472
4341 -31.169639 4.359169 -28.103789 -1.811680
4342 -31.082460 1.986319 -25.547820 -1.833415
6071 -31.361432 9.881571 -30.917273 -2.270953
6072 -31.611039 13.039309 -31.698035 -2.174762
6073 -28.899319 11.786946 -32.469665 -2.159731
8517 -36.901417 7.365931 -25.970619 -3.285591
8518 -35.082591 7.641506 -27.806095 -2.855437
8519 -35.388176 2.758473 -24.176235 -2.365733
8520 -34.575119 5.283207 -26.805258 -2.463526
8521 -33.268354 7.505083 -29.176766 -2.327818
8522 -31.237547 7.002137 -29.908217 -1.992029
8523 -29.216833 6.077189 -30.036061 -2.048981
8524 -27.765994 4.546523 -29.649789 -2.451047
10413 -26.206870 6.445531 -31.380251 -2.662134
10414 -25.534217 7.845231 -32.324471 -2.533392
10415 -25.180913 6.645618 -32.303468 -2.712648
10416 -24.481647 6.498281 -33.132628 -2.597779
10417 -25.102911 5.311401 -31.998468 -2.895133
11558 -34.590719 10.283564 -29.048009 -2.764616
11559 -34.887127 11.806954 -29.094581 -2.682669
11560 -33.814369 11.908817 -30.057977 -2.518950
12021 -31.801915 2.341928 -25.787071 -1.841179
13958 -30.219849 9.405000 -31.150131 -2.204395
13959 -30.084033 11.030253 -31.668813 -2.237885
13960 -28.824987 10.419078 -31.927241 -2.234163
13961 -25.507604 9.879752 -34.050367 -2.147868
18770 -36.566466 6.238168 -25.750544 -3.144981
18771 -35.992004 7.546010 -26.910273 -3.094529
18772 -35.737809 6.350035 -26.557788 -2.934996
18776 -33.554668 3.936258 -26.505737 -2.066998
18777 -34.317253 4.080866 -26.098463 -2.263504
18778 -33.727190 5.231367 -27.393341 -2.209495
18779 -33.949267 6.418247 -28.068175 -2.396718
18780 -33.072890 6.221797 -28.602381 -2.142362
18781 -32.275433 7.307724 -29.631526 -2.117895
18782 -32.196513 5.999883 -28.989566 -1.956145
18783 -30.340064 3.888055 -28.024343 -1.865803
18784 -30.314369 5.204082 -29.154850 -1.886320
18785 -29.445334 4.647476 -29.059880 -2.003462
18786 -28.386340 5.340505 -29.860732 -2.221323
18787 -28.750656 3.968999 -28.720180 -2.188142
23351 -27.776089 8.252681 -31.452391 -2.295132
23352 -27.438385 9.684213 -32.154621 -2.283022
23353 -26.300472 8.842028 -32.276073 -2.384731
23354 -25.282774 9.000279 -33.221206 -2.350581
23355 -24.745937 8.594648 -34.261309 -2.204087
23357 -24.267830 7.357746 -34.241220 -2.271476
23358 -24.016387 6.053542 -33.987358 -2.368427
23359 -23.922785 4.725692 -33.514334 -2.521711
25412 -36.603173 9.903399 -27.019853 -3.165638
25413 -36.989513 11.324926 -26.899315 -3.116454
25414 -36.000263 11.575945 -28.039867 -2.879286
25415 -35.390011 13.244853 -28.981347 -2.514863
26243 -33.274778 2.618412 -25.481158 -1.982168
26244 -32.745281 3.778007 -26.830827 -1.911573
26245 -32.053357 4.747520 -28.063609 -1.853677
26246 -31.934977 3.553364 -26.980587 -1.825960
26247 -31.121920 3.195936 -26.913925 -1.819830
26248 -30.407054 2.779391 -26.730378 -1.876153
29525 -32.482827 10.140775 -30.457034 -2.399381
29526 -32.614972 11.831510 -30.766599 -2.386732
29527 -31.383456 11.517738 -31.296239 -2.290720
29528 -30.263897 12.503621 -32.178363 -2.151158
29530 -27.482434 10.945671 -32.809365 -2.196738
34138 -32.981123 13.332163 -31.033245 -2.236926
35821 -37.181306 8.514613 -26.005319 -3.352052
35822 -36.272811 8.720157 -27.039943 -3.169563
35823 -35.343210 8.893869 -27.997861 -2.959785
35824 -34.352124 8.957533 -28.873593 -2.727110
35827 -35.809387 3.999922 -24.893988 -2.650331
35828 -34.702675 2.840326 -24.684872 -2.237752
35829 -35.090850 4.119065 -25.514032 -2.466930
35830 -35.390011 5.243190 -26.144121 -2.712849
35831 -34.865103 6.410061 -27.348595 -2.675513
35832 -34.177767 7.632411 -28.532980 -2.587801
35833 -33.348192 8.940253 -29.647050 -2.492675
35834 -32.368118 8.721976 -30.137423 -2.289014
35835 -31.299948 8.419117 -30.473471 -2.148266
35836 -30.171212 7.978925 -30.657932 -2.092291
35837 -31.267830 5.596980 -29.112844 -1.867504
35838 -30.200577 6.599234 -30.009579 -1.968263
35839 -29.017699 7.491441 -30.768425 -2.130734
35840 -28.055979 6.816602 -30.736464 -2.261779
35841 -27.253016 6.013525 -30.652453 -2.469610
35842 -26.813451 4.981258 -30.416854 -2.715898
39820 -30.553881 1.434260 -25.057446 -1.839190
39821 -29.861957 2.139112 -26.060109 -1.951091
39824 -29.085606 2.702994 -27.111171 -2.130456
39825 -28.259702 3.167742 -28.123879 -2.381836
39826 -27.386078 3.539722 -29.012395 -2.674507
39827 -26.607893 3.828938 -29.836077 -2.934920
41133 -26.066466 5.833447 -31.297152 -2.776373
41134 -25.674620 6.601053 -31.829532 -2.708657
41135 -25.544311 5.931671 -31.751912 -2.813078
41136 -25.163477 5.974417 -32.165579 -2.805480
41137 -25.489251 5.301397 -31.608544 -2.913599
42278 -34.067646 10.327220 -29.469895 -2.666342
42279 -34.198873 11.125749 -29.628787 -2.647597
42280 -33.646435 11.100283 -29.973966 -2.562226
44678 -29.587573 9.152163 -31.247841 -2.198185
44679 -29.536183 9.939778 -31.509921 -2.225870
44680 -28.839670 9.629643 -31.631373 -2.233173
49488 -36.608679 5.013090 -25.034617 -3.010688
49489 -36.828003 5.539683 -25.160635 -3.128623
49490 -36.383850 5.645183 -25.593478 -3.043914
49491 -36.144337 6.290918 -26.161472 -3.047364
49492 -35.980992 5.710666 -25.963313 -2.943706
49496 -33.228894 4.470126 -27.164135 -2.029735
49497 -33.629917 4.568351 -26.941321 -2.131081
49498 -33.308732 5.098582 -27.577802 -2.094004
49499 -33.406005 5.737951 -28.006993 -2.173202
49500 -32.981123 5.598799 -28.189627 -2.060625
49501 -32.618642 6.120844 -28.793234 -2.038465
49502 -32.555323 5.509669 -28.401483 -1.966802
49503 -29.992266 3.657955 -27.926633 -1.921722
49504 -29.904169 4.282772 -28.552156 -1.923061
49505 -29.522418 4.014474 -28.459013 -1.995024
49506 -29.061747 4.341889 -28.935689 -2.090331
49507 -29.205821 3.699791 -28.251723 -2.078714
54278 -27.212638 7.869787 -31.430475 -2.365050
54279 -27.042869 8.632846 -31.856014 -2.353611
54280 -26.507866 8.171737 -31.843229 -2.425236
54281 -25.045098 7.867059 -32.781970 -2.517444
54282 -25.340588 8.435488 -32.738138 -2.446878
54283 -24.903776 8.412751 -33.237643 -2.404710
54284 -24.957001 8.857489 -33.728930 -2.288650
54285 -24.615627 8.252681 -33.774589 -2.331943
54286 -24.459623 7.995296 -34.225696 -2.235495
54287 -24.464211 7.609674 -33.762717 -2.379701
54288 -24.446776 5.800705 -32.986521 -2.670945
54289 -24.221028 6.315475 -33.571864 -2.492712
54290 -24.190745 5.633360 -33.363661 -2.561084
54291 -23.972339 5.403260 -33.755412 -2.436267
54292 -24.168721 4.966706 -33.125323 -2.639879
57713 -36.114972 10.015266 -27.544927 -3.064372
57714 -36.312271 10.718299 -27.542188 -3.034074
57715 -35.793787 10.837442 -28.096484 -2.930558
57716 -34.569613 12.648229 -29.605957 -2.519246
57717 -35.124804 12.565466 -29.041617 -2.605501
57718 -34.875197 13.293055 -29.563951 -2.422666
57719 -35.167935 13.871489 -29.573083 -2.317303
57720 -34.596225 13.848752 -30.117334 -2.234767
59098 -32.948087 2.614774 -25.619960 -1.930887
59099 -33.030677 3.193207 -26.150513 -1.950246
59100 -32.669114 3.163194 -26.312145 -1.895319
59101 -32.321317 3.642494 -26.938581 -1.858871
59102 -32.283692 3.021314 -26.345019 -1.855616
59103 -31.481647 2.178220 -25.671098 -1.833402
59104 -31.484400 2.791214 -26.359630 -1.824970
59105 -31.142109 2.583851 -26.266486 -1.831488
59106 -30.784217 2.963107 -26.837219 -1.842343
59107 -30.747510 2.417415 -26.169690 -1.847916
64913 -31.940483 10.052555 -30.699938 -2.328450
64914 -31.926718 10.872912 -30.898096 -2.348374
64915 -31.367856 10.730122 -31.119084 -2.297119
64916 -29.480205 11.494091 -32.076088 -2.205108
64917 -30.148270 11.816049 -31.920849 -2.210078
64918 -29.596749 12.153469 -32.307121 -2.151713
64919 -29.764683 12.757368 -32.641342 -2.072246
64920 -29.078265 12.322633 -32.711656 -2.085574
64921 -26.737284 9.929774 -32.559156 -2.284649
64922 -27.495281 10.317215 -32.447749 -2.249720
64923 -26.829051 10.540949 -32.884246 -2.225372
75226 -36.740824 12.130731 -27.380556 -2.945640
75241 -32.091899 12.507259 -31.229577 -2.283385
75242 -32.752623 12.630040 -30.912707 -2.327171
75243 -32.323152 13.185736 -31.352856 -2.200528
79346 -37.170294 6.671084 -25.470200 -3.303895
79348 -37.319875 7.236784 -25.512206 -3.361829
79350 -37.028973 7.927085 -25.989795 -3.326536
79351 -36.752754 8.577368 -26.501172 -3.263881
79352 -36.584820 8.061689 -26.497519 -3.239838
79353 -35.579969 7.585118 -27.337637 -2.980216
79354 -35.686419 8.185379 -27.499269 -3.035794
79355 -35.209230 8.257228 -27.908370 -2.919246
79356 -34.826561 8.943891 -28.455360 -2.845377
79357 -34.738464 8.289060 -28.339387 -2.795418
79365 -35.623100 3.398751 -24.515022 -2.506306
79368 -34.331936 2.808494 -24.909512 -2.171171
79369 -34.438386 4.701136 -26.502998 -2.359708
79370 -34.699004 4.120884 -25.843688 -2.366318
79371 -34.861432 4.691132 -26.192519 -2.476928
79372 -35.254196 4.677489 -25.813553 -2.590175
79373 -35.002754 5.256832 -26.466471 -2.591162
79374 -35.133981 5.846179 -26.762339 -2.703992
79375 -34.712769 5.848908 -27.088341 -2.570596
79376 -33.633587 6.932106 -28.616992 -2.359519
79377 -34.081411 6.967576 -28.266334 -2.495102
79378 -33.718931 7.593303 -28.892770 -2.454160
79379 -33.767568 8.329078 -29.142979 -2.539735
79380 -33.297720 8.224487 -29.432454 -2.417027
79381 -32.857237 8.839300 -29.917349 -2.384832
79382 -32.835213 8.134448 -29.729235 -2.304346
79383 -31.744101 7.194948 -29.815987 -2.042922
79384 -31.802832 7.860692 -30.047019 -2.127212
79385 -31.281595 7.673338 -30.205911 -2.069772
79386 -30.763110 8.177193 -30.577572 -2.108804
79387 -30.698873 7.508721 -30.322797 -2.036227
79388 -31.612874 4.531971 -28.096484 -1.820010
79389 -31.670688 5.175888 -28.595989 -1.849646
79390 -31.218275 4.966706 -28.611513 -1.830139
79391 -29.775695 5.653368 -29.616002 -1.958150
79392 -30.277662 5.885287 -29.584954 -1.919809
79393 -29.754589 6.297285 -29.989490 -1.995959
79394 -29.638962 7.045792 -30.391285 -2.044785
79395 -29.145255 6.747481 -30.393112 -2.086915
79396 -28.523073 7.164935 -30.758381 -2.185257
79397 -28.633194 6.480092 -30.419594 -2.152941
79398 -28.073414 4.951245 -29.766676 -2.332237
79399 -27.829314 5.675196 -30.260702 -2.346377
79400 -27.520058 5.265927 -30.181256 -2.464855
79401 -27.007080 5.522402 -30.552004 -2.591432
79402 -27.293393 4.774804 -30.014145 -2.588791
89308 -30.204248 1.814426 -25.548733 -1.887981
89318 -28.673572 2.943098 -27.624373 -2.248070
89323 -26.979550 3.685239 -29.422410 -2.814689
92471 -26.484007 6.965757 -31.408559 -2.552014
92472 -26.151810 7.696985 -31.864232 -2.510323
92473 -25.864578 7.174030 -31.877017 -2.606073
92474 -25.324987 7.274073 -32.339082 -2.620687
92475 -24.865234 7.249517 -32.788362 -2.593812
92476 -24.564238 7.134922 -33.218467 -2.528820
92477 -24.806503 6.601963 -32.717135 -2.673966
92478 -24.767043 5.921667 -32.592030 -2.755679
92479 -24.742266 5.261380 -32.374695 -2.837050
94532 -35.128475 10.198982 -28.544851 -2.864173
94533 -35.242266 10.933847 -28.591423 -2.832031
94534 -34.707263 11.042986 -29.105539 -2.737729
94535 -34.382408 11.851519 -29.583128 -2.596969
94536 -34.049293 12.650958 -30.068936 -2.444633
95365 -32.178160 2.496541 -25.773373 -1.859459
98852 -30.808994 9.643286 -31.047856 -2.229054
98853 -30.774122 10.500932 -31.312676 -2.258751
98854 -30.155612 10.223538 -31.424996 -2.234663
98855 -29.479287 10.724665 -31.791178 -2.229587
98856 -28.798375 11.139391 -32.195714 -2.209985
98857 -25.799424 10.045279 -33.531685 -2.213419
98858 -26.298637 10.590061 -33.382838 -2.180928
105040 -36.337048 13.580453 -28.528414 -2.546252
105049 -31.156791 13.405832 -32.179277 -2.064590
105050 -31.857893 13.600462 -31.858753 -2.073199
107513 -36.995937 6.119025 -25.354227 -3.226662
107514 -36.726141 6.822059 -25.902131 -3.225647
107515 -36.462769 7.437781 -26.439989 -3.196563
107516 -36.287494 6.894817 -26.334974 -3.132331
107517 -35.880048 6.948477 -26.758686 -3.024509
107518 -35.420294 6.988495 -27.191530 -2.903671
107524 -33.823546 3.376924 -25.846427 -2.095073
107525 -34.197038 3.446045 -25.613568 -2.178043
107526 -33.927242 4.020840 -26.293882 -2.162311
107527 -34.040116 4.682037 -26.749554 -2.242779
107528 -34.134636 5.286845 -27.144045 -2.334530
107529 -34.269534 5.849817 -27.422562 -2.433961
107530 -33.827216 5.827990 -27.759523 -2.299556
107531 -33.492266 6.336393 -28.366782 -2.263565
107532 -33.133456 6.862985 -28.947560 -2.233644
107533 -32.776482 7.421410 -29.441586 -2.214145
107534 -32.702151 6.766580 -29.166721 -2.122940
107535 -32.211196 6.653804 -29.340224 -2.032048
107536 -31.732172 6.497372 -29.469895 -1.964515
107537 -30.773205 4.152716 -28.099223 -1.827764
107538 -30.763110 4.771166 -28.635255 -1.837058
107539 -30.307945 4.551980 -28.631602 -1.868958
107540 -29.826167 4.961249 -29.132021 -1.933947
107541 -29.306765 5.382341 -29.604131 -2.020786
107542 -28.761668 5.737951 -29.984924 -2.125221
107543 -28.930520 4.994900 -29.472634 -2.104530
107544 -28.618511 4.613825 -29.337485 -2.204610
107545 -28.268878 4.253669 -29.188638 -2.314402
115925 -28.302832 8.581006 -31.432302 -2.243550
115926 -28.186288 9.334060 -31.744607 -2.256920
115927 -27.525564 9.020288 -31.849621 -2.297173
115928 -26.807027 9.327694 -32.241372 -2.327454
115929 -26.195858 9.497768 -32.655039 -2.329478
115930 -25.893026 8.348177 -32.265115 -2.453915
115931 -25.722339 8.993912 -32.751836 -2.383822
115932 -25.681962 9.532328 -33.141760 -2.302428
115933 -25.330493 9.468664 -33.662268 -2.249251
115934 -25.122182 9.234017 -34.129813 -2.175312
115940 -24.317384 6.949387 -33.673226 -2.432849
115941 -24.127426 6.712920 -34.107896 -2.314709
120734 -37.044573 9.822455 -26.443642 -3.269319
120735 -37.236367 10.505479 -26.391591 -3.261239
120736 -36.789461 10.604613 -26.947713 -3.143749
120737 -36.538936 11.447707 -27.445392 -2.992101
120738 -36.224175 12.320814 -27.980511 -2.817453
120739 -35.423965 11.683264 -28.561288 -2.776507
120740 -35.691925 12.447233 -28.513803 -2.704500
120741 -35.964474 13.111158 -28.501019 -2.624683
120742 -35.790116 13.751437 -29.032485 -2.420630
122665 -36.356320 4.461941 -24.831893 -2.875947
122673 -33.662035 2.725731 -25.332311 -2.041046
122674 -33.439041 3.291432 -26.006232 -2.017911
122675 -33.148139 3.857132 -26.695677 -1.982056
122676 -32.833378 4.380997 -27.332158 -1.943504
122677 -32.506687 4.866662 -27.919328 -1.912133
122678 -32.416755 4.296414 -27.500182 -1.876412
122679 -31.962507 4.109970 -27.549493 -1.831205
122680 -31.551390 3.959904 -27.560451 -1.809179
122681 -31.890011 2.904900 -26.400723 -1.832305
122682 -31.529366 3.329630 -26.998850 -1.813347
122683 -31.148532 3.744356 -27.562278 -1.810104
122684 -30.742921 3.523351 -27.479179 -1.832028
122685 -30.400630 3.321445 -27.391515 -1.871298
122686 -30.041820 3.091345 -27.225317 -1.922496
130607 -33.046278 10.234452 -30.167558 -2.481184
130608 -33.120609 11.085731 -30.357498 -2.482790
130609 -32.525040 10.967498 -30.630536 -2.410870
130610 -31.980861 11.692359 -31.074338 -2.333776
130611 -31.418328 12.353556 -31.520879 -2.249277
130612 -30.743839 11.327655 -31.532751 -2.258470
130613 -30.808076 12.088895 -31.730909 -2.224820
130614 -30.934715 12.824670 -31.932720 -2.158597
130615 -30.463949 13.084783 -32.392959 -2.064799
130618 -28.138569 10.017085 -32.036822 -2.251895
130619 -28.098191 10.729213 -32.359172 -2.224844
130620 -28.178029 11.406780 -32.628557 -2.174811
130621 -26.971291 11.044805 -33.269604 -2.151757
130622 -27.641191 11.499548 -33.079664 -2.125916
130623 -28.392764 11.936101 -32.898856 -2.103714
143482 -33.199529 11.891537 -30.456121 -2.448723
143483 -33.410593 12.659143 -30.522782 -2.380824
143484 -33.640011 13.347624 -30.622318 -2.285162
143485 -32.558076 13.805096 -31.542796 -2.092462
143486 -33.236236 13.847842 -31.149218 -2.124417
143487 -33.941007 13.861484 -30.669803 -2.171123
148453 -37.327216 9.114874 -25.980663 -3.367035
148454 -36.867463 9.228560 -26.504824 -3.272093
148455 -36.431569 9.299500 -26.996111 -3.175966
148456 -35.969980 9.393177 -27.546754 -3.077102
148457 -36.151679 8.112620 -26.992458 -3.142955
148458 -35.798375 8.831114 -27.535796 -3.068194
148459 -35.486367 9.499587 -28.052651 -2.974734
148460 -34.972471 9.581441 -28.522022 -2.868933
148461 -34.421867 9.682394 -29.020614 -2.760788
148462 -33.952937 9.655109 -29.393188 -2.652295
148470 -36.225092 3.855313 -24.535112 -2.729339
148471 -36.012193 4.580174 -25.177985 -2.791852
148474 -35.005507 2.827594 -24.453839 -2.302985
148475 -34.536576 3.474239 -25.401712 -2.263398
148476 -34.895386 3.537903 -25.167940 -2.348055
148477 -35.267043 3.457868 -24.835545 -2.429611
148478 -35.454248 4.087233 -25.171593 -2.562340
148479 -35.637783 4.626558 -25.517685 -2.696009
148480 -35.786445 5.215905 -25.792550 -2.824961
148481 -35.560698 5.801615 -26.385199 -2.829562
148482 -35.279891 6.398238 -26.974195 -2.809967
148483 -34.957788 7.015779 -27.569583 -2.772442
148484 -34.401679 6.411880 -27.691948 -2.535995
148485 -34.545753 6.973943 -27.915675 -2.634629
148486 -34.581542 7.666062 -28.202411 -2.723252
148487 -34.218144 8.338173 -28.766752 -2.667486
148488 -33.848323 8.986637 -29.285434 -2.608220
148489 -33.457394 9.620549 -29.780373 -2.546365
148490 -32.927898 9.539604 -30.070762 -2.446506
148491 -32.392895 9.467755 -30.362064 -2.356348
148492 -31.879917 9.312233 -30.539219 -2.279325
148493 -32.306634 7.992568 -29.900912 -2.206436
148494 -31.829445 8.571911 -30.317318 -2.209118
148495 -31.340326 9.140340 -30.703590 -2.218474
148496 -30.775040 8.924791 -30.824129 -2.176158
148497 -30.186812 8.698329 -30.935536 -2.154085
148498 -29.557290 8.451858 -31.006763 -2.153377
148499 -32.135947 5.355057 -28.508324 -1.895594
148500 -31.712900 5.815257 -29.045269 -1.898552
148501 -31.238464 6.302742 -29.544775 -1.922665
148502 -30.766781 5.422359 -29.111931 -1.863593
148503 -30.746592 6.118116 -29.585867 -1.907724
148504 -30.745674 6.804778 -29.950223 -1.966895
148505 -30.208836 7.282259 -30.331929 -2.027758
148506 -29.619691 7.729726 -30.697198 -2.099569
148507 -28.986498 8.133538 -31.037811 -2.174527
148508 -28.389093 7.896162 -31.119997 -2.217502
148509 -27.892633 7.538734 -31.080730 -2.281538
148510 -27.447562 7.138560 -31.071599 -2.365148
148511 -28.195465 6.103564 -30.353845 -2.240626
148512 -27.618249 6.450079 -30.705417 -2.357826
148513 -27.037363 6.727472 -31.032332 -2.465636
148514 -26.713425 6.273638 -31.021374 -2.578963
148515 -26.537232 5.696114 -30.924578 -2.699399
148516 -26.339932 5.142237 -30.825955 -2.819447
160418 -30.808994 1.705287 -25.324093 -1.837022
160419 -30.489644 2.087272 -25.867430 -1.868869
160420 -30.135423 2.456523 -26.404375 -1.914873
160421 -29.763766 2.763930 -26.926710 -1.978625
160429 -29.515077 2.430148 -26.603447 -2.031387
160430 -29.356319 3.057694 -27.448131 -2.062271
160431 -28.939696 3.323264 -27.943071 -2.166216
160432 -28.492790 3.567006 -28.438010 -2.288612
160433 -28.033954 3.810749 -28.925644 -2.425179
160435 -27.824725 3.374195 -28.582291 -2.526689
160436 -27.570530 4.039939 -29.370359 -2.568667
160437 -27.136471 4.238207 -29.749325 -2.708908
160438 -26.693236 4.400096 -30.172124 -2.833704
160439 -26.264683 4.537428 -30.592183 -2.930493
160681 -26.182093 3.937167 -30.380327 -3.023666
160682 -25.782906 4.639291 -31.068859 -2.989126
160683 -25.408496 4.672032 -31.447826 -3.004509
160684 -25.036838 4.614735 -31.792092 -2.977961
160685 -24.700971 4.549252 -32.135444 -2.916485
160688 -24.399974 4.451937 -32.481537 -2.830505
160689 -24.110908 4.285501 -32.888811 -2.730963
