#!ascii label  , from subject fsaverage vox2ras=TkReg coords=white
413
520 -3.240299 32.813365 -21.753589 -2.664938
1141 -5.023335 34.540480 -22.275924 -1.695002
1142 -3.575249 38.751403 -20.421271 -2.804176
2202 -3.623886 26.241415 -21.277826 -2.103422
2203 -6.702674 36.186651 -15.703823 -1.133106
2204 -6.030021 30.971655 -16.821546 -0.981298
2205 -6.367724 25.278269 -15.511144 -1.589786
3061 -4.153382 39.564484 -21.433066 -1.918019
3062 -3.801914 41.276137 -19.546452 -2.170767
4863 -3.748689 33.839266 -22.776342 -2.334277
4865 -3.787231 30.342290 -23.161701 -2.098973
4866 -3.979942 27.010841 -22.509696 -1.686742
4867 -3.320136 29.395515 -21.989188 -2.480095
4869 -7.209229 38.518574 -14.958674 -1.444676
4874 -6.114447 28.163160 -16.516546 -1.295650
6663 -3.917541 36.675045 -22.072286 -2.352417
6664 -3.409151 35.796481 -21.090626 -2.869916
9168 -4.237808 23.540240 -19.949161 -1.689264
9169 -4.749869 40.180206 -17.478117 -2.505723
9170 -4.574594 37.552699 -18.352023 -2.695770
9171 -4.346093 34.736019 -19.035989 -2.344417
9173 -6.329182 33.792882 -16.483672 -0.879418
9174 -4.090981 31.839305 -19.553757 -2.227366
9175 -4.105663 28.841637 -19.533667 -2.292057
9176 -4.687467 26.059518 -18.715465 -2.193918
9177 -5.156398 23.409274 -17.211470 -2.082926
12543 -3.391715 33.386341 -22.438468 -2.544724
12544 -3.784478 32.145802 -23.042988 -2.231887
12545 -3.433928 31.641946 -22.685938 -2.442652
12546 -3.453199 29.919379 -22.739815 -2.318091
12547 -3.255899 31.183565 -22.021149 -2.583866
14943 -3.712900 39.156124 -21.116195 -2.406094
14944 -4.003802 38.153870 -21.738065 -2.183813
14945 -3.688123 37.716407 -21.415715 -2.617261
14946 -3.572496 36.241220 -21.767287 -2.685412
14947 -3.521107 37.360798 -20.753666 -2.910823
20358 -3.722077 26.610667 -22.098768 -1.906076
20359 -4.233220 25.448343 -22.094202 -1.422403
20360 -3.987284 24.979957 -21.513425 -1.649199
20362 -3.914788 24.806245 -20.692483 -1.881494
20364 -4.757210 41.395280 -17.119240 -2.131555
20365 -6.216308 40.734083 -16.142146 -1.912542
20366 -6.927504 37.313504 -15.341294 -1.321703
20367 -6.098846 38.176607 -16.855333 -2.128038
20368 -5.953854 36.891503 -17.158506 -1.964639
20369 -4.499345 36.168461 -18.621408 -2.529650
20370 -5.645517 35.578204 -17.516470 -1.748440
20376 -6.171343 32.411372 -16.786845 -0.886545
20377 -5.112349 32.959792 -18.079897 -1.537002
20378 -5.080231 31.421851 -18.194044 -1.592436
20379 -4.107499 30.331376 -19.594850 -2.270083
20380 -5.076560 29.971219 -18.208654 -1.707571
20381 -6.186943 26.743452 -16.024346 -1.447512
20382 -5.348191 27.237303 -17.605048 -1.893468
20383 -5.525302 25.805771 -17.055318 -1.945524
20384 -4.955427 24.745310 -18.012322 -2.133288
20385 -5.625328 24.464278 -16.463582 -1.995954
20386 -5.913477 23.067307 -15.873673 -2.033511
20387 -6.577871 23.815815 -15.028989 -1.727694
23943 -3.783561 40.462147 -20.718965 -2.097870
23944 -3.637651 40.049240 -20.001212 -2.535846
27185 -4.285527 34.254901 -22.737076 -2.053779
27186 -4.986628 32.967068 -22.524306 -1.670614
27187 -4.310304 32.542338 -22.948932 -1.977152
27188 -4.347929 30.891620 -23.230189 -1.847859
27189 -4.277268 29.287286 -23.150743 -1.673985
27191 -3.822103 28.685206 -22.901447 -1.919808
27192 -3.502753 28.202268 -22.500564 -2.140270
27193 -3.421080 27.766624 -21.697886 -2.317107
27195 -7.304667 39.778213 -14.668286 -1.425000
27204 -6.064893 29.589235 -16.747579 -1.131940
30904 -5.151809 35.948365 -21.765460 -1.610421
30906 -4.454379 37.047934 -21.949921 -1.912823
30907 -4.328658 35.675519 -22.456732 -2.042667
30908 -3.791820 35.279892 -22.511522 -2.391440
30909 -3.377032 34.820602 -22.205609 -2.638354
30910 -3.265994 34.369496 -21.476898 -2.763638
37746 -4.465391 22.256955 -19.019551 -1.534545
37747 -4.069874 41.924601 -18.194044 -2.053127
37748 -3.922129 40.731355 -18.558399 -2.474282
37749 -3.795490 39.546294 -19.024117 -2.811467
37750 -6.197955 39.410780 -16.511067 -2.121389
37751 -4.658102 38.908744 -17.984014 -2.711394
37752 -3.787231 38.220262 -19.429566 -2.969731
37753 -3.757866 36.806011 -19.712649 -2.937298
37754 -3.654169 35.320819 -20.056915 -2.801027
37755 -3.501835 33.860184 -20.513501 -2.670903
37761 -6.539329 35.009775 -16.109272 -0.967692
37762 -5.328920 34.326751 -17.852517 -1.588258
37763 -4.158888 33.358147 -19.323638 -2.236588
37764 -3.437598 32.341341 -20.778321 -2.600449
37765 -3.457787 30.732460 -20.981045 -2.567121
37766 -3.490823 29.110845 -20.815761 -2.509044
37767 -3.616544 27.579270 -20.597513 -2.390135
37768 -5.044442 28.636093 -18.054328 -1.818519
37769 -4.328658 27.433752 -19.240539 -2.259011
37770 -3.891846 26.101354 -20.182020 -2.230610
37771 -4.274515 24.797151 -19.491661 -2.074534
37772 -4.582853 23.522960 -18.666154 -1.945135
37773 -4.797588 22.224213 -17.729239 -1.824424
37774 -5.415181 21.982290 -16.420663 -1.999572
43263 -3.278841 33.089849 -22.127990 -2.620121
43264 -3.407315 32.553252 -22.585489 -2.494636
43265 -3.284347 32.242207 -22.307885 -2.573173
43266 -3.321054 31.417303 -22.392810 -2.525836
43267 -3.233875 32.017564 -21.920700 -2.624075
45663 -3.616544 38.968770 -20.801150 -2.623090
45664 -3.711065 38.423987 -21.289698 -2.528154
45665 -3.589932 38.262099 -20.987438 -2.724868
45666 -3.577084 37.556337 -21.117108 -2.787335
45667 -3.561484 38.059283 -20.591121 -2.879044
51078 -3.637651 26.391480 -21.725281 -2.009275
51079 -3.813844 25.790310 -21.873215 -1.777546
51080 -3.765207 25.612960 -21.442197 -1.886682
51081 -3.920294 24.867181 -21.116195 -1.766135
51082 -3.757866 25.470171 -20.983785 -1.990600
51084 -6.166754 41.398918 -15.977775 -1.755571
51085 -6.947693 40.988739 -15.302027 -1.579599
51086 -6.831149 36.731433 -15.503838 -1.229499
51087 -6.568694 37.146159 -16.248987 -1.637748
51088 -6.426455 36.537712 -16.430708 -1.533900
51089 -5.783167 36.254862 -17.372189 -1.855253
51090 -6.330100 35.912895 -16.652609 -1.428714
51094 -6.531988 31.383652 -16.115664 -0.695512
51095 -6.614578 32.073952 -16.101966 -0.651143
51096 -6.095176 31.680145 -16.822459 -0.924420
51097 -5.620739 31.942986 -17.498206 -1.215508
51098 -5.581280 31.217216 -17.533820 -1.265429
51099 -5.060042 30.706085 -18.221439 -1.646712
51100 -5.559255 30.519640 -17.533820 -1.330454
51101 -6.281463 26.004949 -15.794227 -1.519171
51102 -5.860252 26.301441 -16.535723 -1.719890
51103 -5.900629 25.589313 -16.267250 -1.770757
51104 -5.535396 25.141846 -16.750318 -1.970493
51105 -5.958443 24.859905 -16.000604 -1.821195
51106 -6.102517 24.151415 -15.736697 -1.870584
51107 -6.438385 24.536128 -15.304767 -1.659842
55265 -3.766125 40.883239 -20.150972 -2.152640
55266 -3.692711 40.302987 -20.376525 -2.327037
55267 -3.713818 40.668600 -19.729999 -2.359773
60668 -3.992790 34.059361 -22.793692 -2.203464
60669 -4.288280 33.452734 -22.850309 -2.023679
60670 -4.018485 33.227181 -22.917884 -2.162575
60671 -3.804667 31.234496 -23.126087 -2.169930
60672 -4.051521 31.493700 -23.165353 -2.048465
60673 -4.039591 30.649696 -23.285892 -1.977198
60674 -4.313057 30.091272 -23.257584 -1.766737
60675 -4.039591 29.792960 -23.173572 -1.894877
60676 -4.053356 28.978060 -23.020159 -1.799936
60677 -3.806502 29.511019 -23.025638 -2.016272
60678 -3.363267 29.685641 -22.428423 -2.409580
60679 -3.466046 29.060823 -22.653064 -2.237024
60680 -3.391715 28.798891 -22.287795 -2.331182
60681 -3.464211 27.963983 -22.116119 -2.236660
60682 -3.345831 28.563334 -21.845820 -2.406669
67867 -5.226141 36.601376 -21.536254 -1.529996
67871 -3.956083 37.392630 -21.856778 -2.283871
67872 -4.222208 37.589988 -21.856778 -2.053158
67873 -4.133194 36.881498 -22.059502 -2.143254
67874 -4.400236 36.360362 -22.170909 -1.992702
67875 -4.096487 36.163913 -22.300579 -2.202583
67876 -4.046015 35.469066 -22.528872 -2.229790
67877 -3.863398 35.965645 -22.311537 -2.387319
67878 -3.440351 36.046590 -21.464114 -2.800545
67879 -3.484400 35.524544 -21.974577 -2.672041
67880 -3.369691 35.306268 -21.661359 -2.766788
67881 -3.284347 34.619605 -21.873215 -2.720096
67882 -3.324725 35.089810 -21.277826 -2.819235
84127 -4.373624 22.914513 -19.506272 -1.608151
84129 -4.110252 42.543961 -18.109119 -1.843357
84130 -4.305716 42.302947 -17.525602 -1.906896
84131 -4.793000 40.770463 -17.299135 -2.332366
84132 -4.265338 41.039671 -17.799553 -2.338509
84133 -4.218537 40.431224 -18.000451 -2.536622
84134 -3.838621 40.159288 -18.800390 -2.660383
84135 -4.176324 39.873709 -18.257966 -2.702359
84136 -7.209229 39.139753 -14.808914 -1.454901
84137 -6.937598 39.611777 -15.646293 -1.768852
84138 -6.875197 38.986960 -15.808838 -1.800120
84139 -5.278448 37.900123 -17.632443 -2.443366
84140 -5.339932 38.541311 -17.462593 -2.472558
84141 -4.536969 38.230267 -18.212307 -2.729488
84142 -4.160724 38.610432 -18.657935 -2.887274
84143 -4.094651 37.882843 -18.892620 -2.897991
84144 -3.767960 37.518139 -19.590284 -2.973626
84145 -4.044179 37.178900 -19.035989 -2.862017
84146 -4.444284 35.459061 -18.815914 -2.431794
84147 -4.007473 35.742821 -19.330943 -2.708849
84148 -3.920294 34.999771 -19.556497 -2.624263
84149 -3.557813 34.551394 -20.324475 -2.729977
84150 -3.830362 34.279457 -19.777484 -2.551987
84162 -6.737546 33.416355 -15.864541 -0.620694
84164 -6.800865 34.076642 -15.664557 -0.636327
84165 -6.829313 34.683269 -15.444482 -0.672049
84166 -6.418196 34.414971 -16.319301 -0.912079
84167 -6.024515 34.700549 -17.014225 -1.258515
84168 -5.863005 34.094831 -17.179509 -1.207464
84169 -4.540640 32.432290 -18.802216 -1.903632
84170 -4.614054 33.169884 -18.692636 -1.902343
84171 -4.083639 32.616916 -19.448742 -2.221266
84172 -3.723912 32.844287 -20.094355 -2.468545
84173 -3.730336 32.058491 -20.202109 -2.456529
84174 -3.451363 31.530989 -20.904339 -2.582842
84175 -3.726665 31.292703 -20.307124 -2.456380
84176 -4.104746 29.596511 -19.583892 -2.287324
84177 -3.749607 29.752943 -20.243202 -2.454571
84178 -3.768878 29.004435 -20.186586 -2.436966
84179 -3.508259 28.376890 -20.748186 -2.457103
84180 -3.800996 28.227734 -20.100747 -2.403471
84181 -6.096093 28.900754 -16.658088 -1.214440
84182 -5.596880 29.147225 -17.374928 -1.477242
84183 -5.610645 28.438735 -17.266261 -1.546951
84184 -5.016911 26.671602 -18.236963 -2.097620
84185 -4.815941 27.376454 -18.469822 -2.099690
84186 -4.516780 26.735266 -19.015899 -2.227870
84187 -4.081804 26.799840 -19.751916 -2.299020
84188 -4.257997 26.127729 -19.529102 -2.238772
84189 -4.097404 25.441977 -19.868802 -2.149823
84190 -4.443367 25.440158 -19.149222 -2.180346
84191 -5.069219 24.119583 -17.622398 -2.108353
84192 -4.730598 24.136863 -18.386723 -2.079493
84193 -4.857237 23.502951 -17.942008 -2.035277
84194 -4.704903 22.880862 -18.194044 -1.886466
84195 -4.954510 22.847211 -17.477204 -1.988859
84196 -5.068301 22.134174 -17.079060 -1.932358
84197 -5.230729 22.702603 -16.834330 -2.049861
84198 -6.353959 22.651672 -15.105695 -1.946816
84199 -6.060304 22.232399 -15.446308 -2.028923
93064 -3.877163 41.868213 -19.388473 -1.979298
96305 -3.555978 33.614623 -22.655803 -2.448076
96306 -3.761537 33.001629 -22.878617 -2.286725
96307 -3.554143 32.787899 -22.763558 -2.397660
96308 -3.585344 31.861133 -22.895968 -2.343132
96309 -3.592685 30.953465 -22.971761 -2.282763
96310 -3.590850 30.120375 -22.977240 -2.213148
96311 -3.450446 30.804309 -22.761731 -2.385327
96312 -3.368773 30.553291 -22.448513 -2.473142
96313 -3.329313 30.303182 -22.067720 -2.537893
100625 -3.860645 39.381677 -21.358186 -2.167454
100626 -4.105663 38.881459 -21.600176 -2.058843
100627 -3.873492 38.666820 -21.499727 -2.302660
100628 -3.828527 37.906490 -21.624832 -2.413124
100629 -3.782643 37.184357 -21.758155 -2.491366
100630 -3.729418 36.452221 -21.973664 -2.534348
100631 -3.665181 37.009736 -21.540820 -2.669235
100632 -3.527530 36.820563 -21.245865 -2.810649
100633 -3.482564 36.555902 -20.893381 -2.904484
110372 -3.840456 26.824396 -22.353543 -1.798001
110373 -4.111169 26.258695 -22.331627 -1.556006
110374 -3.936812 26.024048 -22.166343 -1.666930
110375 -4.070792 25.180044 -21.915221 -1.534331
110380 -4.084557 24.157782 -20.347304 -1.780357
110382 -4.746198 42.043744 -17.016052 -1.919813
110383 -5.404169 41.747251 -16.524765 -1.870845
110384 -5.443629 41.097878 -16.679091 -2.062420
110385 -5.461065 40.450323 -16.847115 -2.232968
110386 -7.058731 37.927408 -15.152267 -1.397388
110387 -6.784347 38.364871 -15.943987 -1.783943
110388 -6.719193 37.780980 -16.123882 -1.725963
110389 -6.015338 37.537238 -16.975872 -2.061115
110390 -5.237153 37.228922 -17.774898 -2.371380
110391 -4.561746 36.860580 -18.485346 -2.623452
110392 -5.168327 36.554993 -17.952053 -2.272973
110393 -5.074725 35.887429 -18.093595 -2.165800
110394 -4.958180 35.197129 -18.278056 -2.065578
110403 -6.664132 32.741515 -16.027086 -0.625755
110404 -6.242921 33.096215 -16.662654 -0.870979
110405 -5.762061 33.415445 -17.310093 -1.183477
110406 -5.693236 32.711502 -17.466245 -1.186813
110407 -5.091243 32.188548 -18.152038 -1.553425
110408 -4.538804 31.640127 -18.877097 -1.927631
110409 -4.080886 31.077155 -19.594850 -2.246955
110410 -4.551652 30.887982 -18.907231 -1.966295
110411 -4.544311 30.183130 -18.920929 -2.009900
110412 -4.555323 29.441898 -18.885315 -2.049389
110413 -6.144730 27.431933 -16.282774 -1.373388
110414 -5.745543 27.737521 -17.036141 -1.610148
110415 -5.820792 27.021755 -16.764016 -1.667144
110416 -5.502360 26.533360 -17.323791 -1.920677
110417 -5.126114 25.954927 -17.888131 -2.093007
110418 -4.824200 25.373765 -18.366633 -2.161621
110419 -5.219717 25.284635 -17.566694 -2.089317
110420 -5.272942 24.668003 -17.243431 -2.087940
110421 -5.346356 23.984070 -16.879076 -2.087162
110422 -5.483089 23.266485 -16.533897 -2.081730
110423 -5.778579 23.751241 -16.170454 -2.019122
110424 -6.239250 23.429283 -15.450874 -1.915054
110425 -6.639355 23.062760 -14.729468 -1.788337
117307 -3.928553 40.038326 -21.139937 -2.017010
117308 -3.746854 39.840058 -20.912557 -2.259307
117309 -3.643157 39.645428 -20.601166 -2.487421
117310 -3.581673 39.401685 -20.240463 -2.687481
124871 -4.642501 34.394053 -22.613797 -1.883735
124872 -5.012323 33.752865 -22.404681 -1.695373
124873 -4.636995 33.600980 -22.705115 -1.868033
124874 -4.634242 32.749701 -22.796432 -1.830942
124875 -4.676455 31.951172 -22.908752 -1.777200
124876 -4.021238 32.338613 -23.024725 -2.110188
124877 -4.335081 31.703791 -23.084081 -1.917978
124878 -4.670032 31.144457 -23.046641 -1.710068
124879 -4.616807 30.365937 -23.212838 -1.631256
124880 -4.569088 29.535575 -23.165353 -1.541353
124885 -3.845045 27.833017 -22.712420 -1.809321
124886 -3.594520 29.277281 -22.898707 -2.130797
124887 -3.628474 28.434187 -22.748947 -2.033634
124888 -3.724830 27.591093 -22.530699 -1.921790
124889 -3.633980 27.390097 -22.267705 -2.028764
124890 -3.556896 27.191829 -21.928918 -2.127881
124891 -3.494494 26.991742 -21.527122 -2.214286
124893 -7.328527 40.420310 -14.497522 -1.358475
124894 -7.206476 39.961929 -13.730458 -1.114241
124895 -7.178946 39.333474 -13.836386 -1.140484
124896 -7.114709 38.717752 -14.060113 -1.134619
124899 -6.988988 38.121128 -14.249140 -1.097851
124900 -6.935763 37.511772 -14.419903 -1.036208
124901 -6.925669 36.935158 -14.639977 -0.958799
124902 -6.858679 36.387647 -14.813480 -0.875613
124913 -6.484269 30.707904 -16.125709 -0.756257
124914 -6.049292 30.274988 -16.803282 -1.052390
124915 -6.493445 30.032155 -16.126622 -0.829664
124916 -6.526482 29.307294 -16.069092 -0.911339
124917 -6.527399 28.619722 -15.987820 -0.996974
124920 -6.537494 27.838474 -15.801532 -1.083290
124921 -6.591636 27.089057 -15.574153 -1.168508
124922 -6.638437 26.390571 -15.375994 -1.252304
124923 -6.759570 25.627512 -15.086519 -1.335330
134350 -5.039853 35.254427 -22.072286 -1.666628
134354 -4.330493 38.307573 -21.716149 -1.938035
134355 -4.578264 37.756424 -21.754502 -1.808012
134356 -4.836130 37.167986 -21.689667 -1.671186
134357 -4.777399 36.522251 -21.917047 -1.764584
134358 -4.697562 35.844684 -22.178214 -1.833332
134359 -4.637913 35.149836 -22.438468 -1.873184
134360 -4.297457 35.017960 -22.627495 -2.061940
134361 -3.982695 34.823330 -22.684112 -2.228041
134362 -3.734924 34.612329 -22.664935 -2.371229
134363 -3.647745 35.748278 -22.209262 -2.544257
134364 -3.565155 35.077077 -22.406507 -2.527642
134365 -3.555060 34.382229 -22.531612 -2.493039
134366 -3.396303 34.136668 -22.311537 -2.593668
134367 -3.273335 33.887469 -22.007451 -2.669436
134368 -3.232040 33.602799 -21.629398 -2.711070
154200 -4.595700 21.595758 -18.505435 -1.464191
154202 -3.959754 42.189262 -18.706333 -1.937513
154203 -3.894599 41.611738 -18.887141 -2.140593
154204 -4.317646 41.665397 -17.648880 -2.123746
154205 -3.965260 41.334344 -18.375765 -2.267242
154206 -3.798243 41.018752 -19.079821 -2.344003
154207 -3.685370 40.413944 -19.331856 -2.536648
154208 -3.656004 39.796403 -19.551931 -2.705891
154209 -3.617462 39.159762 -19.762874 -2.839545
154210 -6.896303 40.286616 -15.464572 -1.692288
154211 -6.206214 40.060154 -16.359481 -2.039176
154212 -5.452806 39.802769 -17.048013 -2.365812
154213 -6.182355 38.790510 -16.686396 -2.150973
154214 -5.380309 39.172495 -17.289090 -2.447702
154215 -4.695726 39.551751 -17.748416 -2.635758
154216 -4.153382 39.260715 -18.459777 -2.821994
154217 -3.823938 38.903287 -19.214057 -2.916373
154218 -3.604615 38.496746 -19.954640 -2.928799
154219 -3.612874 37.812812 -20.114445 -2.970670
154220 -3.578920 37.101594 -20.266032 -2.968898
154221 -3.545884 36.297608 -20.430403 -2.933281
154222 -4.060698 36.484053 -19.157440 -2.793414
154223 -3.700053 36.083879 -19.853278 -2.874637
154224 -3.487153 35.573657 -20.583815 -2.877037
154225 -3.408233 34.846067 -20.773755 -2.813569
154226 -3.341243 34.127573 -21.009354 -2.753641
154227 -3.312795 33.382703 -21.166419 -2.703523
154236 -6.859596 35.833770 -15.024423 -0.795718
154244 -6.861432 35.249879 -15.244497 -0.726216
154245 -6.631096 35.604579 -15.904721 -1.043148
154246 -6.143812 35.295354 -16.838896 -1.334037
154247 -5.490430 34.934288 -17.711889 -1.656645
154248 -4.805847 34.531385 -18.474388 -1.984140
154249 -5.207787 33.671920 -17.960272 -1.547982
154250 -4.709491 33.873826 -18.576663 -1.928755
154251 -4.221290 34.049357 -19.189401 -2.277669
154252 -3.754195 33.570058 -19.956466 -2.499382
154253 -3.470635 33.119862 -20.662348 -2.628032
154254 -3.291689 32.588722 -21.294263 -2.664465
154255 -3.286183 31.778369 -21.444024 -2.633196
154256 -3.298112 30.931637 -21.547212 -2.603300
154257 -3.344914 30.056711 -21.546299 -2.567091
154258 -3.741348 30.527825 -20.307124 -2.458807
154259 -3.454116 29.858443 -20.897947 -2.544730
154260 -3.330231 29.218165 -21.428500 -2.518214
154261 -3.333901 28.436916 -21.324398 -2.453198
154262 -3.454116 27.646572 -21.180117 -2.372457
154263 -3.555978 26.880784 -20.978306 -2.279796
154264 -5.582197 29.809331 -17.469898 -1.403364
154265 -5.069219 29.285467 -18.147472 -1.766784
154266 -4.534216 28.752508 -18.839657 -2.078360
154267 -5.172916 27.958526 -17.862562 -1.860417
154268 -4.654431 28.066755 -18.668893 -2.094591
154269 -4.191007 28.131328 -19.412215 -2.281954
154270 -3.912035 27.512877 -19.961032 -2.355902
154271 -3.748689 26.846224 -20.412139 -2.312629
154272 -3.705559 26.151376 -20.741794 -2.180948
154273 -3.852386 25.438339 -20.490672 -2.082038
154274 -4.021238 24.786237 -20.176541 -1.988063
154275 -4.218537 24.164148 -19.768353 -1.902181
154276 -4.600289 24.763500 -18.771169 -2.127047
154277 -4.438778 24.172333 -19.101737 -2.006599
154278 -4.369035 23.539331 -19.370210 -1.825077
154279 -4.509439 22.884500 -18.893534 -1.754865
154280 -4.605795 22.252407 -18.423250 -1.687276
154281 -4.722339 21.574840 -17.917353 -1.616390
154282 -4.904038 21.543917 -17.282698 -1.751592
154283 -5.218799 21.451150 -16.667220 -1.856983
154284 -5.606057 21.264705 -15.981427 -1.922173
154285 -5.653776 22.509792 -16.141233 -2.062965
154286 -5.835475 21.763103 -15.714781 -2.019784
