#!ascii label  , from subject fsaverage vox2ras=TkReg coords=white
507
604 -19.573021 -12.767372 -27.601544 -7.880519
1346 -18.785658 -12.904705 -24.507717 -7.508644
1347 -18.781070 -16.226149 -24.038346 -7.565603
1348 -22.761013 -17.028317 -27.346769 -5.444262
2448 -21.356975 -11.588678 -26.303013 -7.399948
2449 -18.608548 -8.926610 -27.796050 -8.022282
3266 -19.788674 -16.717272 -22.794605 -7.331310
3267 -19.345438 -18.035118 -22.508783 -6.878194
3268 -19.498689 -18.113334 -24.215501 -7.003378
5478 -17.916623 -12.330819 -25.556952 -7.999623
5479 -18.081804 -10.270832 -25.676577 -7.867752
5480 -18.590194 -10.606432 -27.460002 -8.092225
5481 -21.050472 -9.672389 -29.913696 -6.943029
5482 -21.986498 -11.593225 -29.789505 -6.835474
5483 -25.461720 -11.558664 -29.519206 -4.222078
5484 -23.151941 -13.555897 -29.382230 -6.028805
5485 -24.248558 -19.001902 -26.390678 -3.724066
5486 -25.737940 -17.207485 -27.199748 -3.149943
7030 -21.552439 -14.876471 -24.482148 0.000000
7031 -20.543000 -15.689552 -23.458482 -7.436677
7032 -18.503016 -14.439008 -24.147014 -7.761454
7033 -18.624148 -14.315318 -25.772460 -7.899312
7034 -21.156005 -14.910122 -27.721170 -7.024654
7035 -20.036445 -16.492629 -25.987969 -7.227541
7036 -21.613923 -18.615371 -25.811727 -5.807460
9902 -20.227321 -8.850214 -27.292892 -7.764390
9903 -19.762979 -11.850610 -25.234602 -7.355467
9904 -18.854484 -9.231288 -26.214436 -7.906399
9905 -19.268354 -7.635140 -28.263594 -7.777003
9906 -20.761406 -7.917990 -30.015972 -6.670691
9912 -24.513766 -15.361228 -28.389612 -4.587570
10946 -20.116283 -18.274313 -21.787376 -6.576760
13154 -20.465915 -6.383686 -29.467155 -6.936974
13158 -18.393813 -12.459966 -26.434510 -8.093903
13159 -18.075381 -11.332202 -26.412594 -8.116196
13160 -18.949922 -11.688721 -27.502008 -8.044523
13161 -20.056634 -11.146667 -28.710135 -7.704552
13162 -20.600813 -12.118908 -28.736617 -7.538024
13163 -22.535265 -12.551824 -29.594999 -6.531011
13164 -21.350551 -13.231210 -28.694611 -7.194938
15557 -21.590063 -16.962833 -22.928842 -7.300831
15558 -18.955428 -16.356206 -23.296850 -7.487040
15559 -19.090325 -15.594966 -23.439305 -7.606198
15560 -18.635160 -15.312115 -24.047478 -7.725891
15561 -18.219455 -14.239831 -24.842851 -7.885352
15562 -18.685632 -15.259365 -24.934168 -7.764038
15563 -19.217882 -15.348495 -25.852819 -7.645898
15564 -19.128868 -16.263438 -25.027312 -7.524718
15565 -20.056634 -19.083756 -24.140621 -6.501153
15566 -20.373231 -18.335249 -25.068404 -6.601467
15567 -21.174358 -19.361149 -24.999003 -5.838402
15568 -22.366414 -19.656733 -25.469287 -4.901405
22190 -22.270976 -11.581402 -26.819869 -7.322811
22191 -21.471684 -10.158055 -27.356814 -7.501215
22192 -20.582460 -10.124404 -26.779689 -7.649843
22193 -19.872182 -13.751437 -24.430097 -7.328580
22194 -20.512717 -13.412198 -24.877551 -7.235273
22195 -19.213294 -12.327181 -24.823674 -7.388988
22196 -18.079051 -9.455022 -26.550483 -8.068491
22197 -18.381883 -9.601449 -25.802595 -7.870496
22198 -18.448873 -8.845666 -26.855482 -8.059522
22199 -18.982040 -8.370914 -27.208880 -8.016568
22200 -18.902203 -8.190836 -28.039867 -7.931561
22201 -19.587704 -7.731545 -29.089102 -7.385642
22202 -19.427111 -8.440035 -28.896422 -7.554139
22203 -23.125328 -9.981615 -30.562962 -5.854543
22204 -22.758259 -9.042115 -30.741943 -5.789433
22210 -25.832460 -12.454509 -29.111931 -3.814429
22215 -21.909413 -15.946937 -27.544014 -6.302338
22216 -22.867462 -15.242085 -28.350345 -5.921478
22217 -23.478632 -16.161576 -28.035301 -5.082541
22219 -26.491348 -16.191589 -27.398820 -2.773689
24310 -21.111039 -17.354822 -22.439381 -7.142990
24311 -20.537494 -17.751358 -22.086897 -6.879277
24312 -19.601469 -17.399387 -22.589142 -7.115841
24313 -18.997641 -17.217490 -23.320593 -7.281273
24314 -19.091243 -17.164739 -24.093136 -7.328792
24315 -19.152727 -18.036937 -23.403691 -7.051948
24316 -19.434452 -18.908225 -23.330638 -6.765478
28292 -18.050603 -12.404487 -24.904947 -7.762988
28293 -18.328658 -11.633242 -25.068404 -7.640649
28294 -17.881752 -11.276724 -25.616308 -7.925574
28295 -17.979943 -10.302664 -26.473776 -8.089684
28296 -18.425013 -9.663295 -27.532143 -8.074520
28297 -19.378474 -9.264030 -28.806932 -7.676596
28298 -19.490430 -10.139865 -28.693698 -7.736823
28299 -21.421212 -10.631898 -29.905478 -6.959774
28300 -23.493315 -10.885644 -30.347453 -5.800167
28301 -25.115758 -10.662820 -29.903651 -4.487580
28302 -23.962245 -11.783308 -30.020537 -5.581982
28303 -24.418328 -12.645501 -29.593173 -5.181567
28304 -24.852386 -13.482228 -29.223338 -4.623744
28305 -23.485056 -17.969635 -26.981500 -4.552899
28306 -24.277924 -17.167468 -27.432607 -4.237628
28307 -25.079969 -18.083321 -26.824435 -3.471842
31764 -20.912822 -15.221167 -23.988122 -7.352161
31765 -19.461065 -14.236193 -24.020083 -7.468520
31766 -20.085999 -16.157938 -23.049381 -7.444549
31767 -19.201364 -14.873743 -23.710517 -7.588836
31768 -18.521369 -13.638660 -24.264813 -7.664733
31769 -17.987284 -13.312155 -24.816369 -7.874081
31770 -18.153383 -13.329435 -25.661053 -8.010065
31771 -18.936157 -13.549530 -26.586097 -7.960929
31772 -20.256686 -13.800549 -27.638071 -7.551515
31773 -19.625328 -14.562698 -26.724899 -7.672973
31774 -20.480598 -15.654992 -26.818956 -7.197712
31775 -21.295491 -16.730005 -26.772384 -6.520813
31776 -19.806109 -17.286611 -25.125934 -7.156086
31777 -20.738464 -17.503068 -25.960574 -6.611440
31778 -22.137913 -17.815022 -26.619884 -5.680210
31779 -22.970242 -18.889126 -26.241831 -4.772147
31780 -23.636471 -19.870462 -25.698493 -3.903273
39944 -20.201626 -7.621497 -27.857232 -7.622829
39946 -21.152334 -13.095697 -25.442805 -7.198958
39947 -20.362219 -11.644156 -25.749631 -7.385056
39948 -18.676456 -10.908382 -25.264736 -7.587270
39949 -19.157316 -10.364509 -25.593478 -7.616816
39950 -19.751967 -10.166241 -26.061023 -7.668712
39951 -19.399581 -8.959352 -26.720333 -7.895207
39952 -19.506031 -7.920718 -27.515706 -7.879838
39953 -19.786838 -7.111275 -28.416094 -7.540840
39954 -20.021762 -7.043973 -29.300958 -7.178783
39957 -20.830231 -8.783821 -29.976705 -6.831485
39958 -22.459099 -8.124443 -30.814997 -5.660449
39972 -22.034216 -14.194356 -28.568594 -6.650292
39973 -23.876901 -14.467202 -28.946647 -5.354954
39974 -25.315811 -14.362611 -28.690045 -3.979905
39975 -25.192843 -16.286175 -27.834403 -3.827137
39976 -25.963687 -15.316663 -28.017951 -3.340342
43878 -18.834295 -12.538181 -26.975108 -8.037408
43879 -18.616807 -12.016136 -26.923057 -8.095053
43880 -19.255506 -12.269883 -27.568670 -7.980347
43881 -19.733613 -11.927916 -28.100136 -7.854016
43882 -20.022680 -12.478155 -28.102876 -7.750031
43883 -20.918328 -12.650958 -28.712875 -7.390770
43884 -20.335606 -12.941084 -28.151274 -7.603045
46278 -18.791165 -16.269805 -23.592718 -7.537357
46279 -18.775564 -15.902372 -23.721475 -7.619919
46280 -18.647090 -15.831432 -24.079439 -7.658048
46281 -18.562664 -15.248451 -24.446534 -7.757452
46282 -18.724174 -15.793234 -24.507717 -7.673670
46283 -18.920556 -15.779591 -24.979827 -7.658459
46284 -18.876508 -16.208869 -24.508630 -7.565934
46285 -20.402596 -19.617625 -24.179888 -6.162619
46286 -20.565024 -19.210175 -24.575291 -6.215609
46287 -20.940352 -19.774056 -24.555202 -5.817499
46288 -21.507473 -19.928669 -24.895815 -5.398849
52908 -22.381096 -12.351737 -26.366935 -7.252501
52909 -22.816990 -12.277159 -26.558701 0.000000
52910 -21.832329 -11.644156 -26.615318 -7.375908
52911 -21.386340 -10.893830 -26.846351 -7.495800
52912 -20.976141 -10.929300 -26.508477 -7.531368
52913 -19.298637 -13.277594 -24.432836 -7.405635
52914 -19.572103 -13.079326 -24.609079 -7.342961
52915 -19.001311 -12.615488 -24.614558 -7.439574
52916 -18.286445 -9.129426 -27.127608 -8.090492
52917 -18.264421 -9.112146 -26.690198 -8.064409
52918 -18.454379 -8.816563 -27.271889 -8.072310
52919 -18.687468 -8.527346 -27.432607 -8.046034
52920 -18.724174 -8.597376 -27.915675 -7.983162
52921 -19.027924 -8.293608 -28.423399 -7.783884
52922 -18.964604 -8.699239 -28.348519 -7.845243
52935 -22.415968 -16.487172 -27.462742 -5.884347
52936 -22.704117 -16.078813 -27.839882 -5.716167
52937 -23.180389 -16.668160 -27.721170 -5.280007
55878 -19.679471 -18.114243 -22.105160 -6.738723
55879 -19.803356 -17.810475 -22.212915 -6.868600
55880 -19.445464 -17.737716 -22.545309 -6.994462
55881 -19.232565 -17.270240 -22.937974 -7.210397
55882 -19.207787 -17.669505 -22.912405 -7.096669
55883 -19.108679 -17.628578 -23.329724 -7.168598
55884 -19.167410 -18.036937 -22.974500 -6.985823
55886 -19.315155 -18.854565 -22.883183 -6.755634
55887 -19.421605 -19.280205 -22.804650 -6.607117
55888 -19.639093 -19.366606 -23.277674 -6.562171
62513 -17.929471 -12.331728 -25.201728 -7.890602
62514 -17.954248 -11.860614 -25.265650 -7.837196
62515 -17.920294 -11.822416 -25.590739 -7.965487
62516 -18.265339 -10.925662 -26.870093 -8.133715
62517 -17.997378 -10.793786 -26.463732 -8.104977
62518 -18.185501 -10.411802 -26.889270 -8.129570
62519 -18.195596 -10.008899 -26.966889 -8.118635
62520 -18.493839 -10.108033 -27.499269 -8.088863
62521 -18.913215 -9.890666 -28.081873 -7.957093
62522 -18.993052 -10.326310 -28.066349 -7.966501
62523 -20.950446 -11.372220 -29.314655 -7.329383
62524 -20.617331 -10.852903 -29.351182 -7.384361
62525 -21.757080 -11.125749 -29.854340 -6.918001
62526 -22.530677 -10.844718 -30.255223 -6.416667
62527 -22.851862 -11.373129 -30.183995 -6.351474
62528 -23.727321 -11.329474 -30.212304 -5.713530
62529 -23.000525 -11.749657 -30.063457 -6.242210
62530 -22.861039 -13.046584 -29.501856 -6.304292
62531 -23.374017 -12.644591 -29.794984 -5.880406
62532 -23.812664 -13.122981 -29.556646 -5.628204
62533 -24.622051 -13.064774 -29.407799 -4.918779
62534 -24.065024 -13.554987 -29.347529 -5.333936
62535 -23.869560 -18.532607 -26.623537 -4.126140
62536 -24.400892 -18.062403 -26.907533 -3.994251
62537 -24.635816 -18.545340 -26.649106 -3.607067
69708 -21.254195 -16.101550 -23.396386 0.000000
69709 -21.518485 -15.926019 -23.716909 0.000000
69710 -20.606319 -15.400336 -23.734260 -7.400054
69711 -20.197955 -14.735501 -23.973511 -7.398672
69712 -19.925407 -14.952868 -23.793616 -7.458426
69713 -20.409020 -17.012855 -22.581836 -7.237368
69714 -20.539329 -16.770022 -22.742555 -7.317966
69715 -19.937337 -16.454431 -22.877704 -7.403742
69716 -18.800341 -15.067464 -23.800921 -7.694061
69717 -19.138962 -15.291197 -23.553452 -7.614450
69718 -18.856319 -14.640005 -23.880367 -7.677342
69719 -18.869167 -14.292581 -23.981729 -7.629199
69720 -18.487415 -14.028830 -24.167103 -7.726579
69721 -18.194678 -13.438573 -24.512282 -7.773185
69722 -18.202937 -13.865122 -24.471190 -7.818471
69723 -18.337835 -14.238921 -25.269302 -7.911644
69724 -18.118511 -13.773264 -25.242820 -7.950696
69725 -18.380048 -13.860575 -25.682056 -7.971727
69726 -18.453461 -13.457672 -26.074720 -8.018417
69727 -18.747116 -13.886950 -26.182474 -7.942069
69728 -19.076560 -13.946067 -26.547743 -7.838495
69729 -19.021500 -14.439008 -26.215349 -7.828192
69730 -19.590457 -15.882363 -25.898478 -7.459554
69731 -19.742790 -15.471276 -26.338627 -7.474710
69732 -20.228238 -16.040614 -26.389765 -7.227407
69733 -20.885291 -16.214326 -26.832653 -6.883705
69734 -20.596225 -16.570845 -26.419899 -6.929065
69735 -19.293131 -17.624940 -24.208196 -7.181793
69736 -19.325249 -17.193843 -24.553375 -7.280107
69737 -19.577609 -17.662229 -24.643779 -7.089547
69738 -20.932093 -18.475310 -25.473853 -6.248013
69739 -20.559518 -17.944169 -25.486637 -6.617899
69740 -21.190876 -18.131524 -25.892086 -6.229148
69741 -21.468013 -17.650405 -26.336801 -6.185864
69742 -21.870871 -18.235205 -26.281097 -5.756398
69743 -22.683010 -18.392546 -26.497519 -5.227460
69744 -22.364578 -18.759979 -26.082939 -5.305385
69745 -22.665575 -20.179687 -25.351488 -4.447053
69746 -22.999607 -19.785880 -25.634571 -4.397355
69747 -23.369429 -20.321567 -25.453763 -3.965487
89613 -20.779759 -9.483216 -27.342203 -7.647870
89615 -20.636602 -8.741075 -27.520272 -7.646449
89616 -20.570530 -8.090792 -27.778700 -7.581059
89617 -20.171343 -8.207207 -27.541275 -7.728656
89620 -21.912166 -14.746415 -24.730531 0.000000
89621 -20.090588 -12.621854 -25.055620 -7.275635
89622 -20.944022 -13.271228 -25.176159 -7.211813
89623 -20.449397 -12.505440 -25.321353 -7.269565
89624 -20.810042 -12.344461 -25.630918 -7.274096
89625 -20.130965 -11.739652 -25.523164 -7.366458
89626 -18.140535 -10.979322 -25.352401 -7.746735
89627 -18.524122 -11.276724 -25.146024 -7.602536
89628 -18.338752 -10.513664 -25.372491 -7.726505
89629 -18.571841 -9.369530 -25.948702 -7.888683
89630 -18.722339 -9.888847 -25.603523 -7.743976
89631 -18.947169 -9.731506 -25.794376 -7.769884
89632 -19.492266 -10.229905 -25.820858 -7.645803
89633 -19.278448 -9.663295 -26.054630 -7.793166
89634 -19.579445 -9.568708 -26.401636 -7.801534
89635 -19.094914 -9.089408 -26.480169 -7.912198
89636 -19.074725 -7.920718 -27.754044 -7.945239
89637 -19.226141 -8.124443 -27.402473 -7.962681
89638 -19.331673 -7.700623 -27.843535 -7.860596
89639 -19.600551 -7.461428 -27.934852 -7.749671
89640 -19.486760 -7.353199 -28.324777 -7.669424
89641 -19.790509 -7.004865 -28.825195 -7.398443
89642 -19.555585 -7.315000 -28.738444 -7.517095
89643 -20.085999 -7.826132 -29.582215 -7.068773
89644 -20.200708 -7.435052 -29.649789 -6.975374
89645 -20.795360 -7.526001 -30.087199 -6.583944
89647 -21.579969 -7.606945 -30.498127 -6.118045
89648 -20.083246 -9.470483 -29.356661 -7.359797
89649 -20.033692 -9.029382 -29.360314 -7.305866
89650 -20.899057 -9.195818 -29.935612 -6.896151
89652 -22.627032 -8.600105 -30.783036 -5.729354
89670 -25.247903 -11.089369 -29.717364 -4.374556
89685 -20.710016 -14.373525 -27.664553 -7.313838
89686 -21.119298 -14.045201 -28.202411 -7.163057
89687 -21.608417 -14.586345 -28.118400 -6.866356
89688 -23.605271 -15.318482 -28.556722 -5.262571
89689 -23.334557 -14.828269 -28.685480 -5.661582
89690 -24.037494 -14.839182 -28.765839 -4.976615
89691 -24.645910 -14.416271 -28.823369 -4.655467
89692 -24.931306 -14.916489 -28.539372 -4.294926
89693 -25.079051 -17.259326 -27.356814 -3.667645
89694 -24.621133 -16.689988 -27.682816 -4.043651
89695 -25.386471 -16.712725 -27.513880 -3.475088
89697 -26.260095 -15.800510 -27.730301 -3.045166
97406 -20.692580 -6.349126 -29.855253 -6.676013
97412 -18.103828 -12.393573 -25.992535 -8.073801
97413 -17.957001 -11.882442 -25.992535 -8.064734
97414 -18.190090 -11.882442 -26.376980 -8.115340
97415 -18.402989 -11.474992 -26.891096 -8.124709
97416 -18.694809 -11.085731 -27.417997 -8.079535
97417 -19.137127 -10.814704 -28.078220 -7.956186
97418 -19.389486 -11.343116 -28.028909 -7.920712
97419 -20.206214 -11.614143 -28.695524 -7.640891
97420 -21.276220 -11.888808 -29.297305 -7.233857
97421 -22.236104 -12.106175 -29.756631 -6.707617
97422 -21.550603 -12.405396 -29.247081 -7.092973
97423 -21.925014 -12.898338 -29.179506 -6.903039
97424 -22.240693 -13.382185 -29.097320 -6.662175
101731 -21.066990 -16.315279 -23.189096 -7.388733
101732 -19.320661 -16.533556 -23.002809 -7.416950
101733 -19.377557 -16.186132 -23.083168 -7.488052
101734 -19.028841 -15.996959 -23.347075 -7.562217
101735 -18.789329 -15.422163 -23.704125 -7.674476
101736 -18.542475 -14.884657 -24.095876 -7.761753
101737 -18.312140 -14.317137 -24.458405 -7.832877
101738 -18.434190 -14.791889 -24.524154 -7.812133
101739 -18.444285 -14.746415 -24.938734 -7.840652
101740 -18.606712 -14.777337 -25.356967 -7.839110
101741 -18.987546 -14.883747 -25.819945 -7.791327
101742 -18.921474 -15.318482 -25.428194 -7.733778
101743 -19.177504 -15.808695 -25.465634 -7.595157
101744 -19.541820 -16.382581 -25.525904 -7.420052
101745 -19.751049 -18.610823 -24.212762 -6.780165
101746 -19.886865 -18.231567 -24.629169 -6.853361
101747 -20.188779 -18.714505 -24.630082 -6.562832
101748 -20.694416 -18.845471 -25.008135 -6.243580
101749 -21.348716 -19.009178 -25.368838 -5.834710
101750 -21.969062 -19.128321 -25.666532 -5.359781
101751 -21.761668 -19.521219 -25.250126 -5.391120
101752 -22.072759 -20.059635 -25.202641 -4.932934
113672 -21.853435 -10.854722 -27.091994 -7.427713
113673 -21.026613 -10.178064 -27.080123 -7.592773
113674 -20.360383 -9.525962 -27.049075 -7.733887
113675 -20.698086 -14.336236 -24.447447 -7.278374
113676 -20.877950 -14.094313 -24.691264 -7.229974
113677 -20.166754 -13.566811 -24.640127 -7.273982
113678 -19.899712 -12.849226 -24.827327 -7.299109
113679 -19.507866 -12.101628 -25.023659 -7.361201
113680 -18.016650 -9.790623 -26.059196 -7.984062
113681 -18.158889 -9.869748 -25.690275 -7.861527
113682 -18.130441 -9.427737 -26.118552 -7.984026
113683 -18.288280 -9.194909 -26.293882 -7.991606
113684 -18.552570 -8.982089 -26.462818 -7.999338
113685 -18.847142 -8.757446 -26.660977 -7.997471
113686 -18.733351 -8.585553 -27.007069 -8.046380
113687 -18.887520 -8.236310 -27.622547 -8.005611
113688 -19.069219 -7.908895 -28.135750 -7.863841
113689 -19.349109 -7.646963 -28.638908 -7.620722
113690 -19.171998 -7.933451 -28.525674 -7.709407
113691 -19.495936 -8.096249 -28.981347 -7.475051
113692 -19.985973 -8.198112 -29.503682 -7.156770
113693 -22.076429 -9.896123 -30.363890 -6.434810
113694 -21.983745 -9.453203 -30.409549 -6.399761
113695 -22.917017 -9.505953 -30.654279 -5.833579
113706 -25.620478 -11.986123 -29.314655 -4.033295
113715 -21.511144 -15.433987 -27.592412 -6.685643
113716 -21.917672 -15.062916 -28.101049 -6.521175
113717 -22.434321 -15.603151 -28.020690 -6.134267
113718 -23.144599 -15.700466 -28.269986 -5.509380
113719 -24.172392 -15.836889 -28.232546 -4.851317
113721 -26.208705 -16.742738 -27.226230 -2.967016
118164 -20.894468 -17.580375 -22.235744 -7.021518
118165 -20.290640 -17.314805 -22.402855 -7.129721
118166 -20.378737 -18.019657 -21.924352 -6.726819
118167 -20.003409 -17.547633 -22.309711 -7.002963
118168 -19.695071 -17.069243 -22.649411 -7.232086
118169 -19.254589 -16.895531 -23.010114 -7.320768
118170 -18.993970 -16.762746 -23.322419 -7.389871
118171 -18.853566 -16.694535 -23.634724 -7.436167
118172 -18.926062 -16.725457 -24.065741 -7.455146
118173 -18.981123 -17.186567 -23.706865 -7.323741
118174 -19.088490 -17.600384 -23.768047 -7.201687
118175 -19.261012 -18.074226 -23.826490 -7.063551
118176 -19.238988 -18.425288 -22.842090 -6.875858
118177 -19.239906 -18.459848 -23.348901 -6.922760
118178 -19.435370 -18.522603 -23.780831 -6.896297
118179 -19.628081 -18.976437 -23.673077 -6.684106
118180 -19.975879 -19.476654 -23.762568 -6.414219
127453 -21.734138 -12.363560 -26.138642 -7.275474
127454 -18.315811 -12.585475 -24.639213 -7.631322
127455 -18.539722 -12.253512 -24.781668 -7.560436
127456 -18.216702 -12.010679 -24.980740 -7.697131
127457 -18.069875 -11.435884 -25.280260 -7.785793
127458 -17.957919 -10.753769 -25.624526 -7.890382
127459 -17.926718 -11.264900 -25.986142 -8.042406
127460 -17.887258 -10.746493 -26.052804 -8.016450
127461 -17.934059 -10.216262 -26.046412 -7.995221
127462 -18.000131 -9.832459 -26.488387 -8.076551
127463 -18.191007 -9.519596 -27.042683 -8.105244
127464 -18.501180 -9.298590 -27.620721 -8.052141
127465 -18.880179 -9.132154 -28.316558 -7.894594
127466 -18.862743 -9.477759 -28.185974 -7.932206
127467 -19.387651 -9.642376 -28.749402 -7.716043
127468 -20.247510 -9.920679 -29.344790 -7.394224
127469 -19.723519 -10.592790 -28.668129 -7.734684
127470 -20.463162 -10.396341 -29.337485 -7.404188
127471 -21.207394 -10.118947 -29.873517 -6.966199
127472 -22.334295 -10.398160 -30.342887 -6.442558
127473 -23.300604 -10.455457 -30.482603 -5.845471
127476 -24.401810 -10.829256 -30.184908 -5.144592
127477 -24.513766 -11.215788 -30.016885 -5.041372
127478 -24.757866 -11.670531 -29.788592 -4.894951
127479 -23.204248 -12.184391 -29.908217 -6.085625
127480 -24.196251 -12.215314 -29.861645 -5.404187
127481 -24.946907 -12.140736 -29.536556 -4.706244
127482 -25.198349 -12.560009 -29.396841 -4.479325
127483 -25.392895 -13.010205 -29.171287 -4.221368
127484 -25.647090 -13.484957 -28.900075 -3.941919
127485 -23.248296 -17.554000 -27.166874 -4.996027
127486 -23.546540 -17.118356 -27.502922 -4.839562
127487 -23.838359 -17.572189 -27.251799 -4.407540
127488 -24.650499 -17.624030 -27.301110 -3.841213
127489 -25.424096 -17.644948 -27.114823 -3.318991
136684 -21.228501 -15.016532 -24.202717 -7.300324
136685 -20.372313 -14.475388 -24.194499 -7.336160
136686 -19.659282 -14.015188 -24.191759 -7.395822
136687 -19.071972 -13.606828 -24.266639 -7.481104
136688 -21.198218 -17.114718 -22.669501 -7.236965
136689 -20.703592 -16.519914 -22.948932 -7.368059
136690 -20.298899 -15.909648 -23.230189 -7.453965
136691 -19.519796 -15.843256 -23.218317 -7.526691
136692 -19.612481 -15.547672 -23.355293 -7.531321
136693 -19.805192 -15.263913 -23.561670 -7.505897
136694 -19.332591 -14.580888 -23.856625 -7.536658
136695 -18.930651 -13.916963 -24.081265 -7.559667
136696 -18.616807 -13.259404 -24.374393 -7.587697
136697 -18.280939 -12.982920 -24.578031 -7.706603
136698 -18.042344 -12.859230 -24.856548 -7.826202
136699 -17.906529 -12.821941 -25.240081 -7.934162
136700 -18.077216 -13.773264 -24.819108 -7.895941
136701 -18.012061 -13.269409 -25.195335 -7.956853
136702 -17.987284 -12.823760 -25.556952 -8.017466
136703 -18.216702 -12.888334 -25.987056 -8.060703
136704 -18.623231 -13.000201 -26.486561 -8.044472
136705 -19.234400 -13.162089 -27.037204 -7.945275
136706 -19.827216 -13.291236 -27.588760 -7.739254
136707 -19.460147 -13.618651 -27.078296 -7.812989
136708 -19.821710 -14.161615 -27.135826 -7.635736
136709 -20.243839 -14.670018 -27.161395 -7.409685
136710 -19.392240 -14.951049 -26.241831 -7.673671
136711 -19.821710 -15.001980 -26.650019 -7.460406
136712 -20.753147 -15.267551 -27.232623 -7.132482
136713 -21.213818 -15.808695 -27.239015 -6.804464
136714 -21.582722 -16.362572 -27.143132 -6.429686
136715 -21.997510 -16.863699 -27.118476 -6.016518
136716 -19.171998 -16.764565 -24.587163 -7.435977
136717 -19.462900 -16.789122 -25.081189 -7.359652
136718 -19.829969 -16.880070 -25.523164 -7.202685
136719 -19.979549 -17.750449 -25.076623 -6.905455
136720 -20.231909 -17.379378 -25.576128 -6.936601
136721 -20.409020 -17.002851 -25.962400 -6.945357
136722 -21.046802 -17.148369 -26.359630 -6.580111
136723 -21.808469 -17.337542 -26.762339 -6.115946
136724 -22.541689 -17.433948 -27.006156 -5.576940
136725 -22.699529 -17.918704 -26.830827 -5.124839
136726 -23.352911 -18.501685 -26.590662 -4.674163
136727 -23.543787 -18.990988 -26.344106 -4.237025
136728 -22.716047 -19.272929 -25.911262 -4.847741
136729 -23.407971 -19.400257 -26.040020 -4.327300
136730 -24.066859 -19.445732 -26.064675 -3.822764
160789 -20.523729 -7.537824 -28.017951 -7.452549
160790 -20.216309 -7.166754 -28.193280 -7.451481
160794 -21.357892 -14.011550 -24.950605 -7.192021
160795 -21.819481 -13.904230 -25.220904 -7.161991
160796 -22.298506 -13.804187 -25.488464 0.000000
160797 -21.662559 -13.017481 -25.697580 -7.189086
160798 -21.280808 -12.384478 -25.893912 -7.279570
160799 -20.837573 -11.604139 -26.030888 -7.399995
160800 -18.737022 -11.909726 -24.886683 -7.504777
160801 -18.967357 -11.636880 -25.074797 -7.471207
160802 -19.162822 -11.342207 -25.223644 -7.461505
160803 -18.484662 -10.148960 -25.481158 -7.726768
160804 -18.883849 -10.570053 -25.373404 -7.593990
160805 -19.449135 -11.095736 -25.437326 -7.472579
160806 -19.722601 -10.967498 -25.649182 -7.496485
160807 -20.160331 -10.931119 -25.926786 -7.522241
160808 -20.513634 -10.882916 -26.225394 -7.537564
160809 -20.246592 -10.220810 -26.453687 -7.673295
160810 -19.932748 -9.517777 -26.744989 -7.784206
160811 -19.793262 -8.883865 -27.018027 -7.847313
160812 -19.164657 -8.601014 -26.891096 -7.975931
160813 -19.431699 -8.447311 -27.128521 -7.926569
160814 -19.790509 -8.311798 -27.328506 -7.844516
160815 -19.815286 -7.777929 -27.670945 -7.766226
160816 -19.868511 -7.281349 -28.028909 -7.612672
160817 -20.020845 -6.901184 -28.516543 -7.392263
160818 -20.059387 -6.748390 -28.917425 -7.265189
160819 -20.250263 -6.735657 -29.393188 -7.062240
160820 -20.536576 -6.696549 -29.799550 -6.778619
160821 -19.794180 -7.385940 -29.202335 -7.286696
160822 -20.342947 -7.071258 -29.713712 -6.878346
160827 -19.371133 -8.822929 -28.827934 -7.621819
160828 -19.977714 -8.600105 -29.407799 -7.236898
160829 -20.768747 -8.348177 -30.006840 -6.754622
160830 -21.798375 -8.952986 -30.423246 -6.344034
160831 -21.683666 -8.464591 -30.427812 -6.274360
160832 -21.614840 -8.035314 -30.468905 -6.197128
160833 -22.400368 -7.682433 -30.866135 -5.589423
160872 -20.835737 -13.540436 -28.201498 -7.408422
160873 -21.591899 -13.664126 -28.628863 -6.948021
160874 -22.576560 -13.891497 -29.049835 -6.371337
160875 -22.405874 -14.719130 -28.543025 -6.305522
160876 -22.884898 -14.353517 -28.871767 -6.035026
160877 -23.491479 -13.952433 -29.127455 -5.709521
160878 -24.293524 -14.007912 -29.142066 -5.005991
160879 -25.116676 -13.939700 -28.922904 -4.306869
160881 -24.010881 -16.667250 -27.754957 -4.654579
160882 -24.397221 -16.332559 -27.992382 -4.441144
160883 -24.726665 -15.785048 -28.200585 -4.200715
160884 -25.917803 -16.297089 -27.689209 -3.266247
160885 -25.482827 -15.779591 -27.930286 -3.591127
160886 -25.229550 -15.333034 -28.271813 -3.936641
160887 -25.679209 -14.822812 -28.336648 -3.654423
