#!ascii label  , from subject  vox2ras=TkReg coords=orig
1199
11 -32.233220 -21.236511 -20.826719 0.142857
337 -25.332329 1.805331 -35.214661 0.285714
606 -25.701233 -20.945475 -24.998090 0.571429
641 -24.232958 -27.222751 -19.231407 0.142857
817 -23.667672 4.197280 -34.251264 0.142857
1348 -22.761013 -17.028317 -27.346769 0.428571
1349 -20.699922 -20.120571 -24.126011 0.142857
1372 -29.514159 -8.909330 -29.048922 0.142857
1759 -28.261537 -1.072285 -33.239470 0.285714
2445 -22.527006 -0.454743 -30.035148 0.285714
2446 -23.125328 -2.905809 -31.618589 0.285714
2447 -23.896172 -6.248173 -31.288934 0.428571
2450 -24.872575 -9.864291 -30.197693 1.000000
2451 -26.260095 -13.400375 -28.660824 0.857143
2452 -28.169770 -17.122903 -26.561441 0.428571
2454 -29.826167 -20.541663 -23.463961 0.142857
2559 -20.120871 -23.100958 -21.399278 0.142857
2560 -25.029497 -24.316942 -22.338019 0.142857
3268 -19.498689 -18.113334 -24.215501 0.142857
3269 -19.395910 -19.672194 -22.368154 0.142857
3888 -25.694809 3.619756 -36.897638 0.142857
3890 -27.315417 1.860809 -36.874808 0.142857
3892 -26.959361 0.593895 -34.424767 0.285714
5468 -23.131752 0.430187 -28.775884 0.142857
5472 -21.424882 -4.936693 -30.324624 0.285714
5473 -23.554799 -4.530152 -31.627721 0.428571
5474 -21.127557 -6.323660 -30.264354 0.142857
5481 -21.050472 -9.672389 -29.913696 0.142857
5482 -21.986498 -11.593225 -29.789505 0.285714
5483 -25.461720 -11.558664 -29.519206 1.000000
5484 -23.151941 -13.555897 -29.382230 0.571429
5485 -24.248558 -19.001902 -26.390678 0.714286
5486 -25.737940 -17.207485 -27.199748 0.714286
5487 -27.085999 -19.068295 -25.917655 0.571429
5488 -29.310436 -19.118317 -25.303090 0.285714
5489 -27.882539 -20.789953 -24.334214 0.285714
5751 -21.147746 -28.101315 -18.541962 0.142857
5752 -21.726796 -26.927168 -19.898023 0.285714
5753 -19.812533 -24.385153 -20.028607 0.142857
5754 -22.184715 -25.502003 -21.246779 0.285714
5755 -22.580231 -23.998621 -22.495085 0.571429
5756 -24.626639 -25.772120 -20.793845 0.285714
6079 -23.953068 3.024952 -35.208269 0.285714
7036 -21.613923 -18.615371 -25.811727 0.142857
7037 -23.157447 -20.706280 -25.087581 0.571429
7945 -28.862612 -2.964926 -31.719038 0.142857
9891 -24.145779 2.518368 -31.270670 0.142857
9892 -23.554799 1.623433 -32.531761 0.285714
9893 -23.972339 0.484756 -33.132628 0.714286
9895 -22.666492 -1.539761 -31.095341 0.285714
9896 -25.012979 -0.580252 -32.809365 0.571429
9897 -25.946251 -1.949939 -32.068783 0.857143
9898 -26.361956 -3.717981 -31.349203 0.857143
9899 -26.623493 -5.468743 -30.589444 0.857143
9906 -20.761406 -7.917990 -30.015972 0.285714
9907 -24.222864 -8.018943 -30.856090 0.714286
9908 -26.995150 -7.391397 -29.788592 0.857143
9909 -27.356713 -9.193999 -29.147545 0.714286
9910 -27.850420 -11.060266 -28.450794 0.571429
9911 -28.631359 -13.095697 -27.755870 0.428571
9912 -24.513766 -15.361228 -28.389612 0.714286
9913 -27.208968 -15.252089 -27.550407 0.714286
9914 -29.501312 -15.237538 -27.130347 0.285714
9915 -30.362088 -17.189296 -26.288402 0.142857
9916 -30.873231 -18.789082 -24.844677 0.142857
9917 -32.499345 -18.327063 -24.872985 0.142857
9918 -31.316466 -20.350671 -22.677719 0.142857
9997 -34.174096 -15.776863 -22.520654 0.142857
9998 -33.554668 -16.963743 -23.518751 0.142857
10234 -20.576036 -21.745823 -22.864007 0.285714
10235 -22.906922 -22.396106 -23.771700 0.285714
10236 -25.421343 -22.747168 -23.736999 0.285714
10239 -27.521894 -22.413386 -22.773603 0.285714
10240 -29.412297 -21.841319 -21.444024 0.142857
10241 -31.083378 -21.955005 -20.244115 0.142857
10972 -29.129654 -5.882559 -30.079894 0.142857
11568 -25.414002 2.661158 -36.304989 0.285714
11569 -26.472077 2.803947 -37.022742 0.142857
11570 -26.236235 2.000870 -36.178971 0.285714
11571 -27.132801 1.250544 -35.836531 0.285714
11572 -26.190352 1.190518 -34.854871 0.285714
13152 -20.765994 -5.845270 -29.524685 0.285714
13153 -21.279890 -5.626993 -30.300881 0.142857
13161 -20.056634 -11.146667 -28.710135 0.142857
13162 -20.600813 -12.118908 -28.736617 0.142857
13163 -22.535265 -12.551824 -29.594999 0.571429
13164 -21.350551 -13.231210 -28.694611 0.428571
13165 -25.012979 -19.975962 -25.703059 0.571429
13166 -25.780153 -19.076480 -26.141382 0.714286
13167 -26.322497 -20.063273 -25.512206 0.571429
13168 -27.549424 -20.006885 -25.113150 0.285714
13169 -26.823545 -20.985492 -24.769797 0.285714
13430 -24.069612 -28.004000 -18.472561 0.142857
13431 -22.772942 -28.014914 -19.002201 0.285714
13432 -22.954641 -27.260040 -19.754655 0.428571
13433 -21.911248 -26.245053 -20.574684 0.285714
13434 -23.175800 -26.559735 -20.519893 0.428571
13435 -23.429995 -25.826689 -21.222123 0.428571
13436 -24.494494 -26.485158 -20.030433 0.142857
13970 -23.720897 4.792994 -35.413733 0.142857
13971 -24.006293 4.074500 -35.895888 0.285714
13972 -23.669508 3.643403 -34.856698 0.142857
15565 -20.056634 -19.083756 -24.140621 0.142857
15566 -20.373231 -18.335249 -25.068404 0.142857
15567 -21.174358 -19.361149 -24.999003 0.142857
15568 -22.366414 -19.656733 -25.469287 0.428571
15569 -21.826823 -20.423430 -24.703135 0.428571
17433 -28.668983 -0.341967 -34.486863 0.142857
17434 -29.376508 -0.759421 -34.737072 0.142857
17435 -29.202151 -1.199613 -33.609304 0.142857
17437 -28.647877 -1.994504 -32.408483 0.285714
22165 -22.781201 0.041836 -29.426975 0.142857
22166 -23.447431 1.008621 -30.682587 0.285714
22167 -23.248296 0.481118 -31.306284 0.142857
22168 -23.655742 1.041362 -32.939036 0.285714
22169 -23.272156 -0.034560 -31.808529 0.285714
22173 -22.042476 -3.176836 -30.686240 0.285714
22174 -21.978239 -2.512911 -30.243351 0.142857
22175 -22.906922 -2.188225 -31.438694 0.285714
22176 -23.842948 -1.223259 -32.248678 0.285714
22177 -24.167803 -1.838072 -32.155534 0.285714
22178 -25.571841 -1.218712 -32.470579 0.714286
22179 -24.524778 -2.573847 -32.000295 0.285714
22180 -23.771369 -5.389617 -31.481613 0.428571
22181 -24.953330 -4.252759 -31.583888 0.428571
22182 -25.136865 -5.117681 -31.304458 0.857143
22183 -26.472077 -4.551071 -30.985760 0.857143
22184 -25.280021 -5.938038 -30.987587 0.857143
22202 -19.427111 -8.440035 -28.896422 0.142857
22203 -23.125328 -9.981615 -30.562962 0.285714
22204 -22.758259 -9.042115 -30.741943 0.285714
22205 -24.552308 -8.946619 -30.584878 0.714286
22206 -25.667279 -7.798847 -30.318232 1.000000
22207 -25.938910 -8.637394 -29.889954 0.857143
22208 -27.152072 -8.231763 -29.473547 0.857143
22209 -26.119691 -9.466845 -29.598652 0.857143
22210 -25.832460 -12.454509 -29.111931 0.857143
22211 -26.721684 -11.339478 -28.875419 0.857143
22212 -27.087835 -12.284435 -28.458100 0.857143
22213 -28.207394 -12.042511 -28.124792 0.428571
22214 -27.467751 -13.229391 -28.082786 0.571429
22215 -21.909413 -15.946937 -27.544014 0.428571
22216 -22.867462 -15.242085 -28.350345 0.714286
22217 -23.478632 -16.161576 -28.035301 0.714286
22218 -27.040116 -17.138364 -26.809824 0.571429
22219 -26.491348 -16.191589 -27.398820 0.714286
22220 -27.604484 -16.176128 -27.034464 0.571429
22221 -28.281726 -15.202068 -27.264584 0.428571
22222 -28.808469 -16.245249 -26.920318 0.428571
22223 -29.864710 -16.236154 -26.795213 0.285714
22224 -29.159938 -17.171106 -26.392504 0.285714
22225 -29.437992 -19.765871 -24.456579 0.285714
22226 -30.015208 -18.949152 -25.051054 0.142857
22227 -30.323545 -19.621263 -24.199064 0.142857
22228 -30.910855 -19.522129 -24.216415 0.142857
22229 -30.751180 -20.401602 -22.990024 0.142857
22430 -32.912297 -16.961015 -25.251952 0.142857
22431 -33.273860 -17.596746 -24.281250 0.142857
22432 -32.324070 -17.922342 -25.392581 0.142857
23008 -20.151154 -26.759823 -18.758384 0.142857
23015 -19.915312 -23.735780 -20.689743 0.142857
23020 -19.704248 -21.389304 -21.996493 0.142857
23021 -20.383325 -22.452494 -22.139861 0.142857
23022 -23.764028 -24.287838 -22.573618 0.428571
23023 -22.752753 -23.232834 -23.153482 0.571429
23024 -23.927373 -23.459296 -23.206446 0.428571
23025 -24.222864 -22.631663 -23.850233 0.714286
23026 -25.233220 -23.596628 -23.074949 0.142857
23033 -27.277793 -23.118238 -21.947182 0.142857
23035 -28.440483 -22.075967 -22.133469 0.142857
24317 -19.782250 -19.872281 -23.253018 0.142857
24358 -29.337048 -7.906167 -29.364880 0.285714
25431 -27.539329 3.999012 -36.598117 0.142857
25432 -27.013503 3.455139 -37.162458 0.142857
25433 -27.784348 2.427420 -37.353311 0.142857
25436 -28.112874 0.875836 -36.360692 0.285714
25437 -27.992659 0.482937 -35.284975 0.142857
25438 -27.667803 -0.221915 -33.871385 0.285714
28277 -22.288412 -1.055004 -28.491887 0.142857
28282 -22.163608 -3.931710 -30.986674 0.142857
28283 -23.403383 -3.679783 -31.680685 0.285714
28284 -22.237940 -4.699317 -31.089862 0.285714
28285 -22.251705 -5.517855 -31.044204 0.142857
28286 -22.289329 -6.350035 -30.972976 0.285714
28297 -19.378474 -9.264030 -28.806932 0.142857
28298 -19.490430 -10.139865 -28.693698 0.142857
28299 -21.421212 -10.631898 -29.905478 0.142857
28300 -23.493315 -10.885644 -30.347453 0.428571
28301 -25.115758 -10.662820 -29.903651 0.857143
28302 -23.962245 -11.783308 -30.020537 0.571429
28303 -24.418328 -12.645501 -29.593173 0.714286
28304 -24.852386 -13.482228 -29.223338 0.857143
28305 -23.485056 -17.969635 -26.981500 0.428571
28306 -24.277924 -17.167468 -27.432607 0.571429
28307 -25.079969 -18.083321 -26.824435 0.571429
28308 -26.423440 -18.159718 -26.592489 0.714286
28309 -27.485187 -18.055127 -26.307579 0.571429
28310 -28.750656 -18.102420 -25.900304 0.285714
28311 -27.993577 -18.963704 -25.559691 0.285714
28312 -28.590063 -19.876828 -24.781668 0.285714
28313 -28.997510 -20.606237 -23.826490 0.142857
28782 -22.554536 -28.628817 -18.356588 0.285714
28783 -21.457001 -27.556533 -19.202186 0.285714
28784 -20.412690 -26.212312 -19.486182 0.142857
28786 -20.665968 -25.660253 -20.168322 0.142857
28787 -20.814631 -24.977229 -20.788366 0.142857
28788 -21.072496 -24.320580 -21.413889 0.285714
28789 -21.270714 -23.579348 -22.092376 0.285714
28790 -22.250787 -24.789875 -21.833035 0.285714
28791 -23.633718 -25.069087 -21.909742 0.428571
28792 -24.865234 -25.034527 -21.539907 0.142857
29544 -24.533954 3.396023 -36.233761 0.285714
29545 -24.509177 2.392859 -35.299586 0.285714
31775 -21.295491 -16.730005 -26.772384 0.285714
31777 -20.738464 -17.503068 -25.960574 0.142857
31778 -22.137913 -17.815022 -26.619884 0.571429
31779 -22.970242 -18.889126 -26.241831 0.428571
31780 -23.636471 -19.870462 -25.698493 0.714286
31781 -24.497247 -20.850888 -25.071144 0.571429
34183 -28.957132 -3.901697 -31.189398 0.142857
39913 -23.732827 2.164578 -31.914457 0.142857
39915 -23.696120 2.290997 -33.991923 0.285714
39916 -24.034741 1.722568 -34.195561 0.428571
39917 -24.680782 1.202341 -34.178211 0.285714
39920 -22.016781 -1.426984 -29.132021 0.285714
39922 -21.954379 -1.937206 -29.680837 0.142857
39923 -22.538018 -0.973151 -30.696285 0.285714
39924 -23.495150 -0.607537 -32.135444 0.428571
39925 -24.478894 -0.031832 -33.055922 0.571429
39926 -25.417672 0.719404 -33.876864 0.285714
39927 -26.138962 0.163708 -33.449499 0.428571
39928 -26.735449 -0.555696 -32.981955 0.714286
39929 -27.169508 -1.336945 -32.486102 0.571429
39930 -24.778973 -3.382380 -31.808529 0.571429
39931 -26.173834 -2.813042 -31.712646 0.714286
39932 -27.493446 -2.301910 -31.904412 0.571429
39933 -27.692581 -3.200483 -31.400341 0.571429
39934 -27.819219 -4.119065 -30.892617 0.571429
39935 -27.933011 -5.094034 -30.415028 0.714286
39954 -20.021762 -7.043973 -29.300958 0.142857
39955 -20.916492 -7.101271 -30.155687 0.142857
39956 -22.384767 -7.242241 -30.911794 0.285714
39957 -20.830231 -8.783821 -29.976705 0.285714
39958 -22.459099 -8.124443 -30.814997 0.285714
39959 -24.003540 -7.138560 -31.095341 0.428571
39960 -25.463556 -6.829334 -30.648800 0.857143
39961 -26.807945 -6.413699 -30.198606 0.857143
39962 -28.056896 -6.057180 -29.986750 0.571429
39963 -28.174358 -7.030331 -29.630613 0.428571
39964 -28.316597 -7.958917 -29.308263 0.285714
39965 -28.502885 -8.904783 -28.989566 0.428571
39966 -26.387651 -10.367237 -29.238862 0.857143
39967 -27.602649 -10.155327 -28.784102 0.571429
39968 -28.764421 -9.897942 -28.595989 0.285714
39969 -29.082853 -10.943852 -28.266334 0.285714
39970 -29.385685 -12.084348 -27.988729 0.142857
39972 -22.034216 -14.194356 -28.568594 0.428571
39973 -23.876901 -14.467202 -28.946647 0.714286
39974 -25.315811 -14.362611 -28.690045 0.857143
39975 -25.192843 -16.286175 -27.834403 0.857143
39976 -25.963687 -15.316663 -28.017951 0.857143
39977 -26.710672 -14.282577 -28.070915 0.714286
39978 -27.988071 -14.264387 -27.582368 0.571429
39979 -29.118642 -14.249835 -27.354074 0.428571
39983 -31.310043 -17.322081 -26.270139 0.142857
39984 -29.717882 -18.211559 -25.858298 0.142857
39985 -30.691532 -18.135162 -25.565170 0.142857
39986 -31.413739 -17.984187 -25.757849 0.142857
39987 -31.615627 -18.655388 -24.976174 0.142857
39988 -31.460541 -19.162881 -24.496759 0.142857
39989 -32.575512 -18.671759 -24.464798 0.142857
39990 -31.666099 -20.363404 -22.542570 0.142857
40227 -34.651285 -17.041959 -21.652227 0.142857
40229 -33.882276 -16.534465 -22.962629 0.142857
40230 -34.391584 -17.604021 -21.959966 0.142857
40231 -34.065811 -18.032390 -22.291448 0.142857
40232 -33.773991 -18.428926 -23.035683 0.142857
40922 -19.577609 -27.726607 -17.485422 0.142857
40937 -19.777662 -20.635340 -22.621103 0.142857
40938 -20.672392 -20.937290 -23.464874 0.142857
40939 -21.546015 -22.864492 -22.802824 0.142857
40940 -21.719455 -22.104161 -23.464874 0.285714
40941 -21.694678 -21.267433 -24.059349 0.285714
40942 -23.141846 -21.614857 -24.412747 0.428571
40943 -24.297195 -21.795845 -24.454753 0.571429
40944 -25.481909 -21.877699 -24.309558 0.428571
40950 -26.093079 -24.115945 -21.747197 0.142857
40951 -26.237153 -23.403817 -22.509696 0.142857
40952 -26.499607 -22.644396 -23.375383 0.285714
40953 -26.735449 -21.779474 -23.924200 0.285714
40954 -27.579707 -21.674883 -23.564410 0.285714
40955 -28.666230 -21.442055 -22.977240 0.142857
40956 -29.443498 -21.259248 -22.548049 0.142857
40958 -30.128081 -21.872242 -20.939039 0.142857
40959 -30.386865 -21.131010 -22.013843 0.142857
40960 -30.898008 -21.152838 -21.307048 0.142857
40961 -31.955166 -21.312908 -20.659609 0.142857
42288 -25.284610 2.266440 -35.796352 0.285714
42289 -25.841637 2.302820 -36.273941 0.285714
42290 -25.730598 1.945392 -35.691337 0.285714
42291 -26.191270 1.616158 -35.541577 0.285714
42292 -25.777400 1.506110 -35.068554 0.285714
43873 -20.625590 -6.105383 -29.506421 0.142857
43883 -20.918328 -12.650958 -28.712875 0.142857
43884 -20.335606 -12.941084 -28.151274 0.142857
43885 -25.445202 -20.486184 -25.335964 0.571429
43886 -25.659938 -19.993243 -25.641877 0.571429
43887 -26.082067 -20.485275 -25.198075 0.714286
43888 -26.626246 -20.467995 -25.026398 0.428571
43889 -26.260095 -20.988221 -24.904947 0.428571
44151 -23.497903 -27.648391 -19.157440 0.142857
44152 -23.667672 -27.229118 -19.604895 0.428571
44153 -23.077609 -26.927168 -20.186586 0.428571
44154 -23.785134 -26.905340 -19.923592 0.428571
44155 -23.756686 -26.578835 -20.307124 0.285714
44156 -24.315548 -26.898974 -19.637769 0.142857
44688 -23.675931 4.829374 -34.561743 0.142857
44689 -23.700708 5.131323 -35.100515 0.142857
44690 -23.625459 4.553799 -34.906922 0.142857
44691 -23.667672 4.219108 -35.211008 0.142857
44692 -23.643813 3.918978 -34.564482 0.142857
46285 -20.402596 -19.617625 -24.179888 0.142857
46286 -20.565024 -19.210175 -24.575291 0.142857
46287 -20.940352 -19.774056 -24.555202 0.142857
46288 -21.507473 -19.928669 -24.895815 0.142857
46289 -21.226665 -20.271546 -24.463884 0.142857
46357 -29.653645 -9.503225 -28.900075 0.142857
48153 -28.546933 -0.690300 -33.833032 0.142857
48154 -28.976403 -0.795801 -34.028450 0.142857
48155 -28.788281 -1.111393 -33.417538 0.142857
48156 -28.968144 -1.546127 -32.987434 0.285714
48157 -28.467095 -1.517933 -32.834021 0.285714
52885 -22.605008 -0.215548 -29.766676 0.142857
52886 -23.025302 0.296493 -30.355672 0.142857
52887 -22.931699 0.047293 -30.667977 0.142857
52888 -23.243708 0.219186 -31.570191 0.142857
52889 -22.888569 -0.229191 -30.987587 0.142857
52893 -22.565548 -3.036776 -31.244188 0.285714
52894 -22.425145 -2.681166 -31.063380 0.142857
52895 -23.006031 -2.538377 -31.534577 0.285714
52896 -23.505244 -2.046345 -31.879756 0.285714
52897 -23.663084 -2.420144 -31.894367 0.285714
52898 -24.345832 -2.187315 -32.088873 0.285714
52899 -23.825512 -2.757563 -31.869711 0.285714
52900 -23.851207 -5.831628 -31.368380 0.428571
52901 -24.444940 -5.246828 -31.445086 0.571429
52902 -24.504589 -5.677015 -31.337332 0.571429
52903 -25.213949 -5.511488 -31.132781 1.000000
52904 -24.608286 -6.102655 -31.225925 0.571429
52923 -24.095307 -9.966154 -30.521869 0.571429
52924 -23.923703 -9.540514 -30.615926 0.571429
52925 -24.702806 -9.425009 -30.366630 0.857143
52926 -25.276351 -8.808377 -30.265268 0.857143
52927 -25.413084 -9.224922 -30.068022 1.000000
52928 -26.030677 -9.063943 -29.776720 0.857143
52929 -25.571841 -9.693308 -29.875343 1.000000
52930 -26.071972 -12.941993 -28.893683 0.857143
52931 -26.479418 -12.379021 -28.787755 0.857143
52932 -26.662035 -12.787381 -28.564028 0.857143
52933 -27.223650 -12.699161 -28.328429 0.571429
52934 -26.870347 -13.253038 -28.344866 0.857143
52935 -22.415968 -16.487172 -27.462742 0.571429
52936 -22.704117 -16.078813 -27.839882 0.714286
52937 -23.180389 -16.668160 -27.721170 0.571429
52938 -27.568695 -17.157464 -26.669195 0.571429
52939 -27.387913 -16.616319 -26.905707 0.714286
52940 -27.889880 -16.675436 -26.922144 0.571429
52941 -28.279890 -16.208869 -26.903881 0.428571
52942 -28.331280 -16.642694 -26.655498 0.428571
52943 -29.024122 -16.712725 -26.602534 0.428571
52944 -28.771762 -17.210214 -26.520348 0.428571
52945 -29.482958 -20.172411 -24.131490 0.142857
52946 -29.922523 -19.766780 -24.388091 0.142857
52947 -29.894075 -20.089648 -23.917807 0.142857
52948 -30.353829 -20.098743 -23.729694 0.142857
52949 -30.201495 -20.501646 -23.286805 0.142857
53148 -32.426849 -17.015584 -26.040020 0.142857
53150 -32.629655 -17.373921 -25.634571 0.142857
53151 -32.678291 -17.526715 -25.304916 0.142857
53152 -32.098323 -17.418486 -25.966053 0.142857
53735 -20.091505 -23.447473 -21.163680 0.142857
53741 -20.236498 -22.749896 -21.729847 0.142857
53742 -24.452282 -24.324218 -22.490519 0.142857
53743 -23.950315 -23.876750 -22.907839 0.428571
53744 -24.542213 -23.938595 -22.829306 0.142857
53745 -24.697300 -23.535693 -23.167180 0.285714
53746 -25.068957 -23.954057 -22.675893 0.142857
55888 -19.639093 -19.366606 -23.277674 0.142857
55889 -19.506948 -19.765871 -22.848483 0.142857
55957 -29.246199 -7.449604 -29.527424 0.142857
57743 -25.932486 3.992646 -36.989868 0.142857
57745 -26.295884 3.596110 -37.108580 0.142857
57746 -26.917148 2.321919 -36.984389 0.142857
57747 -27.092423 2.672981 -37.214508 0.142857
57748 -27.501705 2.126380 -37.198071 0.142857
57750 -27.888962 1.560679 -37.121365 0.142857
57752 -27.723781 1.371506 -36.653821 0.142857
57753 -27.055716 0.944957 -35.151652 0.285714
57754 -27.584295 0.884021 -35.601846 0.285714
57755 -27.464080 0.561153 -34.907835 0.428571
57756 -27.857761 0.163708 -34.634797 0.285714
57757 -27.318170 0.207363 -34.161774 0.285714
62493 -21.176193 -5.114952 -29.853427 0.142857
62496 -21.750656 -4.053582 -30.504519 0.142857
62497 -21.783692 -4.434656 -30.654279 0.285714
62498 -22.207656 -4.309147 -31.056075 0.285714
62499 -21.757997 -4.795723 -30.721854 0.285714
62500 -21.200971 -5.972598 -30.277139 0.142857
62501 -21.707525 -5.558782 -30.699024 0.142857
62502 -21.680913 -5.957137 -30.668890 0.142857
62503 -22.275564 -5.939857 -31.026853 0.285714
62504 -21.648794 -6.326388 -30.617752 0.142857
62523 -20.950446 -11.372220 -29.314655 0.142857
62524 -20.617331 -10.852903 -29.351182 0.142857
62525 -21.757080 -11.125749 -29.854340 0.142857
62526 -22.530677 -10.844718 -30.255223 0.285714
62527 -22.851862 -11.373129 -30.183995 0.428571
62528 -23.727321 -11.329474 -30.212304 0.571429
62529 -23.000525 -11.749657 -30.063457 0.571429
62530 -22.861039 -13.046584 -29.501856 0.571429
62531 -23.374017 -12.644591 -29.794984 0.571429
62532 -23.812664 -13.122981 -29.556646 0.571429
62533 -24.622051 -13.064774 -29.407799 0.857143
62534 -24.065024 -13.554987 -29.347529 0.714286
62535 -23.869560 -18.532607 -26.623537 0.571429
62536 -24.400892 -18.062403 -26.907533 0.714286
62537 -24.635816 -18.545340 -26.649106 0.571429
62538 -26.459230 -19.063747 -26.013538 0.714286
62539 -26.015994 -18.572625 -26.328582 0.714286
62540 -26.628999 -18.548069 -26.121292 0.714286
62541 -26.898794 -18.087868 -26.396157 0.571429
62542 -27.394337 -18.602638 -26.051891 0.571429
62543 -27.855008 -18.564439 -25.900304 0.428571
62544 -27.645779 -19.028277 -25.595305 0.428571
62545 -27.756818 -20.352490 -24.702222 0.285714
62546 -28.057814 -19.870462 -24.865680 0.285714
62547 -28.295491 -20.296102 -24.448360 0.285714
62548 -28.709361 -20.282459 -24.306819 0.285714
62549 -28.492790 -20.662625 -24.039259 0.285714
63327 -23.256555 -28.754326 -18.130122 0.142857
63328 -22.215915 -27.455580 -19.549191 0.428571
63329 -22.110383 -27.763896 -19.164746 0.428571
63330 -21.488202 -27.204561 -19.508099 0.285714
63331 -20.874279 -26.889879 -19.363817 0.142857
63332 -21.080756 -26.623400 -19.739131 0.142857
63333 -20.520058 -25.932190 -19.807619 0.142857
63334 -21.069743 -26.314174 -20.045044 0.142857
63335 -22.063582 -25.893991 -20.892468 0.285714
63336 -21.299161 -25.625693 -20.714399 0.142857
63337 -21.551521 -25.297368 -21.085147 0.142857
63338 -20.969717 -24.652542 -21.108890 0.285714
63339 -21.635029 -24.926298 -21.411150 0.285714
63340 -21.668065 -24.553408 -21.684188 0.285714
63341 -22.297588 -25.151850 -21.559083 0.285714
63342 -24.079707 -25.845789 -21.080581 0.285714
63343 -23.459361 -25.516554 -21.562736 0.428571
63344 -24.187074 -25.458347 -21.410236 0.285714
63345 -24.297195 -25.089096 -21.784637 0.428571
63346 -24.753278 -25.440158 -21.170072 0.142857
64950 -24.867069 5.328682 -36.547893 0.142857
64951 -25.197431 4.865753 -36.703132 0.142857
64953 -23.922785 3.540631 -35.602759 0.285714
64954 -24.229287 3.737080 -36.086741 0.285714
64955 -24.170556 3.217763 -35.737909 0.285714
64956 -24.516519 2.883982 -35.808223 0.285714
64957 -24.207263 2.682076 -35.291368 0.285714
69733 -20.885291 -16.214326 -26.832653 0.142857
69738 -20.932093 -18.475310 -25.473853 0.142857
69740 -21.190876 -18.131524 -25.892086 0.142857
69741 -21.468013 -17.650405 -26.336801 0.285714
69742 -21.870871 -18.235205 -26.281097 0.285714
69743 -22.683010 -18.392546 -26.497519 0.428571
69744 -22.364578 -18.759979 -26.082939 0.285714
69745 -22.665575 -20.179687 -25.351488 0.571429
69746 -22.999607 -19.785880 -25.634571 0.571429
69747 -23.369429 -20.321567 -25.453763 0.714286
69748 -24.130179 -20.446167 -25.502161 0.714286
69749 -23.792476 -20.786315 -25.095800 0.714286
75350 -29.342554 -2.963107 -31.857840 0.142857
75352 -28.911249 -3.444226 -31.437781 0.142857
89534 -24.000787 2.968564 -32.074262 0.142857
89535 -23.347405 0.613903 -28.458100 0.142857
89536 -23.730074 1.047728 -29.044356 0.142857
89537 -23.495150 0.905849 -29.355748 0.142857
89538 -23.491479 1.336945 -31.673379 0.285714
89539 -23.592423 1.577050 -31.399428 0.285714
89540 -23.613530 1.903555 -32.233154 0.285714
89542 -23.634636 2.277354 -33.015742 0.142857
89543 -23.641060 2.582942 -33.780068 0.142857
89544 -23.642895 1.984500 -33.272344 0.285714
89545 -23.779628 0.758512 -33.057748 0.428571
89546 -23.847536 1.387876 -33.665921 0.428571
89547 -24.073283 1.092293 -33.686924 0.428571
89548 -24.337573 1.447903 -34.223869 0.428571
89549 -24.336655 0.815809 -33.667747 0.428571
89561 -22.284741 -2.039978 -30.646974 0.285714
89562 -21.952544 -2.228242 -29.977618 0.142857
89563 -22.226928 -1.743486 -30.413201 0.285714
89564 -22.188385 -1.441536 -30.174864 0.285714
89565 -22.596749 -1.248725 -30.927317 0.285714
89566 -23.029890 -0.821266 -31.442347 0.285714
89567 -23.126246 -1.106845 -31.643244 0.285714
89568 -24.469717 -0.930405 -32.549111 0.571429
89569 -24.243970 -0.624817 -32.630384 0.571429
89570 -24.760619 -0.290126 -32.954560 0.714286
89571 -24.907447 0.347424 -33.443107 0.714286
89572 -25.226797 0.095496 -33.269604 0.714286
89573 -25.782906 0.452015 -33.668661 0.571429
89574 -25.555323 -0.175531 -33.100667 0.714286
89575 -25.785659 -1.577050 -32.276986 0.857143
89576 -26.150892 -0.886749 -32.641342 0.857143
89577 -26.382145 -1.244178 -32.424920 0.857143
89578 -26.965784 -0.936771 -32.741791 0.714286
89579 -26.570268 -1.590692 -32.215803 0.714286
89580 -23.495150 -4.106332 -31.654203 0.285714
89581 -24.080624 -3.540631 -31.810355 0.285714
89582 -24.212769 -3.985370 -31.742780 0.428571
89583 -25.663608 -3.999922 -31.441433 1.000000
89584 -25.584688 -3.556092 -31.604891 0.857143
89585 -26.283037 -3.285975 -31.520879 0.857143
89586 -26.893288 -2.512911 -31.750086 0.714286
89587 -26.982303 -2.973112 -31.541882 0.571429
89588 -27.601731 -2.758473 -31.649637 0.428571
89589 -27.058469 -3.400570 -31.326374 0.714286
89590 -26.547326 -5.002176 -30.784863 0.857143
89591 -27.194285 -4.341889 -30.899009 0.857143
89592 -27.250263 -4.788447 -30.649713 0.714286
89593 -27.866020 -4.607459 -30.670716 0.428571
89594 -27.325512 -5.250466 -30.437857 0.714286
89643 -20.085999 -7.826132 -29.582215 0.142857
89644 -20.200708 -7.435052 -29.649789 0.142857
89645 -20.795360 -7.526001 -30.087199 0.142857
89646 -21.537756 -7.147655 -30.538306 0.285714
89647 -21.579969 -7.606945 -30.498127 0.285714
89648 -20.083246 -9.470483 -29.356661 0.142857
89649 -20.033692 -9.029382 -29.360314 0.142857
89650 -20.899057 -9.195818 -29.935612 0.142857
89651 -23.550210 -8.577368 -30.858830 0.428571
89652 -22.627032 -8.600105 -30.783036 0.285714
89653 -23.432748 -8.141724 -30.970237 0.428571
89654 -23.287756 -7.703351 -31.057901 0.285714
89655 -24.129261 -7.613312 -30.979368 0.714286
89656 -24.800079 -7.058525 -30.927317 0.714286
89657 -24.915706 -7.535096 -30.738291 1.000000
89658 -26.317908 -7.541462 -30.036061 0.857143
89659 -26.211458 -7.104909 -30.176690 0.857143
89660 -26.897877 -6.899365 -30.003187 0.857143
89661 -27.448480 -6.225435 -30.041540 0.714286
89662 -27.523729 -6.689274 -29.860732 0.857143
89663 -28.111039 -6.500100 -29.799550 0.571429
89664 -27.585213 -7.125827 -29.706406 0.714286
89665 -27.241086 -8.691053 -29.324700 0.714286
89666 -27.709099 -8.038042 -29.398667 0.428571
89667 -27.808207 -8.569182 -29.199596 0.428571
89668 -28.385423 -8.385466 -29.174027 0.571429
89669 -27.947693 -9.091227 -28.986826 0.571429
89670 -25.247903 -11.089369 -29.717364 1.000000
89671 -25.781070 -10.522759 -29.519206 1.000000
89672 -25.960016 -10.999330 -29.387709 1.000000
89673 -27.299817 -11.233978 -28.612426 0.571429
89674 -27.142895 -10.739217 -28.819716 0.714286
89675 -27.734793 -10.583695 -28.624297 0.571429
89676 -28.213818 -9.990710 -28.667216 0.428571
89677 -28.370740 -10.515483 -28.477276 0.571429
89678 -28.945202 -10.466371 -28.421573 0.285714
89679 -28.539592 -11.056628 -28.300121 0.285714
89680 -28.433142 -12.641863 -27.876409 0.428571
89681 -28.866283 -12.042511 -27.999687 0.285714
89682 -28.975486 -12.447233 -27.879149 0.285714
89683 -29.559125 -12.598208 -27.875496 0.142857
89684 -29.151679 -12.984739 -27.783265 0.428571
89685 -20.710016 -14.373525 -27.664553 0.142857
89686 -21.119298 -14.045201 -28.202411 0.428571
89687 -21.608417 -14.586345 -28.118400 0.285714
89688 -23.605271 -15.318482 -28.556722 0.714286
89689 -23.334557 -14.828269 -28.685480 0.714286
89690 -24.037494 -14.839182 -28.765839 0.857143
89691 -24.645910 -14.416271 -28.823369 0.857143
89692 -24.931306 -14.916489 -28.539372 0.714286
89693 -25.079051 -17.259326 -27.356814 0.857143
89694 -24.621133 -16.689988 -27.682816 0.857143
89695 -25.386471 -16.712725 -27.513880 0.714286
89696 -26.914395 -15.739574 -27.466395 0.714286
89697 -26.260095 -15.800510 -27.730301 0.714286
89698 -26.662035 -15.284831 -27.703819 0.714286
89699 -26.455559 -14.846458 -27.988729 0.714286
89700 -26.976797 -14.761876 -27.735780 0.714286
89701 -27.306241 -14.225279 -27.850840 0.714286
89702 -27.568695 -14.732772 -27.610676 0.571429
89703 -28.925014 -15.218438 -27.116650 0.428571
89704 -28.687337 -14.660014 -27.322113 0.428571
89705 -29.418721 -14.848277 -27.198835 0.428571
89706 -29.613267 -14.277120 -27.495616 0.142857
89707 -29.753671 -14.692755 -27.337637 0.142857
89709 -29.920688 -15.158412 -27.166874 0.142857
89710 -29.951888 -16.604496 -26.684719 0.285714
89711 -30.381359 -16.201593 -26.781515 0.142857
89712 -30.477714 -16.701811 -26.640887 0.142857
89713 -31.142109 -16.791850 -26.515782 0.142857
89714 -30.683273 -17.141093 -26.352325 0.142857
89715 -28.824987 -18.556254 -25.798942 0.285714
89716 -29.132407 -18.111515 -25.895738 0.285714
89717 -29.470111 -18.659026 -25.651008 0.285714
89718 -30.538281 -18.944605 -24.946952 0.142857
89719 -30.339146 -18.560801 -25.349661 0.142857
89720 -30.670425 -18.541702 -25.416323 0.142857
89721 -31.043918 -17.904152 -25.539601 0.142857
89722 -31.196251 -18.456210 -25.341443 0.142857
89723 -31.672523 -18.267947 -25.218165 0.142857
89724 -31.358679 -18.910954 -24.792626 0.142857
89725 -30.978763 -19.968687 -23.418302 0.142857
89726 -31.249476 -19.443003 -24.193585 0.142857
89727 -31.540378 -20.115114 -23.486790 0.142857
89728 -31.432093 -19.607620 -23.920547 0.142857
89729 -31.516519 -20.328843 -22.583663 0.142857
90319 -34.808207 -15.608608 -21.833035 0.142857
90320 -34.603566 -16.000597 -21.860430 0.142857
90321 -34.871527 -16.637237 -21.388320 0.142857
90322 -34.444809 -16.306184 -22.110639 0.142857
90326 -33.489513 -16.875523 -23.874888 0.142857
90327 -33.572103 -16.237973 -23.821011 0.142857
90328 -33.718931 -16.720001 -23.200054 0.142857
90329 -34.037363 -17.029226 -22.394636 0.142857
90330 -34.036445 -17.403025 -22.577270 0.142857
90331 -34.269534 -17.943260 -22.165430 0.142857
90332 -33.778580 -17.543995 -22.930668 0.142857
90333 -33.177505 -18.131524 -24.456579 0.142857
90334 -33.480336 -18.169722 -23.555278 0.142857
90335 -33.327085 -18.349800 -23.936071 0.142857
90336 -33.290378 -18.154261 -23.772613 0.142857
90337 -32.522287 -18.515327 -24.666609 0.142857
90945 -34.789854 -19.608530 -21.276913 0.142857
92058 -21.691007 -28.761602 -18.200436 0.285714
92059 -21.572628 -29.087199 -17.951140 0.142857
92060 -20.925669 -28.396898 -18.220526 0.142857
92080 -19.764814 -24.647085 -19.740044 0.142857
92097 -20.067646 -21.568473 -22.462211 0.142857
92098 -19.763897 -21.000044 -22.271358 0.142857
92099 -20.169507 -21.179213 -22.762644 0.142857
92100 -20.180520 -20.782677 -23.045728 0.142857
92101 -20.649450 -21.371115 -23.214665 0.142857
92102 -21.916754 -23.790349 -22.338019 0.285714
92103 -21.392764 -23.205549 -22.425684 0.142857
92104 -22.099371 -23.410184 -22.685938 0.285714
92105 -22.786707 -22.827203 -23.453916 0.285714
92106 -22.114972 -22.650762 -23.314200 0.142857
92107 -22.298506 -22.249679 -23.663032 0.142857
92108 -21.698349 -21.671245 -23.842014 0.285714
92109 -22.291165 -21.840410 -23.980816 0.285714
92110 -22.471946 -21.459335 -24.281250 0.285714
92111 -22.966571 -22.017760 -24.063915 0.285714
92112 -24.924883 -22.700784 -23.802748 0.571429
92113 -24.384374 -22.253317 -24.147014 0.714286
92114 -25.025826 -22.310614 -24.147927 0.714286
92115 -24.909282 -21.844048 -24.393570 0.428571
92116 -25.557158 -22.333352 -24.060262 0.428571
92133 -26.160986 -23.783983 -22.164517 0.142857
92134 -26.712507 -23.627551 -21.861343 0.142857
92135 -27.395255 -22.708060 -22.320669 0.142857
92136 -26.896959 -22.922699 -22.642106 0.285714
92137 -26.946513 -22.511611 -23.099605 0.285714
92138 -26.511537 -22.280601 -23.677643 0.285714
92139 -27.223650 -22.094157 -23.352554 0.285714
92140 -27.222733 -21.734000 -23.748870 0.285714
92141 -27.646697 -21.969557 -23.122434 0.285714
92142 -28.743315 -22.066872 -21.867736 0.142857
92143 -28.441401 -21.765832 -22.643019 0.142857
92144 -29.014028 -21.700349 -22.326148 0.142857
92145 -29.001180 -21.314727 -22.713333 0.142857
92146 -29.430651 -21.579387 -21.970924 0.142857
92150 -31.160462 -22.325166 -19.845059 0.142857
92152 -30.695202 -21.762194 -20.591121 0.142857
92153 -30.130834 -21.492076 -21.354533 0.142857
92154 -30.574987 -21.517542 -21.146330 0.142857
92155 -30.889749 -21.041881 -21.717975 0.142857
92156 -31.207263 -21.533003 -20.984698 0.142857
92158 -32.230467 -21.914078 -20.331780 0.142857
93478 -29.157185 -6.386414 -29.873517 0.142857
94550 -25.472733 3.204121 -36.676650 0.142857
94551 -26.073808 3.225039 -36.999000 0.142857
94552 -25.893944 2.829413 -36.706785 0.142857
94553 -26.316991 2.424691 -36.657473 0.142857
94554 -26.790509 1.977224 -36.545153 0.142857
94555 -27.262192 1.543399 -36.405438 0.142857
94556 -26.680389 1.618886 -36.029211 0.142857
94557 -26.629917 1.306932 -35.373553 0.285714
94558 -26.585868 0.885840 -34.638449 0.285714
97402 -21.070661 -5.416902 -29.889954 0.285714
97403 -21.381752 -5.270475 -30.359324 0.285714
97404 -20.955034 -5.721580 -29.909130 0.142857
97405 -20.821054 -6.042629 -29.895433 0.142857
97406 -20.692580 -6.349126 -29.855253 0.142857
97419 -20.206214 -11.614143 -28.695524 0.142857
97420 -21.276220 -11.888808 -29.297305 0.285714
97421 -22.236104 -12.106175 -29.756631 0.571429
97422 -21.550603 -12.405396 -29.247081 0.285714
97423 -21.925014 -12.898338 -29.179506 0.571429
97424 -22.240693 -13.382185 -29.097320 0.571429
97425 -24.757866 -19.463921 -25.996187 0.714286
97426 -24.979943 -19.060109 -26.358717 0.857143
97427 -25.401154 -19.499391 -25.900304 0.714286
97428 -26.043524 -19.493935 -25.761502 0.714286
97429 -26.751049 -19.513034 -25.571562 0.571429
97430 -27.238333 -19.436637 -25.566083 0.571429
97431 -26.853829 -20.015980 -25.358793 0.428571
97432 -27.183273 -20.424339 -24.886683 0.428571
97433 -27.301652 -20.918190 -24.601773 0.285714
97900 -23.955821 -28.383256 -18.149298 0.142857
97901 -23.343734 -28.359609 -18.421424 0.142857
97902 -23.375853 -27.985810 -18.801303 0.142857
97903 -22.811484 -27.544709 -19.458787 0.428571
97904 -22.291165 -27.129984 -19.870628 0.285714
97905 -21.802046 -26.617943 -20.215807 0.285714
97906 -22.419639 -26.783469 -20.275163 0.285714
97907 -22.619691 -26.462420 -20.601166 0.285714
97908 -22.675669 -26.074979 -20.949084 0.285714
97909 -22.837179 -25.719370 -21.273261 0.428571
97910 -23.333640 -26.210493 -20.876031 0.428571
97911 -23.910855 -26.210493 -20.702528 0.428571
97912 -24.486235 -26.159561 -20.456885 0.142857
98875 -24.097143 4.682946 -36.194495 0.142857
98876 -23.839277 4.408281 -35.673987 0.142857
98877 -23.767698 3.879870 -35.441128 0.285714
98878 -23.775040 3.346001 -35.060335 0.285714
101745 -19.751049 -18.610823 -24.212762 0.142857
101746 -19.886865 -18.231567 -24.629169 0.142857
101747 -20.188779 -18.714505 -24.630082 0.142857
101748 -20.694416 -18.845471 -25.008135 0.142857
101749 -21.348716 -19.009178 -25.368838 0.285714
101750 -21.969062 -19.128321 -25.666532 0.428571
101751 -21.761668 -19.521219 -25.250126 0.428571
101752 -22.072759 -20.059635 -25.202641 0.428571
101753 -22.491217 -20.575314 -24.908599 0.428571
105107 -28.769927 -0.105500 -35.103254 0.142857
105109 -29.068170 -0.524774 -34.627491 0.142857
105110 -29.332460 -0.963146 -34.138944 0.142857
105111 -29.571972 -1.454269 -33.621176 0.142857
105113 -29.399450 -1.637076 -33.172808 0.142857
105114 -29.135161 -2.019970 -32.548198 0.142857
105115 -28.792869 -2.455614 -32.047780 0.142857
113623 -24.555978 2.153664 -30.081720 0.142857
113624 -24.297195 2.090910 -30.388546 0.142857
113625 -22.946382 0.243742 -29.094581 0.142857
113626 -23.292344 0.741232 -29.712798 0.142857
113627 -23.132670 0.514769 -30.065283 0.142857
113628 -23.336393 0.757602 -31.035985 0.142857
113629 -23.459361 1.055004 -31.938199 0.285714
113630 -23.576823 1.333307 -32.775578 0.285714
113631 -23.462114 0.751236 -32.175624 0.285714
113632 -23.507997 0.443829 -32.388393 0.285714
113633 -23.622706 0.189173 -32.538153 0.428571
113641 -22.001180 -2.843055 -30.487168 0.142857
113642 -22.341637 -2.347385 -30.860656 0.285714
113643 -22.762848 -1.848986 -31.267931 0.285714
113644 -23.240955 -1.421527 -31.736388 0.285714
113645 -23.373100 -1.727115 -31.817660 0.285714
113646 -24.005375 -1.520661 -32.203019 0.285714
113647 -24.676193 -1.217802 -32.447749 0.571429
113648 -25.301128 -0.889478 -32.643168 0.714286
113649 -24.877164 -1.500653 -32.330863 0.571429
113650 -25.088228 -1.889913 -32.184756 0.428571
113651 -25.282774 -2.306458 -32.033169 0.571429
113652 -23.659413 -4.940331 -31.569278 0.285714
113653 -24.326561 -4.458303 -31.657855 0.571429
113654 -24.388045 -4.880305 -31.557406 0.571429
113655 -25.038674 -4.686584 -31.450565 0.714286
113656 -25.714080 -4.466488 -31.252407 1.000000
113657 -26.428029 -4.121793 -31.187572 0.857143
113658 -25.780153 -4.862115 -31.109952 1.000000
113659 -25.852649 -5.297759 -30.964758 0.857143
113660 -25.934321 -5.699752 -30.760207 0.857143
113692 -19.985973 -8.198112 -29.503682 0.142857
113693 -22.076429 -9.896123 -30.363890 0.285714
113694 -21.983745 -9.453203 -30.409549 0.285714
113695 -22.917017 -9.505953 -30.654279 0.285714
113696 -23.698873 -9.055757 -30.732812 0.285714
113697 -24.335737 -8.423664 -30.732812 0.857143
113698 -25.020320 -7.972559 -30.597662 1.000000
113699 -25.146041 -8.426393 -30.422333 0.857143
113700 -25.815024 -8.252681 -30.098157 0.857143
113701 -26.447300 -8.009848 -29.836077 0.857143
113702 -27.090588 -7.837955 -29.609610 0.857143
113703 -26.547326 -8.429121 -29.668053 0.857143
113704 -26.633587 -8.863856 -29.508248 0.857143
113705 -26.749214 -9.329513 -29.354835 0.714286
113706 -25.620478 -11.986123 -29.314655 1.000000
113707 -26.116020 -11.464078 -29.216033 0.857143
113708 -26.302308 -11.925188 -29.018787 0.857143
113709 -26.913477 -11.791493 -28.670869 0.857143
113710 -27.415444 -11.674169 -28.461752 0.714286
113711 -28.038543 -11.545932 -28.282771 0.428571
113712 -27.641191 -12.173477 -28.289163 0.428571
113713 -27.825643 -12.597298 -28.101963 0.428571
113714 -27.926587 -13.075688 -27.908370 0.428571
113715 -21.511144 -15.433987 -27.592412 0.142857
113716 -21.917672 -15.062916 -28.101049 0.428571
113717 -22.434321 -15.603151 -28.020690 0.428571
113718 -23.144599 -15.700466 -28.269986 0.714286
113719 -24.172392 -15.836889 -28.232546 0.571429
113720 -26.398663 -17.131088 -27.027159 0.714286
113721 -26.208705 -16.742738 -27.226230 0.714286
113722 -26.818957 -16.708177 -27.111171 0.714286
113723 -27.055716 -16.209779 -27.344030 0.714286
113724 -27.398008 -15.636802 -27.351335 0.571429
113725 -27.754982 -15.231171 -27.407038 0.428571
113726 -28.044966 -15.729570 -27.165961 0.428571
113727 -28.668983 -15.783229 -26.996111 0.428571
113728 -29.153514 -15.716837 -26.941321 0.428571
113729 -29.616938 -15.701376 -27.002503 0.428571
113730 -29.425145 -16.294361 -26.734031 0.428571
113731 -29.525171 -16.680893 -26.611665 0.285714
113732 -29.881228 -17.284792 -26.336801 0.285714
113733 -29.159938 -19.322042 -24.855635 0.285714
113734 -29.664657 -18.930962 -25.100365 0.285714
113735 -29.655480 -19.296576 -24.756099 0.142857
113736 -30.070268 -19.266563 -24.802671 0.142857
113737 -30.608024 -19.241097 -24.560681 0.142857
113738 -30.998034 -19.328408 -24.369828 0.142857
113739 -30.743839 -19.699478 -24.084918 0.142857
113740 -30.621789 -20.094196 -23.702299 0.142857
113741 -31.086131 -20.366132 -22.804650 0.142857
114101 -33.217882 -16.791850 -24.959737 0.142857
114102 -33.319744 -17.158373 -24.262073 0.142857
114103 -33.544573 -17.637672 -23.495922 0.142857
114104 -33.270189 -17.716798 -24.412747 0.142857
114105 -32.952675 -17.831393 -24.849243 0.142857
114106 -32.446120 -18.169722 -25.071144 0.142857
115140 -20.537494 -27.386459 -18.686244 0.142857
115141 -20.468668 -27.722059 -18.432382 0.142857
115142 -19.988726 -26.999017 -18.435121 0.142857
115153 -19.890535 -24.079566 -20.441361 0.142857
115161 -19.422523 -21.495714 -21.036749 0.142857
115163 -19.612481 -21.689435 -21.542646 0.142857
115165 -20.342030 -22.062325 -22.370894 0.285714
115166 -23.195989 -24.191433 -22.617450 0.428571
115167 -22.628868 -23.616637 -22.800085 0.428571
115168 -23.203330 -23.748513 -22.867659 0.571429
115169 -23.343734 -23.363800 -23.213752 0.571429
115170 -23.446513 -22.964535 -23.544320 0.714286
115171 -23.522680 -22.534348 -23.863930 0.714286
115172 -24.116414 -23.083678 -23.547059 0.714286
115173 -24.775302 -23.164622 -23.495922 0.428571
115174 -25.381883 -23.147342 -23.376296 0.142857
115188 -27.950446 -22.531620 -21.983709 0.142857
115189 -27.833902 -22.355179 -22.496911 0.142857
115190 -28.293656 -22.484326 -21.707931 0.142857
115191 -28.753409 -22.351541 -21.344488 0.142857
115192 -29.150761 -22.346994 -21.002048 0.142857
115198 -31.728501 -22.060506 -20.128143 0.142857
115945 -23.748427 4.475583 -33.909738 0.142857
118177 -19.239906 -18.459848 -23.348901 0.142857
118178 -19.435370 -18.522603 -23.780831 0.142857
118179 -19.628081 -18.976437 -23.673077 0.142857
118180 -19.975879 -19.476654 -23.762568 0.142857
118181 -20.191532 -19.995062 -23.689514 0.142857
118276 -29.426062 -8.399108 -29.202335 0.142857
120777 -27.167672 4.536519 -36.373477 0.142857
120778 -26.894206 4.224565 -36.696740 0.142857
120779 -27.260357 3.756179 -36.905856 0.142857
120780 -27.635685 3.295070 -37.121365 0.142857
120781 -26.673047 3.189569 -37.194419 0.142857
120782 -27.417279 2.954922 -37.282996 0.142857
120783 -27.961458 2.781210 -37.323176 0.142857
120789 -28.481778 0.641188 -36.534195 0.142857
120791 -27.685239 1.130492 -36.136965 0.285714
120792 -28.052308 0.716675 -35.855708 0.285714
120793 -28.408364 0.304678 -35.522400 0.142857
120794 -28.345963 0.079125 -34.904183 0.142857
120795 -28.248690 -0.264661 -34.244872 0.142857
120796 -28.009177 -0.684843 -33.553601 0.285714
127420 -22.458181 -0.471114 -28.889117 0.142857
127421 -22.315024 -0.677567 -29.281781 0.142857
127431 -22.108548 -3.521532 -30.873440 0.142857
127432 -22.626115 -3.400570 -31.333679 0.285714
127433 -23.273991 -3.276880 -31.674292 0.285714
127434 -22.696775 -3.792559 -31.390296 0.285714
127435 -22.803225 -4.200918 -31.443260 0.285714
127436 -22.838097 -4.614735 -31.426823 0.142857
127437 -21.735055 -5.188621 -30.731899 0.142857
127438 -22.252622 -5.114043 -31.074338 0.142857
127439 -22.895910 -5.043103 -31.413125 0.142857
127440 -22.979418 -5.446005 -31.365640 0.285714
127441 -22.993183 -5.841632 -31.293500 0.285714
127442 -23.052832 -6.279095 -31.225925 0.285714
127467 -19.387651 -9.642376 -28.749402 0.142857
127468 -20.247510 -9.920679 -29.344790 0.142857
127469 -19.723519 -10.592790 -28.668129 0.142857
127470 -20.463162 -10.396341 -29.337485 0.142857
127471 -21.207394 -10.118947 -29.873517 0.285714
127472 -22.334295 -10.398160 -30.342887 0.285714
127473 -23.300604 -10.455457 -30.482603 0.428571
127474 -24.243052 -10.406345 -30.338321 0.857143
127475 -24.997379 -10.274469 -30.059804 1.000000
127476 -24.401810 -10.829256 -30.184908 0.857143
127477 -24.513766 -11.215788 -30.016885 0.857143
127478 -24.757866 -11.670531 -29.788592 1.000000
127479 -23.204248 -12.184391 -29.908217 0.571429
127480 -24.196251 -12.215314 -29.861645 0.571429
127481 -24.946907 -12.140736 -29.536556 0.857143
127482 -25.198349 -12.560009 -29.396841 0.857143
127483 -25.392895 -13.010205 -29.171287 0.857143
127484 -25.647090 -13.484957 -28.900075 1.000000
127485 -23.248296 -17.554000 -27.166874 0.571429
127486 -23.546540 -17.118356 -27.502922 0.571429
127487 -23.838359 -17.572189 -27.251799 0.428571
127488 -24.650499 -17.624030 -27.301110 0.857143
127489 -25.424096 -17.644948 -27.114823 0.714286
127490 -25.361694 -18.563530 -26.542264 0.714286
127491 -25.847143 -18.179726 -26.635408 0.714286
127492 -26.049030 -17.614935 -26.817129 0.714286
127493 -26.687730 -17.640401 -26.649106 0.714286
127494 -27.383325 -17.597655 -26.476516 0.571429
127495 -27.944940 -17.614026 -26.487474 0.571429
127496 -28.401023 -17.654953 -26.266486 0.428571
127497 -28.145910 -18.120610 -26.138642 0.428571
127498 -28.626770 -18.539883 -25.632745 0.285714
127499 -28.541427 -18.996445 -25.499422 0.285714
127500 -27.681568 -19.468469 -25.466547 0.428571
127501 -28.494626 -19.550323 -25.230949 0.285714
127502 -28.920425 -19.479383 -24.933255 0.285714
127503 -29.150761 -19.875009 -24.564333 0.285714
127504 -29.123231 -20.223343 -24.194499 0.142857
127505 -29.460016 -20.569857 -23.625592 0.142857
128593 -22.474699 -28.987155 -18.086289 0.142857
128594 -21.802046 -28.435097 -18.517307 0.285714
128595 -22.649974 -28.245924 -18.702681 0.285714
128596 -21.962638 -28.176803 -18.845136 0.428571
128597 -21.259702 -27.833017 -18.832351 0.285714
128598 -20.739382 -27.146354 -19.032336 0.142857
128599 -20.229156 -26.528813 -19.096258 0.142857
128600 -19.860252 -25.782124 -19.091692 0.142857
128602 -19.923571 -25.496546 -19.379341 0.142857
128603 -20.113530 -25.272812 -19.747350 0.142857
128604 -20.216309 -25.004513 -20.159190 0.142857
128605 -21.262455 -25.969479 -20.423097 0.142857
128606 -20.755900 -25.291002 -20.526286 0.142857
128607 -20.188779 -24.629805 -20.377439 0.142857
128608 -20.421867 -24.387882 -20.840417 0.142857
128609 -20.391584 -23.995893 -21.062318 0.142857
128610 -20.665968 -23.722137 -21.507946 0.142857
128611 -20.645779 -23.351067 -21.787376 0.142857
128612 -21.289067 -23.960423 -21.828469 0.142857
128613 -21.871789 -24.195980 -22.076852 0.285714
128614 -22.426062 -24.419714 -22.167256 0.428571
128615 -22.869298 -25.328291 -21.618440 0.428571
128616 -22.945465 -24.981776 -21.943529 0.428571
128617 -23.032643 -24.529762 -22.270445 0.428571
128618 -23.716309 -24.651633 -22.249442 0.428571
128619 -24.243970 -24.738034 -22.139861 0.428571
128620 -24.880834 -24.708021 -21.933484 0.142857
130657 -25.305716 3.988098 -36.788057 0.142857
130658 -24.376115 4.270039 -36.375303 0.142857
130659 -24.745019 3.885327 -36.500408 0.142857
130660 -25.100158 3.549726 -36.603596 0.142857
130661 -24.979943 3.044051 -36.290378 0.285714
130662 -24.908364 2.557476 -35.829226 0.285714
130663 -24.901941 2.100004 -35.279496 0.285714
136675 -20.924751 -6.896636 -28.479103 0.142857
136713 -21.213818 -15.808695 -27.239015 0.142857
136714 -21.582722 -16.362572 -27.143132 0.285714
136715 -21.997510 -16.863699 -27.118476 0.285714
136723 -21.808469 -17.337542 -26.762339 0.285714
136724 -22.541689 -17.433948 -27.006156 0.571429
136725 -22.699529 -17.918704 -26.830827 0.571429
136726 -23.352911 -18.501685 -26.590662 0.428571
136727 -23.543787 -18.990988 -26.344106 0.571429
136728 -22.716047 -19.272929 -25.911262 0.428571
136729 -23.407971 -19.400257 -26.040020 0.571429
136730 -24.066859 -19.445732 -26.064675 0.571429
136731 -24.315548 -19.924122 -25.695754 0.714286
136732 -24.838621 -20.482546 -25.424542 0.571429
136733 -25.224043 -20.893634 -25.035530 0.571429
137734 -24.815680 -27.187281 -18.878923 0.142857
143617 -28.977321 -4.405553 -30.866135 0.142857
160691 -23.760357 3.821662 -33.594694 0.142857
160695 -23.596094 1.231445 -30.346540 0.142857
160696 -23.776875 1.763494 -31.057901 0.285714
160697 -23.904432 2.391040 -31.601239 0.142857
160699 -23.749345 3.156828 -33.153631 0.142857
160700 -23.664919 3.580649 -33.967268 0.142857
160701 -23.640142 3.253233 -34.223869 0.142857
160702 -23.675014 2.951284 -34.459468 0.142857
160703 -23.766781 2.691171 -34.681369 0.285714
160704 -23.700708 1.676184 -33.486026 0.428571
160705 -23.830100 2.002689 -34.122507 0.285714
160706 -23.951233 2.404682 -34.731593 0.285714
160707 -24.256817 2.091819 -34.760815 0.285714
160708 -24.620215 1.797145 -34.757162 0.285714
160709 -24.990955 1.571593 -34.669497 0.285714
160717 -22.130572 -1.232354 -28.817890 0.142857
160718 -22.248952 -0.868560 -29.600478 0.285714
160722 -21.749738 -2.739373 -29.657095 0.142857
160725 -21.980074 -1.659813 -29.414191 0.142857
160726 -22.195727 -1.132311 -29.902738 0.285714
160727 -22.514159 -0.702124 -30.349279 0.285714
160728 -22.947300 -0.530231 -31.234143 0.285714
160729 -23.337310 -0.314682 -32.010340 0.428571
160730 -23.769534 -0.059117 -32.635863 0.428571
160731 -23.664002 -0.917672 -32.208498 0.285714
160732 -23.964080 -0.314682 -32.682435 0.571429
160733 -24.215522 0.214639 -33.111625 0.714286
160734 -24.635816 0.562972 -33.611131 0.571429
160735 -25.042344 0.958599 -34.059498 0.428571
160736 -25.380048 1.295109 -34.558090 0.285714
160737 -25.799424 1.015896 -34.397372 0.285714
160738 -26.224306 0.751236 -34.179124 0.285714
160739 -26.607893 0.413816 -33.894214 0.285714
160740 -25.875590 -0.516588 -32.878767 0.714286
160741 -26.469324 -0.166436 -33.221206 0.571429
160742 -26.938254 0.063664 -33.643092 0.428571
160743 -27.226403 -0.311954 -33.405667 0.571429
160744 -27.521894 -0.789434 -33.152718 0.428571
160745 -27.734793 -1.215984 -32.868722 0.428571
160746 -23.967751 -3.138638 -31.832271 0.285714
160747 -24.665181 -2.983116 -31.901672 0.428571
160748 -25.422261 -2.727550 -31.881582 0.571429
160749 -24.889093 -3.802563 -31.716298 0.428571
160750 -25.502098 -3.140457 -31.745520 0.857143
160751 -26.078396 -2.356480 -31.878843 0.857143
160752 -26.753802 -2.051802 -31.972900 0.714286
160753 -27.361301 -1.818973 -32.175624 0.571429
160754 -27.911904 -1.634347 -32.566462 0.428571
160755 -28.082591 -2.091819 -32.235893 0.428571
160756 -28.184453 -2.555657 -31.923588 0.285714
160757 -28.259702 -3.034957 -31.596673 0.428571
160758 -27.123624 -3.867137 -31.113605 0.714286
160759 -27.760488 -3.645222 -31.130955 0.571429
160760 -28.331280 -3.507890 -31.266104 0.142857
160761 -28.387258 -3.968090 -31.018635 0.142857
160762 -28.432224 -4.455575 -30.759294 0.142857
160763 -28.479943 -4.962159 -30.485342 0.142857
160820 -20.536576 -6.696549 -29.799550 0.142857
160821 -19.794180 -7.385940 -29.202335 0.142857
160822 -20.342947 -7.071258 -29.713712 0.142857
160823 -21.001836 -6.715649 -30.204085 0.142857
160824 -21.608417 -6.727472 -30.574833 0.285714
160825 -22.331542 -6.789317 -30.939189 0.285714
160826 -23.081280 -6.679269 -31.176613 0.285714
160827 -19.371133 -8.822929 -28.827934 0.142857
160828 -19.977714 -8.600105 -29.407799 0.142857
160829 -20.768747 -8.348177 -30.006840 0.285714
160830 -21.798375 -8.952986 -30.423246 0.285714
160831 -21.683666 -8.464591 -30.427812 0.285714
160832 -21.614840 -8.035314 -30.468905 0.285714
160833 -22.400368 -7.682433 -30.866135 0.285714
160834 -23.185895 -7.211319 -31.121823 0.428571
160835 -23.940221 -6.712920 -31.196703 0.571429
160836 -24.714736 -6.574678 -31.112691 0.857143
160837 -25.345176 -6.372772 -30.843306 1.000000
160838 -26.033430 -6.203608 -30.568441 0.857143
160839 -25.570923 -7.318638 -30.472558 1.000000
160840 -26.131621 -6.683817 -30.351106 0.857143
160841 -26.695071 -5.938947 -30.383980 0.857143
160842 -27.387913 -5.723399 -30.243351 0.714286
160843 -27.993577 -5.580609 -30.189474 0.571429
160844 -28.568039 -5.498756 -30.171211 0.285714
160845 -28.615758 -5.959865 -30.005927 0.285714
160846 -28.674489 -6.440984 -29.830598 0.285714
160847 -28.745150 -6.881175 -29.651616 0.142857
160848 -27.647615 -7.535096 -29.569430 0.714286
160849 -28.245937 -7.520544 -29.463502 0.428571
160850 -28.769927 -7.359565 -29.474460 0.142857
160851 -28.826823 -7.874334 -29.314655 0.428571
160852 -28.917672 -8.467320 -29.133847 0.428571
160853 -29.050735 -8.959352 -28.969476 0.142857
160854 -25.648008 -10.099848 -29.701840 1.000000
160855 -26.285790 -9.923408 -29.426975 1.000000
160856 -26.870347 -9.786075 -29.192290 0.714286
160857 -26.525302 -10.861088 -29.076317 0.857143
160858 -27.023598 -10.282655 -28.974042 0.714286
160859 -27.453068 -9.661476 -28.996871 0.714286
160860 -28.079838 -9.522324 -28.822455 0.571429
160861 -28.633194 -9.421371 -28.785015 0.285714
160862 -29.164526 -9.445927 -28.814237 0.142857
160863 -29.278317 -9.917951 -28.667216 0.142857
160864 -29.399450 -10.437268 -28.493713 0.285714
160865 -29.557290 -11.042986 -28.338474 0.142857
160866 -28.697431 -11.549570 -28.160406 0.428571
160867 -29.226928 -11.497729 -28.105615 0.285714
160868 -29.725223 -11.628695 -28.197846 0.142857
160872 -20.835737 -13.540436 -28.201498 0.285714
160873 -21.591899 -13.664126 -28.628863 0.428571
160874 -22.576560 -13.891497 -29.049835 0.571429
160875 -22.405874 -14.719130 -28.543025 0.571429
160876 -22.884898 -14.353517 -28.871767 0.571429
160877 -23.491479 -13.952433 -29.127455 0.714286
160878 -24.293524 -14.007912 -29.142066 0.857143
160879 -25.116676 -13.939700 -28.922904 0.714286
160880 -25.865496 -13.920601 -28.566767 0.857143
160881 -24.010881 -16.667250 -27.754957 0.571429
160882 -24.397221 -16.332559 -27.992382 0.714286
160883 -24.726665 -15.785048 -28.200585 0.714286
160884 -25.917803 -16.297089 -27.689209 0.714286
160885 -25.482827 -15.779591 -27.930286 0.857143
160886 -25.229550 -15.333034 -28.271813 0.714286
160887 -25.679209 -14.822812 -28.336648 0.857143
160888 -26.117856 -14.340784 -28.352172 0.857143
160889 -26.512455 -13.861484 -28.340300 0.857143
160890 -27.069481 -13.751437 -28.051738 0.857143
160891 -27.670556 -13.691410 -27.895586 0.571429
160892 -28.214736 -13.623199 -27.698340 0.428571
160893 -28.180782 -14.708216 -27.484658 0.428571
160894 -28.465260 -14.143425 -27.512053 0.428571
160895 -28.816728 -13.635932 -27.623460 0.428571
160902 -30.170294 -15.707742 -26.956845 0.285714
160907 -31.573414 -17.291158 -26.287489 0.142857
160908 -28.998427 -17.698608 -26.236352 0.285714
160909 -29.496723 -17.619483 -26.023583 0.285714
160910 -30.044573 -17.732259 -25.987969 0.285714
160911 -29.910593 -18.621737 -25.352401 0.285714
160912 -30.174883 -18.028752 -25.665619 0.142857
160913 -30.442843 -17.551271 -25.993448 0.142857
160914 -31.079707 -17.680418 -25.951442 0.142857
160915 -31.266912 -17.667686 -26.066502 0.142857
160916 -31.710147 -17.562185 -25.893912 0.142857
160917 -31.989120 -17.944169 -25.451024 0.142857
160918 -32.238726 -18.309783 -25.003569 0.142857
160919 -32.105664 -18.358895 -25.212686 0.142857
160920 -31.185239 -18.979165 -24.578031 0.142857
160921 -31.864316 -18.915501 -24.541504 0.142857
160922 -32.013897 -18.528060 -24.865680 0.142857
160923 -32.035921 -19.063747 -24.543330 0.142857
160924 -31.651416 -19.284753 -24.357043 0.142857
160925 -32.639749 -18.706319 -24.422792 0.142857
160926 -31.692712 -20.369770 -22.535265 0.142857
161642 -33.684977 -16.026062 -23.502314 0.142857
161643 -33.990562 -16.119739 -22.724291 0.142857
161644 -34.310829 -16.473530 -22.264052 0.142857
161645 -34.541165 -17.331176 -21.689667 0.142857
161647 -34.745806 -18.383451 -21.544473 0.142857
161649 -34.401679 -18.833647 -21.597437 0.142857
161650 -33.681306 -17.754087 -23.251192 0.142857
161651 -33.828134 -18.109696 -22.628408 0.142857
161652 -34.296146 -18.959156 -21.887825 0.142857
161653 -34.180520 -18.741789 -22.121598 0.142857
161654 -33.804274 -18.701772 -22.932494 0.142857
161655 -34.743970 -19.740405 -21.341748 0.142857
163720 -20.273204 -27.943974 -18.090855 0.142857
163721 -20.076823 -28.194992 -17.770332 0.142857
163722 -19.994232 -28.446011 -17.461680 0.142857
163765 -19.471159 -20.832699 -21.791942 0.142857
163766 -19.519796 -20.509831 -22.160864 0.142857
163768 -19.843734 -20.264270 -22.926102 0.142857
163769 -20.307158 -20.434344 -23.463961 0.142857
163770 -20.690745 -20.580771 -23.817358 0.142857
163771 -20.847667 -23.023652 -22.139861 0.285714
163772 -20.908233 -22.644396 -22.501477 0.285714
163773 -20.897221 -22.260593 -22.759905 0.285714
163774 -22.133325 -23.055484 -22.983632 0.285714
163775 -21.552439 -22.467956 -23.125174 0.142857
163776 -21.140404 -21.933177 -23.191835 0.285714
163777 -21.176193 -21.530275 -23.561670 0.285714
163778 -21.156922 -21.095540 -23.800008 0.142857
163779 -21.243183 -20.742660 -24.180801 0.142857
163780 -21.817646 -20.892725 -24.458405 0.142857
163781 -22.400368 -21.025510 -24.620950 0.428571
163782 -23.035396 -21.135558 -24.718659 0.428571
163783 -23.677767 -22.148726 -24.142448 0.571429
163784 -23.753016 -21.730362 -24.448360 0.571429
163785 -23.726403 -21.241968 -24.767058 0.571429
163786 -24.405480 -21.344740 -24.761578 0.571429
163787 -25.106582 -21.422046 -24.666609 0.571429
163788 -25.735187 -21.463882 -24.582597 0.571429
163789 -24.944154 -26.772555 -19.261542 0.142857
163797 -25.459885 -24.597973 -21.674143 0.142857
163805 -25.980205 -24.453365 -21.329877 0.142857
163806 -25.504851 -24.292386 -22.076852 0.142857
163807 -25.671867 -23.900397 -22.469516 0.142857
163808 -25.847143 -23.453839 -22.780908 0.142857
163809 -25.788412 -23.081859 -23.208273 0.142857
163810 -26.775826 -23.255571 -22.212915 0.142857
163811 -26.386734 -22.990910 -22.922450 0.142857
163812 -25.987546 -22.765358 -23.621026 0.285714
163813 -26.041689 -22.296972 -23.913241 0.285714
163814 -25.998558 -21.861328 -24.157972 0.285714
163815 -26.331673 -21.466611 -24.478495 0.285714
163816 -26.789592 -21.411132 -24.353390 0.285714
163817 -27.281464 -21.328369 -24.169843 0.285714
163818 -27.821972 -21.228325 -23.927852 0.285714
163819 -27.943105 -21.908621 -22.919710 0.285714
163820 -28.105533 -21.543917 -23.320593 0.285714
163821 -28.287232 -21.132829 -23.688601 0.285714
163822 -28.775433 -21.067346 -23.442958 0.142857
163823 -29.144337 -21.049157 -23.282239 0.142857
163824 -29.567384 -20.910915 -23.031117 0.142857
163827 -29.813320 -22.183286 -20.747273 0.142857
163829 -30.213425 -22.154183 -20.344564 0.142857
163830 -29.792213 -21.902255 -21.187422 0.142857
163831 -29.725223 -21.501171 -21.678709 0.142857
163832 -29.894075 -21.124644 -22.265879 0.142857
163833 -29.977583 -20.816328 -22.801911 0.142857
163834 -30.219849 -20.796319 -22.616537 0.142857
163835 -30.632801 -20.785405 -22.349891 0.142857
163836 -31.214605 -20.881811 -22.299666 0.142857
163837 -31.571579 -21.539370 -20.458711 0.142857
163838 -31.115496 -21.430231 -21.185596 0.142857
163839 -31.379786 -20.824513 -22.001059 0.142857
163840 -31.471553 -20.974579 -21.412976 0.142857
163841 -32.203855 -21.243787 -20.809369 0.142857
