#!ascii label  , from subject fsaverage vox2ras=TkReg
450
606 -25.701233 -20.945475 -24.998090 0.000000
1348 -22.761013 -17.028317 -27.346769 0.000000
2447 -23.896172 -6.248173 -31.288934 0.000000
2450 -24.872575 -9.864291 -30.197693 0.000000
2451 -26.260095 -13.400375 -28.660824 0.000000
2452 -28.169770 -17.122903 -26.561441 0.000000
5473 -23.554799 -4.530152 -31.627721 0.000000
5483 -25.461720 -11.558664 -29.519206 0.000000
5484 -23.151941 -13.555897 -29.382230 0.000000
5485 -24.248558 -19.001902 -26.390678 0.000000
5486 -25.737940 -17.207485 -27.199748 0.000000
5487 -27.085999 -19.068295 -25.917655 0.000000
5755 -22.580231 -23.998621 -22.495085 0.000000
7037 -23.157447 -20.706280 -25.087581 0.000000
9893 -23.972339 0.484756 -33.132628 0.000000
9896 -25.012979 -0.580252 -32.809365 0.000000
9897 -25.946251 -1.949939 -32.068783 0.000000
9898 -26.361956 -3.717981 -31.349203 0.000000
9899 -26.623493 -5.468743 -30.589444 0.000000
9907 -24.222864 -8.018943 -30.856090 0.000000
9908 -26.995150 -7.391397 -29.788592 0.000000
9909 -27.356713 -9.193999 -29.147545 0.000000
9910 -27.850420 -11.060266 -28.450794 0.000000
9911 -28.631359 -13.095697 -27.755870 0.000000
9912 -24.513766 -15.361228 -28.389612 0.000000
9913 -27.208968 -15.252089 -27.550407 0.000000
13163 -22.535265 -12.551824 -29.594999 0.000000
13164 -21.350551 -13.231210 -28.694611 0.000000
13165 -25.012979 -19.975962 -25.703059 0.000000
13166 -25.780153 -19.076480 -26.141382 0.000000
13167 -26.322497 -20.063273 -25.512206 0.000000
13432 -22.954641 -27.260040 -19.754655 0.000000
13434 -23.175800 -26.559735 -20.519893 0.000000
13435 -23.429995 -25.826689 -21.222123 0.000000
15568 -22.366414 -19.656733 -25.469287 0.000000
15569 -21.826823 -20.423430 -24.703135 0.000000
22178 -25.571841 -1.218712 -32.470579 0.000000
22180 -23.771369 -5.389617 -31.481613 0.000000
22181 -24.953330 -4.252759 -31.583888 0.000000
22182 -25.136865 -5.117681 -31.304458 0.000000
22183 -26.472077 -4.551071 -30.985760 0.000000
22184 -25.280021 -5.938038 -30.987587 0.000000
22205 -24.552308 -8.946619 -30.584878 0.000000
22206 -25.667279 -7.798847 -30.318232 0.000000
22207 -25.938910 -8.637394 -29.889954 0.000000
22208 -27.152072 -8.231763 -29.473547 0.000000
22209 -26.119691 -9.466845 -29.598652 0.000000
22210 -25.832460 -12.454509 -29.111931 0.000000
22211 -26.721684 -11.339478 -28.875419 0.000000
22212 -27.087835 -12.284435 -28.458100 0.000000
22213 -28.207394 -12.042511 -28.124792 0.000000
22214 -27.467751 -13.229391 -28.082786 0.000000
22215 -21.909413 -15.946937 -27.544014 0.000000
22216 -22.867462 -15.242085 -28.350345 0.000000
22217 -23.478632 -16.161576 -28.035301 0.000000
22218 -27.040116 -17.138364 -26.809824 0.000000
22219 -26.491348 -16.191589 -27.398820 0.000000
22220 -27.604484 -16.176128 -27.034464 0.000000
22221 -28.281726 -15.202068 -27.264584 0.000000
22222 -28.808469 -16.245249 -26.920318 0.000000
23022 -23.764028 -24.287838 -22.573618 0.000000
23023 -22.752753 -23.232834 -23.153482 0.000000
23024 -23.927373 -23.459296 -23.206446 0.000000
23025 -24.222864 -22.631663 -23.850233 0.000000
28300 -23.493315 -10.885644 -30.347453 0.000000
28301 -25.115758 -10.662820 -29.903651 0.000000
28302 -23.962245 -11.783308 -30.020537 0.000000
28303 -24.418328 -12.645501 -29.593173 0.000000
28304 -24.852386 -13.482228 -29.223338 0.000000
28305 -23.485056 -17.969635 -26.981500 0.000000
28306 -24.277924 -17.167468 -27.432607 0.000000
28307 -25.079969 -18.083321 -26.824435 0.000000
28308 -26.423440 -18.159718 -26.592489 0.000000
28309 -27.485187 -18.055127 -26.307579 0.000000
28791 -23.633718 -25.069087 -21.909742 0.000000
31778 -22.137913 -17.815022 -26.619884 0.000000
31779 -22.970242 -18.889126 -26.241831 0.000000
31780 -23.636471 -19.870462 -25.698493 0.000000
31781 -24.497247 -20.850888 -25.071144 0.000000
39916 -24.034741 1.722568 -34.195561 0.000000
39924 -23.495150 -0.607537 -32.135444 0.000000
39925 -24.478894 -0.031832 -33.055922 0.000000
39927 -26.138962 0.163708 -33.449499 0.000000
39928 -26.735449 -0.555696 -32.981955 0.000000
39929 -27.169508 -1.336945 -32.486102 0.000000
39930 -24.778973 -3.382380 -31.808529 0.000000
39931 -26.173834 -2.813042 -31.712646 0.000000
39932 -27.493446 -2.301910 -31.904412 0.000000
39933 -27.692581 -3.200483 -31.400341 0.000000
39934 -27.819219 -4.119065 -30.892617 0.000000
39935 -27.933011 -5.094034 -30.415028 0.000000
39959 -24.003540 -7.138560 -31.095341 0.000000
39960 -25.463556 -6.829334 -30.648800 0.000000
39961 -26.807945 -6.413699 -30.198606 0.000000
39962 -28.056896 -6.057180 -29.986750 0.000000
39963 -28.174358 -7.030331 -29.630613 0.000000
39965 -28.502885 -8.904783 -28.989566 0.000000
39966 -26.387651 -10.367237 -29.238862 0.000000
39967 -27.602649 -10.155327 -28.784102 0.000000
39972 -22.034216 -14.194356 -28.568594 0.000000
39973 -23.876901 -14.467202 -28.946647 0.000000
39974 -25.315811 -14.362611 -28.690045 0.000000
39975 -25.192843 -16.286175 -27.834403 0.000000
39976 -25.963687 -15.316663 -28.017951 0.000000
39977 -26.710672 -14.282577 -28.070915 0.000000
39978 -27.988071 -14.264387 -27.582368 0.000000
39979 -29.118642 -14.249835 -27.354074 0.000000
40942 -23.141846 -21.614857 -24.412747 0.000000
40943 -24.297195 -21.795845 -24.454753 0.000000
40944 -25.481909 -21.877699 -24.309558 0.000000
43885 -25.445202 -20.486184 -25.335964 0.000000
43886 -25.659938 -19.993243 -25.641877 0.000000
43887 -26.082067 -20.485275 -25.198075 0.000000
43888 -26.626246 -20.467995 -25.026398 0.000000
43889 -26.260095 -20.988221 -24.904947 0.000000
44152 -23.667672 -27.229118 -19.604895 0.000000
44153 -23.077609 -26.927168 -20.186586 0.000000
44154 -23.785134 -26.905340 -19.923592 0.000000
52900 -23.851207 -5.831628 -31.368380 0.000000
52901 -24.444940 -5.246828 -31.445086 0.000000
52902 -24.504589 -5.677015 -31.337332 0.000000
52903 -25.213949 -5.511488 -31.132781 0.000000
52904 -24.608286 -6.102655 -31.225925 0.000000
52923 -24.095307 -9.966154 -30.521869 0.000000
52924 -23.923703 -9.540514 -30.615926 0.000000
52925 -24.702806 -9.425009 -30.366630 0.000000
52926 -25.276351 -8.808377 -30.265268 0.000000
52927 -25.413084 -9.224922 -30.068022 0.000000
52928 -26.030677 -9.063943 -29.776720 0.000000
52929 -25.571841 -9.693308 -29.875343 0.000000
52930 -26.071972 -12.941993 -28.893683 0.000000
52931 -26.479418 -12.379021 -28.787755 0.000000
52932 -26.662035 -12.787381 -28.564028 0.000000
52933 -27.223650 -12.699161 -28.328429 0.000000
52934 -26.870347 -13.253038 -28.344866 0.000000
52935 -22.415968 -16.487172 -27.462742 0.000000
52936 -22.704117 -16.078813 -27.839882 0.000000
52937 -23.180389 -16.668160 -27.721170 0.000000
52938 -27.568695 -17.157464 -26.669195 0.000000
52939 -27.387913 -16.616319 -26.905707 0.000000
52940 -27.889880 -16.675436 -26.922144 0.000000
52941 -28.279890 -16.208869 -26.903881 0.000000
52942 -28.331280 -16.642694 -26.655498 0.000000
52943 -29.024122 -16.712725 -26.602534 0.000000
52944 -28.771762 -17.210214 -26.520348 0.000000
53743 -23.950315 -23.876750 -22.907839 0.000000
62527 -22.851862 -11.373129 -30.183995 0.000000
62528 -23.727321 -11.329474 -30.212304 0.000000
62529 -23.000525 -11.749657 -30.063457 0.000000
62530 -22.861039 -13.046584 -29.501856 0.000000
62531 -23.374017 -12.644591 -29.794984 0.000000
62532 -23.812664 -13.122981 -29.556646 0.000000
62533 -24.622051 -13.064774 -29.407799 0.000000
62534 -24.065024 -13.554987 -29.347529 0.000000
62535 -23.869560 -18.532607 -26.623537 0.000000
62536 -24.400892 -18.062403 -26.907533 0.000000
62537 -24.635816 -18.545340 -26.649106 0.000000
62538 -26.459230 -19.063747 -26.013538 0.000000
62539 -26.015994 -18.572625 -26.328582 0.000000
62540 -26.628999 -18.548069 -26.121292 0.000000
62541 -26.898794 -18.087868 -26.396157 0.000000
62542 -27.394337 -18.602638 -26.051891 0.000000
62543 -27.855008 -18.564439 -25.900304 0.000000
62544 -27.645779 -19.028277 -25.595305 0.000000
63328 -22.215915 -27.455580 -19.549191 0.000000
63329 -22.110383 -27.763896 -19.164746 0.000000
63343 -23.459361 -25.516554 -21.562736 0.000000
63345 -24.297195 -25.089096 -21.784637 0.000000
69743 -22.683010 -18.392546 -26.497519 0.000000
69745 -22.665575 -20.179687 -25.351488 0.000000
69746 -22.999607 -19.785880 -25.634571 0.000000
69747 -23.369429 -20.321567 -25.453763 0.000000
69748 -24.130179 -20.446167 -25.502161 0.000000
69749 -23.792476 -20.786315 -25.095800 0.000000
89545 -23.779628 0.758512 -33.057748 0.000000
89546 -23.847536 1.387876 -33.665921 0.000000
89547 -24.073283 1.092293 -33.686924 0.000000
89548 -24.337573 1.447903 -34.223869 0.000000
89549 -24.336655 0.815809 -33.667747 0.000000
89568 -24.469717 -0.930405 -32.549111 0.000000
89569 -24.243970 -0.624817 -32.630384 0.000000
89570 -24.760619 -0.290126 -32.954560 0.000000
89571 -24.907447 0.347424 -33.443107 0.000000
89572 -25.226797 0.095496 -33.269604 0.000000
89573 -25.782906 0.452015 -33.668661 0.000000
89574 -25.555323 -0.175531 -33.100667 0.000000
89575 -25.785659 -1.577050 -32.276986 0.000000
89576 -26.150892 -0.886749 -32.641342 0.000000
89577 -26.382145 -1.244178 -32.424920 0.000000
89578 -26.965784 -0.936771 -32.741791 0.000000
89579 -26.570268 -1.590692 -32.215803 0.000000
89582 -24.212769 -3.985370 -31.742780 0.000000
89583 -25.663608 -3.999922 -31.441433 0.000000
89584 -25.584688 -3.556092 -31.604891 0.000000
89585 -26.283037 -3.285975 -31.520879 0.000000
89586 -26.893288 -2.512911 -31.750086 0.000000
89587 -26.982303 -2.973112 -31.541882 0.000000
89588 -27.601731 -2.758473 -31.649637 0.000000
89589 -27.058469 -3.400570 -31.326374 0.000000
89590 -26.547326 -5.002176 -30.784863 0.000000
89591 -27.194285 -4.341889 -30.899009 0.000000
89592 -27.250263 -4.788447 -30.649713 0.000000
89593 -27.866020 -4.607459 -30.670716 0.000000
89594 -27.325512 -5.250466 -30.437857 0.000000
89651 -23.550210 -8.577368 -30.858830 0.000000
89653 -23.432748 -8.141724 -30.970237 0.000000
89655 -24.129261 -7.613312 -30.979368 0.000000
89656 -24.800079 -7.058525 -30.927317 0.000000
89657 -24.915706 -7.535096 -30.738291 0.000000
89658 -26.317908 -7.541462 -30.036061 0.000000
89659 -26.211458 -7.104909 -30.176690 0.000000
89660 -26.897877 -6.899365 -30.003187 0.000000
89661 -27.448480 -6.225435 -30.041540 0.000000
89662 -27.523729 -6.689274 -29.860732 0.000000
89663 -28.111039 -6.500100 -29.799550 0.000000
89664 -27.585213 -7.125827 -29.706406 0.000000
89665 -27.241086 -8.691053 -29.324700 0.000000
89666 -27.709099 -8.038042 -29.398667 0.000000
89667 -27.808207 -8.569182 -29.199596 0.000000
89668 -28.385423 -8.385466 -29.174027 0.000000
89669 -27.947693 -9.091227 -28.986826 0.000000
89670 -25.247903 -11.089369 -29.717364 0.000000
89671 -25.781070 -10.522759 -29.519206 0.000000
89672 -25.960016 -10.999330 -29.387709 0.000000
89673 -27.299817 -11.233978 -28.612426 0.000000
89674 -27.142895 -10.739217 -28.819716 0.000000
89675 -27.734793 -10.583695 -28.624297 0.000000
89676 -28.213818 -9.990710 -28.667216 0.000000
89677 -28.370740 -10.515483 -28.477276 0.000000
89680 -28.433142 -12.641863 -27.876409 0.000000
89684 -29.151679 -12.984739 -27.783265 0.000000
89686 -21.119298 -14.045201 -28.202411 0.000000
89688 -23.605271 -15.318482 -28.556722 0.000000
89689 -23.334557 -14.828269 -28.685480 0.000000
89690 -24.037494 -14.839182 -28.765839 0.000000
89691 -24.645910 -14.416271 -28.823369 0.000000
89692 -24.931306 -14.916489 -28.539372 0.000000
89693 -25.079051 -17.259326 -27.356814 0.000000
89694 -24.621133 -16.689988 -27.682816 0.000000
89695 -25.386471 -16.712725 -27.513880 0.000000
89696 -26.914395 -15.739574 -27.466395 0.000000
89697 -26.260095 -15.800510 -27.730301 0.000000
89698 -26.662035 -15.284831 -27.703819 0.000000
89699 -26.455559 -14.846458 -27.988729 0.000000
89700 -26.976797 -14.761876 -27.735780 0.000000
89701 -27.306241 -14.225279 -27.850840 0.000000
89702 -27.568695 -14.732772 -27.610676 0.000000
89703 -28.925014 -15.218438 -27.116650 0.000000
89704 -28.687337 -14.660014 -27.322113 0.000000
89705 -29.418721 -14.848277 -27.198835 0.000000
92112 -24.924883 -22.700784 -23.802748 0.000000
92113 -24.384374 -22.253317 -24.147014 0.000000
92114 -25.025826 -22.310614 -24.147927 0.000000
92115 -24.909282 -21.844048 -24.393570 0.000000
92116 -25.557158 -22.333352 -24.060262 0.000000
97421 -22.236104 -12.106175 -29.756631 0.000000
97423 -21.925014 -12.898338 -29.179506 0.000000
97424 -22.240693 -13.382185 -29.097320 0.000000
97425 -24.757866 -19.463921 -25.996187 0.000000
97426 -24.979943 -19.060109 -26.358717 0.000000
97427 -25.401154 -19.499391 -25.900304 0.000000
97428 -26.043524 -19.493935 -25.761502 0.000000
97429 -26.751049 -19.513034 -25.571562 0.000000
97430 -27.238333 -19.436637 -25.566083 0.000000
97431 -26.853829 -20.015980 -25.358793 0.000000
97432 -27.183273 -20.424339 -24.886683 0.000000
97903 -22.811484 -27.544709 -19.458787 0.000000
97909 -22.837179 -25.719370 -21.273261 0.000000
97910 -23.333640 -26.210493 -20.876031 0.000000
97911 -23.910855 -26.210493 -20.702528 0.000000
101750 -21.969062 -19.128321 -25.666532 0.000000
101751 -21.761668 -19.521219 -25.250126 0.000000
101752 -22.072759 -20.059635 -25.202641 0.000000
101753 -22.491217 -20.575314 -24.908599 0.000000
113633 -23.622706 0.189173 -32.538153 0.000000
113647 -24.676193 -1.217802 -32.447749 0.000000
113648 -25.301128 -0.889478 -32.643168 0.000000
113649 -24.877164 -1.500653 -32.330863 0.000000
113650 -25.088228 -1.889913 -32.184756 0.000000
113651 -25.282774 -2.306458 -32.033169 0.000000
113653 -24.326561 -4.458303 -31.657855 0.000000
113654 -24.388045 -4.880305 -31.557406 0.000000
113655 -25.038674 -4.686584 -31.450565 0.000000
113656 -25.714080 -4.466488 -31.252407 0.000000
113657 -26.428029 -4.121793 -31.187572 0.000000
113658 -25.780153 -4.862115 -31.109952 0.000000
113659 -25.852649 -5.297759 -30.964758 0.000000
113660 -25.934321 -5.699752 -30.760207 0.000000
113697 -24.335737 -8.423664 -30.732812 0.000000
113698 -25.020320 -7.972559 -30.597662 0.000000
113699 -25.146041 -8.426393 -30.422333 0.000000
113700 -25.815024 -8.252681 -30.098157 0.000000
113701 -26.447300 -8.009848 -29.836077 0.000000
113702 -27.090588 -7.837955 -29.609610 0.000000
113703 -26.547326 -8.429121 -29.668053 0.000000
113704 -26.633587 -8.863856 -29.508248 0.000000
113705 -26.749214 -9.329513 -29.354835 0.000000
113706 -25.620478 -11.986123 -29.314655 0.000000
113707 -26.116020 -11.464078 -29.216033 0.000000
113708 -26.302308 -11.925188 -29.018787 0.000000
113709 -26.913477 -11.791493 -28.670869 0.000000
113710 -27.415444 -11.674169 -28.461752 0.000000
113711 -28.038543 -11.545932 -28.282771 0.000000
113712 -27.641191 -12.173477 -28.289163 0.000000
113713 -27.825643 -12.597298 -28.101963 0.000000
113714 -27.926587 -13.075688 -27.908370 0.000000
113716 -21.917672 -15.062916 -28.101049 0.000000
113717 -22.434321 -15.603151 -28.020690 0.000000
113718 -23.144599 -15.700466 -28.269986 0.000000
113719 -24.172392 -15.836889 -28.232546 0.000000
113720 -26.398663 -17.131088 -27.027159 0.000000
113721 -26.208705 -16.742738 -27.226230 0.000000
113722 -26.818957 -16.708177 -27.111171 0.000000
113723 -27.055716 -16.209779 -27.344030 0.000000
113724 -27.398008 -15.636802 -27.351335 0.000000
113725 -27.754982 -15.231171 -27.407038 0.000000
113726 -28.044966 -15.729570 -27.165961 0.000000
113727 -28.668983 -15.783229 -26.996111 0.000000
113728 -29.153514 -15.716837 -26.941321 0.000000
113729 -29.616938 -15.701376 -27.002503 0.000000
113730 -29.425145 -16.294361 -26.734031 0.000000
115166 -23.195989 -24.191433 -22.617450 0.000000
115167 -22.628868 -23.616637 -22.800085 0.000000
115168 -23.203330 -23.748513 -22.867659 0.000000
115169 -23.343734 -23.363800 -23.213752 0.000000
115170 -23.446513 -22.964535 -23.544320 0.000000
115171 -23.522680 -22.534348 -23.863930 0.000000
115172 -24.116414 -23.083678 -23.547059 0.000000
115173 -24.775302 -23.164622 -23.495922 0.000000
127473 -23.300604 -10.455457 -30.482603 0.000000
127474 -24.243052 -10.406345 -30.338321 0.000000
127475 -24.997379 -10.274469 -30.059804 0.000000
127476 -24.401810 -10.829256 -30.184908 0.000000
127477 -24.513766 -11.215788 -30.016885 0.000000
127478 -24.757866 -11.670531 -29.788592 0.000000
127479 -23.204248 -12.184391 -29.908217 0.000000
127480 -24.196251 -12.215314 -29.861645 0.000000
127481 -24.946907 -12.140736 -29.536556 0.000000
127482 -25.198349 -12.560009 -29.396841 0.000000
127483 -25.392895 -13.010205 -29.171287 0.000000
127484 -25.647090 -13.484957 -28.900075 0.000000
127485 -23.248296 -17.554000 -27.166874 0.000000
127486 -23.546540 -17.118356 -27.502922 0.000000
127487 -23.838359 -17.572189 -27.251799 0.000000
127488 -24.650499 -17.624030 -27.301110 0.000000
127489 -25.424096 -17.644948 -27.114823 0.000000
127490 -25.361694 -18.563530 -26.542264 0.000000
127491 -25.847143 -18.179726 -26.635408 0.000000
127492 -26.049030 -17.614935 -26.817129 0.000000
127493 -26.687730 -17.640401 -26.649106 0.000000
127494 -27.383325 -17.597655 -26.476516 0.000000
127495 -27.944940 -17.614026 -26.487474 0.000000
127496 -28.401023 -17.654953 -26.266486 0.000000
127497 -28.145910 -18.120610 -26.138642 0.000000
127500 -27.681568 -19.468469 -25.466547 0.000000
128596 -21.962638 -28.176803 -18.845136 0.000000
128614 -22.426062 -24.419714 -22.167256 0.000000
128615 -22.869298 -25.328291 -21.618440 0.000000
128616 -22.945465 -24.981776 -21.943529 0.000000
128617 -23.032643 -24.529762 -22.270445 0.000000
128618 -23.716309 -24.651633 -22.249442 0.000000
128619 -24.243970 -24.738034 -22.139861 0.000000
136724 -22.541689 -17.433948 -27.006156 0.000000
136725 -22.699529 -17.918704 -26.830827 0.000000
136726 -23.352911 -18.501685 -26.590662 0.000000
136727 -23.543787 -18.990988 -26.344106 0.000000
136728 -22.716047 -19.272929 -25.911262 0.000000
136729 -23.407971 -19.400257 -26.040020 0.000000
136730 -24.066859 -19.445732 -26.064675 0.000000
136731 -24.315548 -19.924122 -25.695754 0.000000
136732 -24.838621 -20.482546 -25.424542 0.000000
136733 -25.224043 -20.893634 -25.035530 0.000000
160704 -23.700708 1.676184 -33.486026 0.000000
160729 -23.337310 -0.314682 -32.010340 0.000000
160730 -23.769534 -0.059117 -32.635863 0.000000
160732 -23.964080 -0.314682 -32.682435 0.000000
160733 -24.215522 0.214639 -33.111625 0.000000
160734 -24.635816 0.562972 -33.611131 0.000000
160735 -25.042344 0.958599 -34.059498 0.000000
160740 -25.875590 -0.516588 -32.878767 0.000000
160741 -26.469324 -0.166436 -33.221206 0.000000
160742 -26.938254 0.063664 -33.643092 0.000000
160743 -27.226403 -0.311954 -33.405667 0.000000
160744 -27.521894 -0.789434 -33.152718 0.000000
160745 -27.734793 -1.215984 -32.868722 0.000000
160747 -24.665181 -2.983116 -31.901672 0.000000
160748 -25.422261 -2.727550 -31.881582 0.000000
160749 -24.889093 -3.802563 -31.716298 0.000000
160750 -25.502098 -3.140457 -31.745520 0.000000
160751 -26.078396 -2.356480 -31.878843 0.000000
160752 -26.753802 -2.051802 -31.972900 0.000000
160753 -27.361301 -1.818973 -32.175624 0.000000
160754 -27.911904 -1.634347 -32.566462 0.000000
160755 -28.082591 -2.091819 -32.235893 0.000000
160757 -28.259702 -3.034957 -31.596673 0.000000
160758 -27.123624 -3.867137 -31.113605 0.000000
160759 -27.760488 -3.645222 -31.130955 0.000000
160834 -23.185895 -7.211319 -31.121823 0.000000
160835 -23.940221 -6.712920 -31.196703 0.000000
160836 -24.714736 -6.574678 -31.112691 0.000000
160837 -25.345176 -6.372772 -30.843306 0.000000
160838 -26.033430 -6.203608 -30.568441 0.000000
160839 -25.570923 -7.318638 -30.472558 0.000000
160840 -26.131621 -6.683817 -30.351106 0.000000
160841 -26.695071 -5.938947 -30.383980 0.000000
160842 -27.387913 -5.723399 -30.243351 0.000000
160843 -27.993577 -5.580609 -30.189474 0.000000
160848 -27.647615 -7.535096 -29.569430 0.000000
160849 -28.245937 -7.520544 -29.463502 0.000000
160851 -28.826823 -7.874334 -29.314655 0.000000
160852 -28.917672 -8.467320 -29.133847 0.000000
160854 -25.648008 -10.099848 -29.701840 0.000000
160855 -26.285790 -9.923408 -29.426975 0.000000
160856 -26.870347 -9.786075 -29.192290 0.000000
160857 -26.525302 -10.861088 -29.076317 0.000000
160858 -27.023598 -10.282655 -28.974042 0.000000
160859 -27.453068 -9.661476 -28.996871 0.000000
160860 -28.079838 -9.522324 -28.822455 0.000000
160866 -28.697431 -11.549570 -28.160406 0.000000
160873 -21.591899 -13.664126 -28.628863 0.000000
160874 -22.576560 -13.891497 -29.049835 0.000000
160875 -22.405874 -14.719130 -28.543025 0.000000
160876 -22.884898 -14.353517 -28.871767 0.000000
160877 -23.491479 -13.952433 -29.127455 0.000000
160878 -24.293524 -14.007912 -29.142066 0.000000
160879 -25.116676 -13.939700 -28.922904 0.000000
160880 -25.865496 -13.920601 -28.566767 0.000000
160881 -24.010881 -16.667250 -27.754957 0.000000
160882 -24.397221 -16.332559 -27.992382 0.000000
160883 -24.726665 -15.785048 -28.200585 0.000000
160884 -25.917803 -16.297089 -27.689209 0.000000
160885 -25.482827 -15.779591 -27.930286 0.000000
160886 -25.229550 -15.333034 -28.271813 0.000000
160887 -25.679209 -14.822812 -28.336648 0.000000
160888 -26.117856 -14.340784 -28.352172 0.000000
160889 -26.512455 -13.861484 -28.340300 0.000000
160890 -27.069481 -13.751437 -28.051738 0.000000
160891 -27.670556 -13.691410 -27.895586 0.000000
160892 -28.214736 -13.623199 -27.698340 0.000000
160893 -28.180782 -14.708216 -27.484658 0.000000
160894 -28.465260 -14.143425 -27.512053 0.000000
160895 -28.816728 -13.635932 -27.623460 0.000000
163781 -22.400368 -21.025510 -24.620950 0.000000
163782 -23.035396 -21.135558 -24.718659 0.000000
163783 -23.677767 -22.148726 -24.142448 0.000000
163784 -23.753016 -21.730362 -24.448360 0.000000
163785 -23.726403 -21.241968 -24.767058 0.000000
163786 -24.405480 -21.344740 -24.761578 0.000000
163787 -25.106582 -21.422046 -24.666609 0.000000
163788 -25.735187 -21.463882 -24.582597 0.000000
