#!ascii label  , from subject fsaverage vox2ras=TkReg 
1012
250 37.866807 12.668238 19.137351 0.000000
251 44.466703 8.839300 11.972601 0.000000
507 49.426718 12.836493 8.778325 0.000000
508 48.221815 5.608804 1.191690 0.000000
731 40.018748 7.849778 17.667143 0.000000
1112 49.665313 15.387603 15.806098 0.000000
1114 47.146304 6.954844 5.366713 0.000000
1601 40.693236 11.741471 5.098241 0.000000
1603 45.587180 13.142990 17.731979 0.000000
1604 42.400106 10.506389 17.748416 0.000000
1605 43.300342 6.026258 13.373407 0.000000
2164 45.326561 13.484957 8.582906 0.000000
2165 45.726666 11.182137 3.107525 0.000000
2166 46.965523 11.344935 10.753516 0.000000
2167 47.989644 9.839735 3.448138 0.000000
3629 41.024516 13.696867 6.364811 0.000000
3631 41.917410 13.085692 19.161093 0.000000
3632 40.245412 11.579583 19.119087 0.000000
3634 41.578789 6.973943 15.559542 0.000000
4773 49.691008 14.811898 11.771703 0.000000
4774 47.459230 15.442172 11.680386 0.000000
4775 47.829969 13.439483 8.474238 0.000000
4776 45.703724 12.395392 5.595006 0.000000
4777 48.041952 12.278068 5.302791 0.000000
4778 44.818171 11.339478 14.965980 0.000000
4779 46.425932 12.626402 14.328586 0.000000
4780 45.495413 10.261737 11.622856 0.000000
4781 48.712770 6.645618 2.181568 0.000000
4782 47.529891 8.530984 4.498286 0.000000
4783 47.984138 7.941636 1.626360 0.000000
4784 46.912298 8.876589 1.451944 0.000000
4785 46.463556 6.457354 1.447378 0.000000
4786 44.738333 4.228203 4.444409 0.000000
5922 36.630703 11.227611 19.698038 0.000000
5923 38.893682 10.132590 19.081647 0.000000
6610 50.198480 13.986994 12.520505 0.000000
6611 45.009047 6.291828 9.594701 0.000000
6612 45.638569 7.777929 8.687008 0.000000
6613 47.216047 5.419630 6.353852 0.000000
6614 49.427636 5.410535 3.270070 0.000000
7579 45.474306 15.745031 17.728326 0.000000
7580 43.698611 14.328960 18.690809 0.000000
7581 44.039067 11.895174 17.938355 0.000000
7582 43.455428 9.907946 15.048165 0.000000
7583 40.961196 9.237655 17.564868 0.000000
7584 42.406529 8.421845 15.109348 0.000000
7585 43.609597 7.372298 12.481238 0.000000
7586 44.977846 5.077663 10.813786 0.000000
8208 34.697169 11.911545 20.351870 0.000000
9055 45.124673 16.504452 11.307812 0.000000
9056 42.869036 14.281667 8.602083 0.000000
9057 42.990169 12.716441 6.141996 0.000000
9058 42.935108 11.456802 4.022524 0.000000
9059 42.950709 9.543242 3.365953 0.000000
9060 47.630835 14.438099 16.969480 0.000000
9061 48.490693 13.407651 13.486641 0.000000
9062 48.819220 11.925188 9.762724 0.000000
9063 46.128606 9.283129 8.045047 0.000000
9064 47.472995 10.460005 7.131875 0.000000
9065 48.708181 11.400414 6.009587 0.000000
9066 47.520714 10.721937 2.864621 0.000000
9067 45.332067 9.435013 1.956928 0.000000
11308 40.244495 14.244378 6.629630 0.000000
11309 41.163084 14.598168 7.186666 0.000000
11311 39.848978 12.862868 19.065210 0.000000
11312 39.060698 12.164382 19.121827 0.000000
12453 49.604747 13.713238 10.332544 0.000000
12454 48.776089 14.033377 10.179131 0.000000
12455 48.904563 13.278504 8.541813 0.000000
12456 48.039199 12.869235 6.695379 0.000000
12457 48.914657 12.600027 6.958372 0.000000
12458 44.573152 10.096210 13.426371 0.000000
12459 45.163215 10.854722 13.364276 0.000000
12460 44.991611 9.590536 11.834712 0.000000
12461 48.706346 6.228164 1.305836 0.000000
12462 48.423703 7.298629 1.882048 0.000000
12463 48.053881 6.792955 1.062932 0.000000
12464 47.391322 7.331371 1.036450 0.000000
12465 47.369298 6.033534 1.204474 0.000000
12466 46.482827 5.211358 2.079293 0.000000
12467 47.464736 4.873029 1.752378 0.000000
13711 37.267568 9.899761 19.542799 0.000000
14856 50.487547 15.076558 13.706715 0.000000
14857 50.091113 14.683660 14.256445 0.000000
14858 45.974437 5.124047 8.677876 0.000000
14859 46.039592 5.748864 8.053266 0.000000
14860 47.215129 4.865753 7.162010 0.000000
14862 49.715785 4.758434 4.116580 0.000000
14863 50.389356 4.642019 3.018034 0.000000
14864 49.877295 5.152241 2.266494 0.000000
16653 42.314762 11.615962 18.907231 0.000000
16654 43.161773 12.412672 18.954716 0.000000
16655 43.203068 11.211241 17.836080 0.000000
16656 43.694941 10.952037 16.488238 0.000000
16657 42.967227 10.266284 16.369526 0.000000
16658 39.542476 8.962080 18.541049 0.000000
16659 40.063713 9.628734 18.594013 0.000000
16660 40.416099 8.571001 17.552084 0.000000
16661 42.479025 6.498281 14.528570 0.000000
16662 41.942188 7.715174 15.321204 0.000000
16663 42.718538 7.212228 14.147778 0.000000
16664 43.054406 7.917080 13.885697 0.000000
16665 43.397615 6.730200 12.871163 0.000000
16666 44.080363 6.169047 11.446614 0.000000
16667 44.059256 5.524221 12.106838 0.000000
16669 46.453462 4.062676 11.433830 0.000000
20081 46.289199 14.363521 10.295104 0.000000
20082 46.224044 15.913286 11.635641 0.000000
20083 45.054012 14.646371 10.250358 0.000000
20084 43.846356 15.091110 10.095119 0.000000
20085 44.006031 13.782359 8.655046 0.000000
20086 42.945203 13.367633 7.319076 0.000000
20087 44.168459 12.998382 7.204929 0.000000
20088 45.828527 11.873347 4.283691 0.000000
20089 44.377688 11.896084 4.662657 0.000000
20090 44.340981 11.311284 3.524845 0.000000
20091 42.854353 10.530035 3.431701 0.000000
20092 44.285921 10.509117 2.777870 0.000000
20093 45.625722 14.427185 18.263445 0.000000
20094 46.623231 15.050183 17.683580 0.000000
20095 46.580101 13.831471 17.374015 0.000000
20096 46.728763 11.982485 12.598124 0.000000
20097 47.380310 13.102063 13.917658 0.000000
20098 47.659283 12.322633 12.083095 0.000000
20099 48.743053 12.600027 11.652078 0.000000
20100 47.891453 11.643247 10.312454 0.000000
20101 46.308470 7.286806 7.058821 0.000000
20102 45.824857 8.573730 8.380182 0.000000
20103 46.455297 8.082607 6.695379 0.000000
20104 47.801522 9.290405 3.956775 0.000000
20105 47.275696 9.560523 5.798644 0.000000
20106 47.767568 10.132590 5.194124 0.000000
20107 48.219980 10.881097 6.509092 0.000000
20108 48.178685 10.638264 4.723840 0.000000
20109 48.268617 11.177590 4.240772 0.000000
20110 47.907972 10.355414 2.982421 0.000000
20111 45.812927 8.015305 1.511300 0.000000
20112 46.230468 9.195818 1.606270 0.000000
20113 44.952151 8.163551 2.001674 0.000000
20114 44.047327 8.251771 2.800699 0.000000
23890 48.899975 16.117920 16.788672 0.000000
24964 40.026089 13.159361 6.204092 0.000000
24965 40.840064 12.752820 5.605051 0.000000
24967 41.578789 14.189809 18.674372 0.000000
24968 40.693236 13.564992 18.949237 0.000000
24969 41.048375 12.347189 19.175704 0.000000
24970 41.456739 10.881097 18.774821 0.000000
24972 40.785921 7.411406 16.574076 0.000000
27025 48.653121 15.141132 11.717826 0.000000
27026 47.566598 14.211637 10.182784 0.000000
27027 46.578265 13.471315 8.530855 0.000000
27028 45.503672 12.862868 6.998552 0.000000
27029 46.834296 12.901067 6.815004 0.000000
27030 46.980205 12.410853 5.326534 0.000000
27031 47.005900 11.771484 4.046266 0.000000
27032 45.150368 12.247146 16.361307 0.000000
27033 46.013897 12.930170 16.080963 0.000000
27034 45.535790 12.008860 14.697507 0.000000
27035 45.919377 11.424060 13.037360 0.000000
27036 46.176325 10.926571 11.277677 0.000000
27037 48.084165 6.825696 3.658168 0.000000
27038 47.283955 7.756101 4.952133 0.000000
27039 48.061223 7.583299 3.298378 0.000000
27040 48.074070 8.256319 2.881972 0.000000
27041 47.929078 8.962990 2.403469 0.000000
27042 47.690483 9.475940 2.043679 0.000000
27043 47.490431 8.437307 1.359713 0.000000
27044 46.681044 7.775200 1.251959 0.000000
27045 45.506425 6.707463 1.863785 0.000000
27048 45.667935 4.148168 3.679171 0.000000
29178 37.188648 11.966114 19.435958 0.000000
29179 38.360515 11.393138 19.226842 0.000000
29180 37.741086 10.696471 19.422260 0.000000
29181 38.444023 9.427737 19.136437 0.000000
29182 39.122182 8.268142 18.511828 0.000000
30782 50.408627 15.553129 13.192599 0.000000
30783 50.223257 14.441737 12.058439 0.000000
30784 49.903908 13.331254 10.732513 0.000000
30785 44.562140 7.586027 10.685028 0.000000
30786 44.971422 8.356362 10.375463 0.000000
30787 45.274254 6.990314 9.114372 0.000000
30788 46.214867 6.484639 7.529105 0.000000
30789 47.215129 6.169047 5.793165 0.000000
30790 48.497117 4.705683 5.556653 0.000000
30791 48.380573 5.366880 4.630696 0.000000
30792 48.267699 6.120844 4.079140 0.000000
30793 49.073415 6.081737 2.709382 0.000000
30794 49.317515 5.698843 1.660147 0.000000
30795 48.981648 5.107676 1.347842 0.000000
30796 48.346619 4.361897 1.803515 0.000000
33189 44.602518 15.000162 18.262532 0.000000
33190 44.822759 13.771445 18.713639 0.000000
33191 42.729550 13.791454 18.920016 0.000000
33192 43.996855 13.149356 18.902665 0.000000
33193 44.831936 12.514535 17.851604 0.000000
33194 44.494233 11.613234 16.535723 0.000000
33195 44.120740 10.578238 14.989722 0.000000
33196 43.967489 9.336789 13.468377 0.000000
33197 39.530546 10.821980 19.038728 0.000000
33198 40.713425 10.248094 18.646064 0.000000
33199 41.632932 9.840644 17.568521 0.000000
33200 41.153907 8.185379 16.389615 0.000000
33201 41.685239 8.864765 16.358568 0.000000
33202 42.341375 9.595992 16.329346 0.000000
33203 42.902990 9.185814 15.078300 0.000000
33204 43.483876 8.603743 13.672928 0.000000
33205 44.014290 8.073512 12.158888 0.000000
33206 44.214343 6.849343 11.014684 0.000000
33207 44.927374 5.622446 10.063158 0.000000
33208 46.058863 4.645657 9.498818 0.000000
33209 45.109073 4.606549 11.664862 0.000000
33210 46.186419 4.285501 10.444864 0.000000
34926 36.173703 12.359013 19.688907 0.000000
34927 35.635030 11.530470 20.036825 0.000000
34930 34.180520 10.950218 20.725357 0.000000
37408 46.558076 17.610388 11.893155 0.000000
37410 44.230861 16.973747 10.644849 0.000000
37413 41.934846 13.992450 7.295333 0.000000
37414 41.951364 13.153904 6.265275 0.000000
37415 41.886210 12.377202 5.249827 0.000000
37416 44.315287 12.411763 5.913703 0.000000
37417 43.058076 12.075253 5.037058 0.000000
37418 41.785266 11.586859 4.508331 0.000000
37424 48.672392 14.946502 16.397834 0.000000
37425 47.068302 13.524065 15.712955 0.000000
37426 48.172261 13.975170 15.296548 0.000000
37427 49.252361 14.316228 14.795217 0.000000
37428 49.576299 13.605009 13.012704 0.000000
37429 49.604747 12.843769 11.176315 0.000000
37430 49.437730 12.342642 9.206603 0.000000
37431 45.362350 9.117603 10.102425 0.000000
37432 45.754196 9.796080 9.826646 0.000000
37433 46.350683 10.409073 9.400195 0.000000
37434 46.782906 8.855670 6.258883 0.000000
37435 46.740693 9.927955 7.603985 0.000000
37436 47.160987 10.830166 8.945435 0.000000
37437 48.031857 11.190322 8.406664 0.000000
37438 48.832067 11.568669 7.806709 0.000000
37439 49.194547 12.102537 7.338252 0.000000
37440 48.633850 11.904269 5.479033 0.000000
37441 47.818040 11.575035 4.038961 0.000000
37442 46.798506 10.962041 2.783349 0.000000
37443 47.194023 9.857015 2.008066 0.000000
37444 46.544311 10.141684 2.101209 0.000000
37445 45.633981 10.384517 2.325850 0.000000
37446 44.248297 9.581441 2.529487 0.000000
37452 43.874804 4.281863 5.324707 0.000000
42028 40.823546 14.971058 7.193058 0.000000
42029 41.220898 15.092929 7.598506 0.000000
42030 38.247641 13.040218 19.033249 0.000000
42031 38.840457 12.785562 19.056078 0.000000
42032 38.460541 12.417220 19.132785 0.000000
43173 49.515732 13.245762 9.590135 0.000000
43174 49.248690 13.459491 9.453159 0.000000
43175 49.222995 13.054770 8.597517 0.000000
43176 48.909151 12.882877 7.626815 0.000000
43177 49.183535 12.700070 7.824060 0.000000
43178 44.441925 9.467755 12.668438 0.000000
43179 44.779629 9.854287 12.646522 0.000000
43180 44.719980 9.233107 11.904113 0.000000
43181 48.525565 5.966232 1.128681 0.000000
43182 48.385161 6.519200 1.161555 0.000000
43183 48.137390 6.209974 1.051061 0.000000
43184 47.762062 6.450988 1.020927 0.000000
43185 47.793263 5.827990 1.151510 0.000000
43186 47.431700 5.462376 1.428201 0.000000
43187 47.882277 5.265927 1.384369 0.000000
45573 49.866283 15.933295 16.148538 0.000000
45575 50.114054 15.559496 15.523015 0.000000
45576 50.277400 15.214800 14.785172 0.000000
45577 49.902072 15.031084 15.081953 0.000000
45578 46.573677 4.721145 8.303475 0.000000
45579 46.573677 4.993081 7.971080 0.000000
45580 47.257342 4.622920 7.607638 0.000000
45582 50.603174 4.446480 3.505668 0.000000
45583 50.747248 4.231841 3.110265 0.000000
45584 50.464605 4.408281 2.684726 0.000000
47369 40.657447 11.254896 4.993226 0.000000
47373 42.397353 10.992054 18.391289 0.000000
47374 42.858942 11.307646 18.441513 0.000000
47375 42.791034 10.808338 17.789508 0.000000
47376 43.077347 10.715570 17.135677 0.000000
47377 42.711196 10.399979 17.105542 0.000000
47378 39.797589 8.431850 18.085376 0.000000
47379 40.010488 8.750170 18.081724 0.000000
47380 40.208706 8.219939 17.594090 0.000000
47381 42.896566 6.250901 13.946880 0.000000
47382 42.566204 6.853891 14.322193 0.000000
47383 42.962638 6.613786 13.724979 0.000000
47384 43.047982 6.953025 13.495773 0.000000
47385 43.305848 6.399147 13.101282 0.000000
47386 43.698611 6.108112 12.460235 0.000000
47387 43.671999 5.781606 12.767974 0.000000
50801 45.805586 13.899683 9.414806 0.000000
50802 45.680782 14.470840 10.266796 0.000000
50803 45.171474 13.956071 9.410240 0.000000
50804 44.525433 14.125235 9.425764 0.000000
50805 44.686026 13.598643 8.618520 0.000000
50806 44.133588 13.346715 7.928161 0.000000
50807 44.771370 13.187555 7.813102 0.000000
50808 45.796409 11.538656 3.644470 0.000000
50809 45.093472 11.585949 3.807928 0.000000
50810 45.084296 11.254896 3.249980 0.000000
50811 44.312534 10.923843 3.090175 0.000000
50812 45.049424 10.882006 2.816223 0.000000
50813 45.707395 13.725971 18.232397 0.000000
50814 46.159807 14.105227 17.938355 0.000000
50815 46.046933 13.514061 17.540212 0.000000
50816 46.893027 11.673260 11.748874 0.000000
50817 47.150892 12.187120 12.331478 0.000000
50818 47.310567 11.812411 11.412827 0.000000
50819 47.767568 11.947015 11.208276 0.000000
50820 47.430782 11.490453 10.495089 0.000000
50821 46.704904 7.083991 6.232401 0.000000
50822 46.360777 7.707898 6.873447 0.000000
50823 46.736105 7.505083 6.049766 0.000000
50824 47.929996 9.588717 3.689216 0.000000
50825 47.755638 9.741510 4.582298 0.000000
50826 47.946514 10.000714 4.315652 0.000000
50827 48.046540 10.388155 4.974049 0.000000
50828 48.075906 10.243547 4.046266 0.000000
50829 48.114448 10.490018 3.817973 0.000000
50830 48.010751 10.082568 3.213453 0.000000
50831 45.219193 7.432324 1.882961 0.000000
50832 45.372445 8.095340 1.725896 0.000000
50833 44.758522 7.476889 2.198919 0.000000
50834 44.298769 7.523273 2.534053 0.000000
56965 40.610646 13.949705 6.503613 0.000000
56966 40.101338 13.702324 6.386727 0.000000
56967 40.508784 13.434026 6.208658 0.000000
56968 40.428029 12.926532 5.926488 0.000000
56969 40.921737 13.189374 5.970320 0.000000
56971 40.559256 14.120688 18.699028 0.000000
56972 40.120609 13.790544 18.785779 0.000000
56973 40.029760 12.238051 19.144656 0.000000
56974 40.425276 12.623673 19.160180 0.000000
56975 40.631752 11.934282 19.155614 0.000000
56976 41.269534 11.609596 19.082560 0.000000
56977 40.872182 11.224883 19.045120 0.000000
60398 49.679996 15.388512 12.386268 0.000000
60399 49.205559 15.589509 12.294038 0.000000
60400 49.201889 14.973786 11.681299 0.000000
60401 48.286970 13.711419 9.340839 0.000000
60402 48.189697 14.136149 10.162694 0.000000
60403 47.695072 13.788725 9.364581 0.000000
60404 47.054537 13.833290 9.404761 0.000000
60405 47.233483 13.462220 8.550945 0.000000
60406 46.715916 13.154813 7.641425 0.000000
60407 47.362875 13.150266 7.588461 0.000000
60408 48.045622 12.581837 5.944751 0.000000
60409 47.505114 12.654596 5.936533 0.000000
60410 47.544574 12.390845 5.233390 0.000000
60411 47.064631 12.137098 4.683660 0.000000
60412 47.573021 12.106175 4.610607 0.000000
60413 44.960410 11.820597 15.679167 0.000000
60414 45.335738 12.183482 15.515710 0.000000
60415 45.142109 11.698725 14.876489 0.000000
60416 45.370609 10.565505 12.502241 0.000000
60417 45.529366 11.141210 13.238258 0.000000
60418 45.688124 10.839261 12.349741 0.000000
60419 46.056110 11.154852 12.163454 0.000000
60420 45.820268 10.603704 11.467617 0.000000
60421 48.460410 6.792045 2.901148 0.000000
60422 48.048375 7.206771 3.493797 0.000000
60423 48.395255 7.107637 2.692945 0.000000
60424 48.186944 7.625135 1.770641 0.000000
60425 48.243839 7.769744 2.381553 0.000000
60426 48.102518 8.151728 2.203485 0.000000
60427 48.014422 8.651945 2.641807 0.000000
60428 47.950184 8.470958 1.975192 0.000000
60429 47.765732 8.732890 1.745985 0.000000
60430 47.765732 8.227215 1.468381 0.000000
60431 46.951758 6.924831 1.157902 0.000000
60432 47.027924 7.572385 1.149684 0.000000
60433 46.542476 7.126737 1.303097 0.000000
60434 46.153383 7.281349 1.468381 0.000000
60435 46.035921 6.605601 1.671105 0.000000
60437 45.990038 5.969870 1.930446 0.000000
60438 46.523205 4.551071 2.551403 0.000000
60439 46.012062 4.660209 2.810744 0.000000
64170 36.892240 11.610505 19.541886 0.000000
64171 37.456608 11.327655 19.431392 0.000000
64172 37.168459 10.953856 19.548278 0.000000
64174 37.846618 9.686941 19.349207 0.000000
64175 38.220111 9.077585 19.164746 0.000000
64176 38.801915 8.852942 18.884402 0.000000
64177 38.562402 8.460953 18.898100 0.000000
67608 50.353567 14.529957 13.145114 0.000000
67609 50.361826 14.738229 12.870250 0.000000
67610 50.295753 14.208908 12.299517 0.000000
67611 50.122314 13.893316 11.443875 0.000000
67612 50.102125 13.657759 11.654817 0.000000
67613 44.721815 6.934835 10.097859 0.000000
67614 44.857631 7.292263 9.901527 0.000000
67615 45.126508 6.612877 9.308878 0.000000
67616 46.642502 5.543320 7.250588 0.000000
67617 46.136865 6.071732 7.788446 0.000000
67618 46.628737 5.894382 6.943762 0.000000
67619 46.684715 6.301832 6.667071 0.000000
67620 47.213294 5.797977 6.066203 0.000000
67622 48.552177 4.455575 6.089033 0.000000
67623 49.241349 4.469217 5.297312 0.000000
67624 49.555192 5.094034 3.575982 0.000000
67625 49.056897 5.051288 4.295562 0.000000
67626 48.947694 5.385070 3.886461 0.000000
67627 48.366807 5.735222 4.349439 0.000000
67628 48.863268 5.767964 3.637165 0.000000
67629 48.711852 6.117206 3.356821 0.000000
67630 49.266126 5.758869 3.007989 0.000000
67631 49.857106 4.929417 1.897572 0.000000
67632 49.628606 5.447824 1.896659 0.000000
67633 49.551522 5.167703 1.652842 0.000000
67634 49.217489 5.428725 1.386195 0.000000
67635 49.368905 4.850292 1.546914 0.000000
67636 49.095439 4.519239 1.609923 0.000000
72993 43.552701 14.916489 18.247008 0.000000
72994 44.028973 15.252089 18.095421 0.000000
72995 44.179471 14.690936 18.492651 0.000000
72996 44.730074 14.419000 18.547441 0.000000
72997 44.320793 14.100679 18.786693 0.000000
72998 41.715523 13.677768 18.941932 0.000000
72999 42.152334 13.996998 18.811348 0.000000
73000 42.320268 13.468586 19.075255 0.000000
73001 43.697694 12.078891 18.550181 0.000000
73002 43.551784 12.808299 18.947411 0.000000
73003 44.089539 12.459966 18.521873 0.000000
73004 44.525433 12.778286 18.510914 0.000000
73005 44.475879 12.196215 17.888131 0.000000
73006 44.679602 12.053425 17.206905 0.000000
73007 44.328134 11.755114 17.287264 0.000000
73008 43.546278 10.432720 15.729392 0.000000
73009 43.891322 10.764683 15.748568 0.000000
73010 43.769272 10.219900 14.991549 0.000000
73011 43.991349 9.959787 14.213526 0.000000
73012 43.719718 9.622368 14.254619 0.000000
73013 38.616545 10.763773 19.161093 0.000000
73014 38.945989 11.116654 19.110869 0.000000
73015 39.209361 10.454548 19.063384 0.000000
73016 40.550079 9.395905 18.124643 0.000000
73017 40.396828 9.910675 18.584881 0.000000
73018 40.875853 9.673299 18.143819 0.000000
73019 41.199791 10.003442 18.166649 0.000000
73020 41.279629 9.532328 17.574000 0.000000
73021 41.159414 7.194039 16.027999 0.000000
73022 40.946514 7.797028 16.431621 0.000000
73023 41.325512 7.583299 15.939421 0.000000
73024 42.177111 8.084426 15.195186 0.000000
73025 41.821055 8.320892 15.815230 0.000000
73026 42.054143 8.663769 15.727566 0.000000
73027 42.007342 9.219465 16.331172 0.000000
73028 42.335869 9.034839 15.711128 0.000000
73029 42.650630 9.418643 15.741263 0.000000
73030 42.686419 8.790187 15.119393 0.000000
73031 43.329707 7.654239 13.190773 0.000000
73032 43.247117 8.269052 13.768811 0.000000
73033 43.517830 7.983473 13.040100 0.000000
73034 43.761931 8.319073 12.906776 0.000000
73035 43.786708 7.731545 12.312301 0.000000
73036 44.066598 7.471432 11.568979 0.000000
73037 43.872969 7.124008 11.734263 0.000000
73038 44.487809 5.579700 11.093216 0.000000
73039 44.472209 5.887106 10.729774 0.000000
73040 44.960410 5.325044 10.420208 0.000000
73041 45.466965 5.094034 9.743548 0.000000
73042 45.530284 4.835740 10.176391 0.000000
73045 45.219193 4.436475 12.105924 0.000000
73047 46.316729 4.149987 10.937064 0.000000
73048 46.902203 4.040849 10.300583 0.000000
77154 35.957132 12.944722 19.577500 0.000000
77155 34.933928 12.362651 20.118098 0.000000
77156 35.397353 12.156197 20.009430 0.000000
77157 35.158758 11.725100 20.209415 0.000000
77158 35.431306 11.092098 20.178367 0.000000
77159 34.933011 11.258534 20.373786 0.000000
83284 45.625722 16.217964 11.547976 0.000000
83285 46.316729 16.797307 11.919637 0.000000
83286 45.835869 17.131998 11.643859 0.000000
83287 46.122182 17.871411 11.426524 0.000000
83288 45.386210 17.439404 11.322423 0.000000
83289 44.995281 17.591289 10.825657 0.000000
83290 44.686944 16.737281 10.971764 0.000000
83291 43.299424 14.572703 9.386497 0.000000
83295 42.401023 14.617268 8.530855 0.000000
83296 41.961459 14.465383 7.843236 0.000000
83297 42.412035 14.131602 7.911724 0.000000
83298 42.970898 13.017481 6.693553 0.000000
83299 42.450578 13.286689 6.751996 0.000000
83300 42.469849 12.912890 6.216877 0.000000
83301 41.916493 12.762825 5.710066 0.000000
83302 42.450578 12.568195 5.663494 0.000000
83303 45.615628 12.617307 6.287191 0.000000
83304 44.939303 12.589113 6.386727 0.000000
83305 44.974175 12.375383 5.761204 0.000000
83306 43.671999 11.691449 4.296475 0.000000
83307 43.699529 11.962476 4.861729 0.000000
83308 43.036052 11.786036 4.498286 0.000000
83309 42.410200 11.880623 4.669050 0.000000
83310 42.337704 11.514100 4.254469 0.000000
83311 41.707264 11.126658 4.245338 0.000000
83312 42.280808 11.084822 3.939425 0.000000
83313 42.900237 10.025270 3.351342 0.000000
83320 46.016650 16.092455 17.456201 0.000000
83321 47.187599 14.685479 17.465332 0.000000
83322 47.149975 15.318482 17.418760 0.000000
83323 47.708837 14.985610 17.177683 0.000000
83324 48.263111 15.242994 16.956695 0.000000
83325 48.152072 14.686389 16.677265 0.000000
83326 46.222209 12.814665 15.193360 0.000000
83327 46.525958 13.240305 15.885544 0.000000
83328 46.721422 13.092059 14.981504 0.000000
83329 47.904301 13.280322 13.716760 0.000000
83330 47.773074 13.567720 14.624453 0.000000
83331 48.341113 13.736885 14.431774 0.000000
83332 48.719193 14.186171 15.093824 0.000000
83333 48.913740 13.859665 14.177912 0.000000
83334 49.425801 13.980627 13.919484 0.000000
83335 49.076168 13.513151 13.261087 0.000000
83336 48.787101 12.231684 10.746211 0.000000
83337 49.222078 12.710984 11.433830 0.000000
83338 49.214736 12.376293 10.455822 0.000000
83339 49.519403 12.564557 10.203787 0.000000
83340 49.188124 12.117089 9.465030 0.000000
83341 45.280677 8.091702 9.568219 0.000000
83342 45.196252 8.755627 10.258577 0.000000
83343 45.466965 8.481871 9.388324 0.000000
83344 45.948742 8.964809 8.255990 0.000000
83345 45.705559 9.196728 9.056842 0.000000
83346 45.907447 9.545971 8.922606 0.000000
83347 46.028580 10.124404 9.633967 0.000000
83348 46.203855 9.865201 8.753669 0.000000
83349 47.362875 8.118986 4.714708 0.000000
83350 46.975617 8.291789 5.595006 0.000000
83351 47.130704 8.695601 5.381324 0.000000
83352 47.344521 10.071654 6.453388 0.000000
83353 47.024254 9.726049 6.713642 0.000000
83354 47.109597 10.206258 7.385737 0.000000
83355 46.920557 10.417259 8.286125 0.000000
83356 47.294049 10.632807 8.056006 0.000000
83357 47.598716 11.022067 8.691573 0.000000
83358 47.711590 10.843808 7.746440 0.000000
83359 48.518223 11.127568 6.271667 0.000000
83360 48.523729 11.218516 7.121830 0.000000
83361 48.848585 11.485906 6.908148 0.000000
83362 49.133063 11.842424 7.583895 0.000000
83363 48.977059 11.750566 6.653373 0.000000
83364 48.957788 12.004313 6.421427 0.000000
83365 48.751312 11.664165 5.727416 0.000000
83366 47.922654 10.972046 3.508408 0.000000
83367 48.109859 11.414056 4.133931 0.000000
83368 47.702413 11.164857 3.434441 0.000000
83369 47.356451 11.277633 3.347689 0.000000
83370 47.242660 10.875640 2.818963 0.000000
83371 47.316073 9.173991 1.653755 0.000000
83372 47.459230 9.676027 2.007153 0.000000
83373 47.064631 9.373168 1.696674 0.000000
83374 45.799162 9.322237 1.745072 0.000000
83375 46.387389 9.698764 1.798949 0.000000
83376 45.956084 9.826093 1.935925 0.000000
83377 46.116676 10.279017 2.194353 0.000000
83378 45.469718 9.967063 2.071075 0.000000
83379 44.942974 10.046188 2.276538 0.000000
83380 44.818171 9.546880 2.187961 0.000000
83381 43.460934 7.584208 3.515713 0.000000
83382 43.544442 8.268142 3.278288 0.000000
83393 44.603436 4.772076 3.893766 0.000000
83395 44.347405 4.248212 4.863555 0.000000
94082 39.852649 14.529047 6.786696 0.000000
94084 40.748297 14.448103 6.841486 0.000000
94085 41.116283 14.144335 6.773912 0.000000
94087 39.682880 13.457672 18.884402 0.000000
94088 39.231385 13.141171 19.000375 0.000000
94089 39.435108 12.511806 19.111782 0.000000
94090 39.652596 11.927007 19.151961 0.000000
96143 49.668984 14.244378 11.069474 0.000000
96144 49.238596 14.411724 10.992767 0.000000
96145 49.252361 13.876036 10.228442 0.000000
96146 48.857762 13.631384 9.377366 0.000000
96147 48.412691 13.388551 8.470586 0.000000
96148 47.957526 13.142990 7.566545 0.000000
96149 48.487022 13.061136 7.564719 0.000000
96150 48.514553 12.754639 6.772085 0.000000
96151 48.489775 12.442685 6.078988 0.000000
96152 44.727321 10.742855 14.191610 0.000000
96153 44.993446 11.125749 14.170607 0.000000
96154 44.878737 10.496384 13.415413 0.000000
96155 45.064107 10.228995 12.591732 0.000000
96156 45.251312 9.954330 11.740656 0.000000
96157 48.788936 6.447350 1.659234 0.000000
96158 48.573284 6.950296 2.029069 0.000000
96159 48.562272 6.756576 1.518605 0.000000
96160 48.274123 7.073077 1.396240 0.000000
96161 47.996068 7.365931 1.279354 0.000000
96162 47.738202 7.649691 1.208127 0.000000
96163 47.739120 7.055797 1.041930 0.000000
96164 47.383063 6.692911 1.030971 0.000000
96165 46.922392 6.275457 1.291226 0.000000
96166 46.474568 5.849817 1.705806 0.000000
96167 46.937993 5.694295 1.545087 0.000000
96168 46.976535 5.053107 1.873829 0.000000
96169 47.012324 4.400096 2.348679 0.000000
98406 36.383850 10.821980 19.824969 0.000000
98407 36.956477 10.557320 19.629550 0.000000
98408 36.712376 10.152598 19.733652 0.000000
100468 50.644469 15.652263 14.180652 0.000000
100469 50.519665 15.453086 14.492957 0.000000
100470 50.377426 14.890114 14.030891 0.000000
100471 50.206739 14.361702 13.425458 0.000000
100472 45.413740 5.693386 9.117112 0.000000
100473 45.500001 6.006249 8.813025 0.000000
100474 45.979026 5.460557 8.383834 0.000000
100475 46.557159 5.258651 7.618596 0.000000
100476 47.206870 5.124047 6.746517 0.000000
100478 49.859859 4.481040 4.602388 0.000000
100479 50.313189 4.491045 4.026176 0.000000
100480 50.148008 4.758434 3.517539 0.000000
100481 49.945203 5.033099 3.065519 0.000000
100482 49.749739 5.346871 2.696598 0.000000
100483 50.144338 4.853930 2.600715 0.000000
100484 50.159020 4.617463 2.296628 0.000000
103702 43.069088 14.596350 18.456124 0.000000
103703 42.140405 12.357194 19.183009 0.000000
103704 42.558863 12.777376 19.201273 0.000000
103705 42.784610 11.957929 19.008593 0.000000
103706 43.257211 11.749657 18.479867 0.000000
103707 43.623362 11.576854 17.889044 0.000000
103708 43.874804 11.427698 17.242518 0.000000
103709 43.462770 11.084822 17.195946 0.000000
103710 43.317777 10.596428 16.417924 0.000000
103711 43.213163 10.088025 15.713868 0.000000
103712 39.198349 9.562341 18.923668 0.000000
103713 39.480992 9.881571 18.901752 0.000000
103714 39.764552 9.306776 18.550181 0.000000
103715 40.259178 9.062124 18.100900 0.000000
103716 40.641847 8.899326 17.546605 0.000000
103717 42.017437 6.730200 15.047252 0.000000
103718 41.729288 7.350470 15.432611 0.000000
103719 42.173441 7.082172 14.887447 0.000000
103720 42.348716 7.470522 14.742253 0.000000
103721 42.554275 7.810670 14.604364 0.000000
103722 42.769927 8.127172 14.509394 0.000000
103723 42.880966 7.525092 13.994365 0.000000
103724 43.181044 7.323186 13.342360 0.000000
103725 43.461852 7.065801 12.661133 0.000000
103726 43.790378 6.772037 11.939727 0.000000
103727 43.735318 6.441893 12.167107 0.000000
103728 44.059256 5.828899 11.770790 0.000000
103729 44.517174 5.295940 11.460312 0.000000
103731 45.886341 4.140892 12.003649 0.000000
103733 47.208706 3.976275 11.367168 0.000000
109873 46.834296 14.900118 11.012857 0.000000
109874 46.840719 15.633164 11.705042 0.000000
109875 46.235056 15.062916 11.070387 0.000000
109876 45.611957 15.247542 11.041166 0.000000
109877 45.022812 15.521297 10.922453 0.000000
109878 44.445596 15.747759 10.766301 0.000000
109879 44.408889 14.818264 10.296930 0.000000
109880 43.882146 14.347150 9.431243 0.000000
109881 43.403121 13.996998 8.632217 0.000000
109882 42.922261 13.782359 7.925422 0.000000
109883 43.485711 13.547712 7.955557 0.000000
109884 43.539854 13.171184 7.292594 0.000000
109885 43.585738 12.841950 6.652460 0.000000
109886 45.763373 12.168020 4.926564 0.000000
109887 45.058601 12.142555 5.106459 0.000000
109888 45.099896 11.880623 4.440757 0.000000
109889 44.364841 11.648704 4.058137 0.000000
109890 43.609597 11.375858 3.787838 0.000000
109891 42.855271 11.024796 3.643557 0.000000
109892 43.560043 10.971136 3.353168 0.000000
109893 43.560043 10.503660 3.090175 0.000000
109894 43.571055 10.057102 2.961418 0.000000
109895 45.545884 15.100205 18.036978 0.000000
109896 46.046933 15.423073 17.751155 0.000000
109897 46.137783 14.757329 17.998625 0.000000
109898 46.675538 14.411724 17.736544 0.000000
109899 47.089408 14.132511 17.123806 0.000000
109900 46.587442 12.329000 13.473856 0.000000
109901 46.890274 12.867416 14.110337 0.000000
109902 47.032513 12.542729 13.237345 0.000000
109903 47.498690 12.767372 12.978004 0.000000
109904 48.051128 12.858321 12.746971 0.000000
109905 48.644862 13.004748 12.557945 0.000000
109906 48.184191 12.450871 11.856628 0.000000
109907 48.269534 12.084348 10.977244 0.000000
109908 48.353960 11.751476 10.043981 0.000000
109909 45.953331 7.495988 7.846889 0.000000
109910 45.739513 8.192655 8.525376 0.000000
109911 46.030415 7.927085 7.715392 0.000000
109912 46.124935 8.310888 7.603072 0.000000
109913 46.246986 8.680140 7.352863 0.000000
109914 47.668459 8.907511 4.234380 0.000000
109915 47.356451 9.048482 5.138420 0.000000
109916 47.544574 9.414095 4.870861 0.000000
109917 47.552833 9.895214 5.512821 0.000000
109918 47.666624 10.308120 6.177610 0.000000
109919 47.857500 10.674644 6.824136 0.000000
109920 47.966703 10.520031 5.903659 0.000000
109921 48.247510 10.770140 5.632446 0.000000
109922 48.422785 11.036619 5.383150 0.000000
109923 48.509964 11.319469 5.126549 0.000000
109924 48.261275 10.902015 4.477283 0.000000
109925 48.095177 10.754678 3.600638 0.000000
109926 47.753803 10.543677 2.914846 0.000000
109927 46.372707 8.475505 1.411764 0.000000
109928 46.650761 9.071219 1.525911 0.000000
109929 46.019403 8.625570 1.508561 0.000000
109930 45.614710 8.736528 1.658321 0.000000
109931 45.164133 8.823838 1.917662 0.000000
109932 44.682355 8.914787 2.250056 0.000000
109933 44.510751 8.217211 2.362377 0.000000
109934 43.872969 7.542372 3.060953 0.000000
117184 49.357893 15.726841 16.437100 0.000000
119688 39.717751 13.991541 6.613193 0.000000
119692 40.360121 12.418129 5.659842 0.000000
119693 40.757473 12.247146 5.294573 0.000000
119697 41.136472 13.880584 18.824133 0.000000
119698 41.294311 13.323978 19.035075 0.000000
119699 40.274778 13.214839 19.008593 0.000000
119700 40.847405 12.994744 19.119087 0.000000
119701 41.485187 12.722807 19.218623 0.000000
119702 41.705428 11.987942 19.193054 0.000000
119703 41.882539 11.243982 18.862486 0.000000
119704 41.988071 10.663730 18.319148 0.000000
119706 40.422523 7.622407 17.120153 0.000000
119707 40.687730 7.017598 16.716531 0.000000
119708 41.066729 6.797502 16.217939 0.000000
119709 41.453068 6.586502 15.719347 0.000000
119712 41.915575 6.360949 15.256369 0.000000
119713 42.384505 6.140853 14.752298 0.000000
119714 42.841506 5.943495 14.238182 0.000000
119715 43.289330 5.698843 13.669275 0.000000
119716 43.708706 5.483294 13.093977 0.000000
124496 48.678816 15.802329 12.267556 0.000000
124497 48.080494 15.298473 11.679473 0.000000
124498 48.698087 14.545418 10.979983 0.000000
124499 48.110777 14.670927 10.963546 0.000000
124500 47.472995 14.770971 11.003726 0.000000
124501 46.907709 14.303495 10.229355 0.000000
124502 46.412167 13.856937 9.399282 0.000000
124503 45.932224 13.476772 8.548205 0.000000
124504 45.396304 13.144809 7.734569 0.000000
124505 46.051522 13.142081 7.696216 0.000000
124506 46.173572 12.867416 6.895364 0.000000
124507 46.299293 12.653686 6.176697 0.000000
124508 47.461983 12.912890 6.731906 0.000000
124509 46.932487 12.682790 6.083553 0.000000
124510 46.367201 12.419948 5.470815 0.000000
124511 46.436944 12.151650 4.792328 0.000000
124512 46.475486 11.840605 4.151281 0.000000
124513 46.382801 11.464078 3.493797 0.000000
124514 45.355926 12.679152 17.050752 0.000000
124515 45.814762 13.018390 16.916516 0.000000
124516 45.546802 12.599117 16.236202 0.000000
124517 45.758784 12.507259 15.364123 0.000000
124518 45.972602 12.333547 14.486564 0.000000
124519 45.333902 11.444979 14.061026 0.000000
124520 45.716571 11.710549 13.891176 0.000000
124521 46.164395 12.048878 13.693931 0.000000
124522 46.313058 11.728738 12.839202 0.000000
124523 46.443367 11.449526 11.960730 0.000000
124524 46.552570 11.193960 11.050297 0.000000
124525 47.640011 6.878447 4.502852 0.000000
124526 47.181176 7.365022 5.168555 0.000000
124527 47.662953 7.276802 4.309260 0.000000
124528 47.680389 7.646053 4.119320 0.000000
124529 47.767568 8.041680 3.892853 0.000000
124530 48.331018 7.459609 2.535879 0.000000
124531 48.073152 7.938908 3.104786 0.000000
124532 47.853829 8.403656 3.656342 0.000000
124533 47.916231 8.779274 3.392435 0.000000
124534 47.933666 9.116693 3.135833 0.000000
124535 47.940090 9.415914 2.902975 0.000000
124536 47.898795 9.664204 2.696598 0.000000
124537 47.826299 9.250388 2.206224 0.000000
124538 47.567515 8.957533 1.661060 0.000000
124539 47.206870 8.701058 1.365193 0.000000
124540 47.450971 7.950731 1.159729 0.000000
124541 47.130704 8.159004 1.222738 0.000000
124542 46.772812 8.356362 1.299444 0.000000
124543 46.278187 7.943455 1.365193 0.000000
124544 45.660593 7.375936 1.632752 0.000000
124547 45.001705 6.045357 2.537706 0.000000
124549 45.053095 4.743882 3.508408 0.000000
124550 46.006556 5.291393 2.281104 0.000000
124551 45.560567 4.728421 3.131268 0.000000
124552 45.200840 4.207285 4.034395 0.000000
129666 37.507080 12.321724 19.312680 0.000000
129667 38.111826 12.031597 19.211318 0.000000
129668 37.762193 11.673260 19.339162 0.000000
129669 38.035659 11.072999 19.323638 0.000000
129670 38.338491 10.433630 19.249671 0.000000
129671 37.478632 10.294478 19.484356 0.000000
129672 38.065942 10.049826 19.310853 0.000000
129673 38.663346 9.771523 19.109042 0.000000
129674 39.016650 9.183995 18.865225 0.000000
129675 39.339670 8.646489 18.507262 0.000000
129676 39.595701 8.082607 18.118250 0.000000
134019 50.125984 15.770497 12.994441 0.000000
134020 50.083771 15.196611 12.501328 0.000000
134021 50.510489 15.304840 13.431850 0.000000
134022 50.290247 14.989248 12.634651 0.000000
134023 50.042476 14.624544 11.887676 0.000000
134024 49.988333 14.054296 11.200058 0.000000
134025 49.823153 13.513151 10.524310 0.000000
134026 49.657054 13.039309 9.780075 0.000000
134027 44.498821 8.224487 11.330641 0.000000
134028 44.719062 8.617385 11.195492 0.000000
134029 44.750263 7.964374 10.520657 0.000000
134030 45.064107 7.677885 9.732590 0.000000
134031 45.429340 7.385940 8.923519 0.000000
134032 45.611957 6.321841 8.523550 0.000000
134033 45.739513 6.702006 8.327218 0.000000
134034 45.884505 7.104909 8.070616 0.000000
134035 46.269010 6.884813 7.272504 0.000000
134036 46.698480 6.695640 6.422340 0.000000
134037 47.200447 6.544665 5.576743 0.000000
134038 47.914395 4.532881 6.853358 0.000000
134039 47.822628 4.772076 6.344721 0.000000
134040 47.819875 5.015818 5.904572 0.000000
134041 49.156005 4.725692 4.787762 0.000000
134042 48.442057 5.015818 5.052582 0.000000
134043 47.805192 5.371428 5.506429 0.000000
134044 47.789592 5.730675 5.198690 0.000000
134045 47.768485 6.117206 4.943001 0.000000
134046 47.680389 6.481001 4.711056 0.000000
134047 48.153908 6.471906 3.870024 0.000000
134048 48.560436 6.441893 3.052735 0.000000
134049 48.878868 6.379139 2.423559 0.000000
134050 49.524909 5.660644 2.416254 0.000000
134051 49.273467 5.928943 2.092991 0.000000
134052 49.022025 6.187237 1.844608 0.000000
134053 49.001836 5.958956 1.445552 0.000000
134054 48.844914 5.679743 1.238262 0.000000
134055 48.616414 5.341414 1.241914 0.000000
134056 48.300735 4.998538 1.445552 0.000000
134057 48.727452 4.719326 1.520432 0.000000
134058 48.763242 4.122702 1.891180 0.000000
140737 45.036577 15.360318 18.014149 0.000000
140738 45.137521 14.741867 18.295406 0.000000
140739 45.220111 14.082490 18.446992 0.000000
140740 45.246723 13.425840 18.296319 0.000000
140741 42.025696 14.498125 18.450645 0.000000
140742 42.568957 14.319866 18.677112 0.000000
140743 43.203986 14.056114 18.813175 0.000000
140744 42.938779 13.155723 19.093518 0.000000
140745 43.382014 13.483138 18.986677 0.000000
140746 43.853698 13.793273 18.941019 0.000000
140747 44.447431 13.455853 18.825959 0.000000
140748 44.889749 13.096606 18.428729 0.000000
140749 45.188910 12.833765 17.805032 0.000000
140750 45.027400 12.340823 17.147548 0.000000
140751 44.818171 11.942468 16.459016 0.000000
140752 44.686944 11.524104 15.804272 0.000000
140753 44.084033 11.238525 16.514720 0.000000
140754 44.304275 11.118473 15.786922 0.000000
140755 44.517174 10.957494 15.007986 0.000000
140756 44.347405 10.329039 14.205307 0.000000
140757 44.240038 9.693308 13.445548 0.000000
140758 44.229943 9.074857 12.722316 0.000000
140759 38.704642 11.782398 19.162006 0.000000
140760 39.289198 11.518647 19.104476 0.000000
140761 39.850814 11.241254 19.090779 0.000000
140762 39.810436 10.159874 18.927321 0.000000
140763 40.129786 10.538221 18.913623 0.000000
140764 40.485842 10.900196 18.977546 0.000000
140765 41.072235 10.574600 18.700854 0.000000
140766 41.585213 10.294478 18.216873 0.000000
140767 42.020190 10.181702 17.659838 0.000000
140768 40.586786 8.008029 17.010573 0.000000
140769 40.771238 8.361819 16.939345 0.000000
140770 41.033692 8.746532 16.943911 0.000000
140771 41.545753 7.968921 15.867281 0.000000
140772 41.420950 8.558268 16.383223 0.000000
140773 41.347536 9.074857 16.958522 0.000000
140774 41.645780 9.413186 16.984091 0.000000
140775 42.014684 9.724230 16.981351 0.000000
140776 42.371658 10.072563 17.046186 0.000000
140777 42.661642 9.957059 16.398747 0.000000
140778 42.901154 9.744239 15.692865 0.000000
140779 43.171868 9.525053 15.042686 0.000000
140780 42.959885 8.545536 14.452777 0.000000
140781 43.193892 8.910240 14.387029 0.000000
140782 43.460934 9.268577 14.319454 0.000000
140783 43.729812 8.971175 13.542344 0.000000
140784 44.010620 8.691053 12.783498 0.000000
140785 44.264815 8.451858 12.037436 0.000000
140786 44.262979 7.819765 11.414653 0.000000
140787 44.365759 7.209500 10.811959 0.000000
140788 44.571317 6.543756 10.302409 0.000000
140789 44.087704 6.521019 11.211016 0.000000
140790 44.492397 6.216341 10.509699 0.000000
140791 44.943892 5.941676 9.819341 0.000000
140792 45.438517 5.389617 9.395629 0.000000
140793 46.002885 4.906680 9.057755 0.000000
140794 46.636996 4.505596 8.795675 0.000000
140795 44.112481 5.281388 12.471193 0.000000
140796 44.570399 5.029461 11.844757 0.000000
140797 45.048506 4.827555 11.240237 0.000000
140798 45.777138 4.252759 11.542497 0.000000
140799 45.651417 4.434656 11.076779 0.000000
140800 45.563320 4.610187 10.606496 0.000000
140801 46.148795 4.438294 9.949012 0.000000
140802 46.728763 4.297324 9.257740 0.000000
145799 37.310698 12.873782 19.189401 0.000000
145800 36.979419 12.517263 19.382994 0.000000
145801 36.672916 12.148921 19.550105 0.000000
145802 36.398532 11.786036 19.728173 0.000000
145803 35.679078 12.563647 19.793921 0.000000
145804 35.888307 11.961567 19.895284 0.000000
145805 36.125066 11.368582 19.876107 0.000000
145806 35.887389 10.947489 20.010343 0.000000
145814 34.451233 11.440431 20.553681 0.000000
145815 34.677898 10.763773 20.550941 0.000000
145816 34.929340 10.143503 20.483367 0.000000
153194 43.834427 17.113808 10.164520 0.000000
153195 43.956477 16.007873 10.526136 0.000000
153196 43.537101 16.275262 10.188263 0.000000
153197 43.142502 16.514457 9.871392 0.000000
153201 41.562271 14.795527 7.734569 0.000000
153202 41.524647 14.292581 7.256980 0.000000
153203 41.472340 13.843295 6.773912 0.000000
153204 42.415706 13.698686 7.307204 0.000000
153205 41.921999 13.557716 6.756561 0.000000
153206 41.441139 13.407651 6.307281 0.000000
153207 41.403514 12.980192 5.828778 0.000000
153208 41.348454 12.555462 5.364887 0.000000
153209 41.285135 12.115270 5.027926 0.000000
153210 44.813582 12.855592 7.036905 0.000000
153211 44.259309 12.691885 6.554750 0.000000
153212 43.654563 12.540910 6.062551 0.000000
153213 44.340981 12.153469 5.286354 0.000000
153214 43.686682 12.238051 5.456204 0.000000
153215 43.028711 12.394483 5.593180 0.000000
153216 42.468931 12.216223 5.158510 0.000000
153217 41.846750 11.992490 4.857163 0.000000
153218 41.242004 11.670531 4.788675 0.000000
153219 41.186026 11.178499 4.604214 0.000000
153222 42.263373 10.587333 3.752225 0.000000
153231 46.578265 15.708652 17.475377 0.000000
153234 48.324595 15.872359 17.006007 0.000000
153235 48.802702 15.507655 16.680004 0.000000
153236 49.187206 15.188425 16.125709 0.000000
153237 46.313976 13.354900 16.742100 0.000000
153238 46.845308 13.665035 16.551247 0.000000
153239 47.434453 13.937881 16.411532 0.000000
153240 47.240824 13.342168 14.809827 0.000000
153241 47.613399 13.768717 15.512057 0.000000
153242 47.939172 14.198904 16.153104 0.000000
153243 48.472340 14.424457 15.922071 0.000000
153244 48.985318 14.662742 15.666383 0.000000
153245 49.460672 14.845549 15.348599 0.000000
153246 49.706608 14.485392 14.518525 0.000000
153247 49.858024 14.146154 13.654665 0.000000
153248 49.950709 13.775993 12.721402 0.000000
153249 49.233090 13.142081 12.353394 0.000000
153250 49.614841 13.214839 12.073050 0.000000
153251 49.947038 13.419474 11.864847 0.000000
153252 49.827741 13.082964 10.951675 0.000000
153253 49.646042 12.779195 9.970015 0.000000
153254 49.509309 12.592751 9.010271 0.000000
153255 44.954904 9.011193 11.104174 0.000000
153256 45.187993 9.346793 10.988202 0.000000
153257 45.380704 9.645105 10.854878 0.000000
153258 45.568826 8.844757 9.206603 0.000000
153259 45.544967 9.431375 9.960883 0.000000
153260 45.641322 10.022542 10.727034 0.000000
153261 45.930389 10.397250 10.568142 0.000000
153262 46.263504 10.685557 10.344415 0.000000
153263 46.620478 10.899287 10.096945 0.000000
153264 46.817778 7.894343 5.852521 0.000000
153265 46.581936 8.464591 6.448822 0.000000
153266 46.428685 9.044844 7.144660 0.000000
153267 47.026089 9.204004 6.052506 0.000000
153268 46.714998 9.407729 6.952893 0.000000
153269 46.437861 9.613273 7.843236 0.000000
153270 46.547064 10.152598 8.514418 0.000000
153271 46.741611 10.634626 9.170989 0.000000
153272 47.044442 11.073908 9.846736 0.000000
153273 47.529891 11.234887 9.621183 0.000000
153274 47.991480 11.382224 9.368234 0.000000
153275 48.413609 11.535018 9.088803 0.000000
153276 48.114448 11.034800 7.441441 0.000000
153277 48.435633 11.357668 8.106230 0.000000
153278 48.827479 11.711458 8.791109 0.000000
153279 49.141322 11.949744 8.524463 0.000000
153280 49.352387 12.190758 8.261469 0.000000
153281 49.337704 12.450871 8.018565 0.000000
153282 49.104616 12.358103 7.111785 0.000000
153283 48.794442 12.229866 6.176697 0.000000
153284 48.402597 12.090714 5.391369 0.000000
153285 48.453069 11.570488 4.851684 0.000000
153286 48.233745 11.802407 4.748496 0.000000
153287 47.938255 11.946106 4.668136 0.000000
153288 47.430782 11.686902 3.967733 0.000000
153289 46.891191 11.354939 3.366866 0.000000
153290 46.282775 11.074818 2.924891 0.000000
153291 47.821710 9.932503 2.482915 0.000000
153292 47.602387 10.122585 2.405296 0.000000
153293 47.344521 10.286293 2.368769 0.000000
153294 46.765470 9.550518 1.752378 0.000000
153295 46.877426 10.000714 2.054638 0.000000
153296 47.054537 10.446362 2.402556 0.000000
153297 46.712245 10.591880 2.418080 0.000000
153298 46.235974 10.693743 2.514876 0.000000
153299 45.667935 10.795605 2.679247 0.000000
153300 45.028318 10.466371 2.507571 0.000000
153301 44.267568 10.059831 2.597062 0.000000
153302 43.598585 9.555975 2.960504 0.000000
153303 44.151941 8.932067 2.636328 0.000000
153304 43.593997 8.954804 3.081956 0.000000
153336 47.897877 4.632924 1.751464 0.000000
153337 47.440877 4.224565 2.207137 0.000000
