#!ascii label  , from subject fsaverage vox2ras=TkReg 
1178
22 44.451102 23.592990 4.710142 0.000000
382 47.212376 27.729335 5.233390 0.000000
383 50.112219 21.679431 11.150746 0.000000
727 40.115103 22.387011 6.961112 0.000000
729 43.119560 20.270636 7.506276 0.000000
738 47.073808 25.936737 1.228217 0.000000
877 41.796278 29.273643 7.032339 0.000000
891 43.062665 31.626485 4.788675 0.000000
1110 49.733221 20.479818 16.255379 0.000000
1111 49.842424 17.282973 13.371581 0.000000
1852 48.695334 24.933574 4.073661 0.000000
1853 48.360384 22.169644 6.875274 0.000000
1854 49.236760 24.854448 7.702608 0.000000
1855 47.325250 23.597538 12.442885 0.000000
1871 43.504983 32.102146 0.674834 0.000000
1872 47.702413 28.826176 2.287496 0.000000
2163 46.385554 19.076480 9.999236 0.000000
2647 42.189959 23.090954 5.853434 0.000000
2648 41.717358 21.372024 7.477054 0.000000
2649 43.807814 22.198748 6.827789 0.000000
2658 45.969849 24.583421 3.034471 0.000000
2660 42.568040 24.411528 4.040787 0.000000
2811 39.589277 30.779753 6.665244 0.000000
3030 47.965785 19.619444 17.069016 0.000000
3031 50.089277 17.928708 16.555813 0.000000
3032 47.828134 16.958286 17.007833 0.000000
3653 46.398402 32.304052 -1.761509 0.000000
4072 48.691663 26.527903 4.506505 0.000000
4073 49.273467 24.940849 5.665321 0.000000
4074 48.307159 26.325088 6.350200 0.000000
4075 43.718800 25.840332 10.838441 0.000000
4076 45.991873 24.933574 10.343502 0.000000
4077 45.236629 24.308756 12.612735 0.000000
4078 46.764553 23.276489 15.102956 0.000000
4113 45.276089 29.449174 4.708316 0.000000
4114 45.778973 30.564205 3.736701 0.000000
4115 47.596881 28.134057 3.734874 0.000000
4116 48.590719 26.794383 2.959591 0.000000
4770 49.821317 21.763103 8.478804 0.000000
4771 47.753803 20.277912 8.070616 0.000000
4772 49.112875 20.151493 10.227529 0.000000
5920 41.077741 19.258378 8.113535 0.000000
5921 42.358810 17.962359 8.187502 0.000000
5936 47.640011 27.543800 -0.285823 0.000000
5938 45.022812 26.447869 0.393577 0.000000
6187 44.685108 28.576067 6.117341 0.000000
6188 46.019403 27.434662 7.118178 0.000000
6210 37.977846 33.034370 3.818886 0.000000
6211 40.704248 32.587812 3.354082 0.000000
6213 42.435895 30.388674 5.784946 0.000000
6606 50.060830 21.347468 14.061026 0.000000
6607 50.047982 19.802250 12.901297 0.000000
6608 50.721553 18.901859 14.999767 0.000000
6609 50.789461 16.233425 14.524004 0.000000
8182 46.949005 23.974065 4.009739 0.000000
8183 46.376377 23.092773 5.817820 0.000000
8184 48.513635 23.712133 5.291833 0.000000
8185 49.740562 23.468391 7.128223 0.000000
8186 49.792869 23.317416 9.261393 0.000000
8187 47.212376 25.855793 8.292517 0.000000
8188 48.232827 24.206894 9.868652 0.000000
8189 49.224831 22.873587 12.115056 0.000000
8190 48.767830 22.417024 14.821699 0.000000
8191 47.773074 21.806759 16.991396 0.000000
8232 43.823415 33.333591 -0.811810 0.000000
8233 46.190090 31.396385 -0.194506 0.000000
8235 45.992791 30.820680 1.639144 0.000000
8236 47.818957 29.221803 0.487634 0.000000
8237 48.242004 27.157268 1.320447 0.000000
8238 48.025434 25.301006 2.639068 0.000000
9051 45.801915 21.165571 7.257893 0.000000
9052 44.882408 19.293847 8.115362 0.000000
9053 43.498559 17.312986 9.739895 0.000000
9054 47.985056 18.357986 12.217331 0.000000
10327 43.261799 23.344701 5.234303 0.000000
10328 42.976404 22.643486 6.351113 0.000000
10329 43.997772 22.990001 5.815081 0.000000
10338 45.134768 24.090480 3.806102 0.000000
10339 44.262979 24.576145 3.480099 0.000000
10340 43.485711 23.952238 4.320218 0.000000
10341 42.304668 23.724866 4.907388 0.000000
10710 46.757211 19.008269 17.004180 0.000000
10711 47.989644 18.346163 17.186815 0.000000
10712 46.665444 17.718617 17.017878 0.000000
11305 40.935502 16.280719 7.756485 0.000000
11752 48.126377 27.180915 4.871774 0.000000
11753 48.565942 26.427860 5.461683 0.000000
11754 47.780415 27.089057 5.801383 0.000000
11755 43.165444 25.208238 11.842018 0.000000
11756 44.415313 25.025432 11.588156 0.000000
11793 46.284610 28.464200 4.860816 0.000000
11794 46.519534 28.822538 4.201505 0.000000
11795 47.445465 27.944883 4.444409 0.000000
11796 48.230992 27.334618 4.003347 0.000000
12450 50.061747 21.744004 9.717066 0.000000
12451 49.636865 20.814509 9.246782 0.000000
12452 49.965392 20.812690 10.592798 0.000000
13702 39.037756 22.023217 7.551021 0.000000
13704 39.887520 21.481163 7.747353 0.000000
13705 42.403776 20.812690 7.541890 0.000000
13706 41.362219 20.333391 7.814928 0.000000
13707 42.062403 19.763143 7.772009 0.000000
13708 41.709099 18.592633 8.024044 0.000000
13709 42.746986 19.137416 7.761051 0.000000
13733 47.506949 26.668874 0.451107 0.000000
13734 46.661773 26.788926 -0.144281 0.000000
13735 46.101076 26.133186 0.712274 0.000000
13743 40.094914 23.160984 6.205919 0.000000
13745 39.085475 22.814470 6.819570 0.000000
14152 43.294836 28.986246 6.485349 0.000000
14153 44.114317 28.476933 7.131875 0.000000
14154 42.694678 28.752508 7.536411 0.000000
14193 40.709754 30.013965 6.848792 0.000000
14194 41.034610 30.600584 6.303628 0.000000
14195 42.057814 29.759309 6.278059 0.000000
14196 43.540772 29.424618 5.831518 0.000000
14850 49.997510 20.863621 15.249976 0.000000
14851 50.427898 20.159679 14.660067 0.000000
14852 50.376509 19.615806 15.733045 0.000000
14853 50.014946 16.539013 16.349436 0.000000
14854 50.649057 16.999213 15.630769 0.000000
14855 50.452675 15.774135 15.209797 0.000000
17977 48.013504 24.344226 3.906551 0.000000
17978 47.760226 23.871293 4.606954 0.000000
17979 48.621920 24.276015 4.532987 0.000000
17980 49.398271 24.979957 6.680768 0.000000
17981 49.570793 24.285110 6.434212 0.000000
17982 49.755245 24.185066 7.424090 0.000000
17983 49.949791 23.387446 8.110796 0.000000
17984 49.581805 24.083204 8.437712 0.000000
17985 45.381621 27.170910 8.070616 0.000000
17986 46.667279 26.727081 7.618596 0.000000
17987 46.019403 26.285071 8.638609 0.000000
17988 46.627819 24.217808 11.277677 0.000000
17989 47.122445 24.516119 10.097859 0.000000
17990 47.691401 23.830366 11.121525 0.000000
17991 48.664133 23.519322 10.931585 0.000000
17992 48.353042 23.230105 12.352481 0.000000
17993 49.036708 22.625297 13.504904 0.000000
17994 48.088753 22.969992 13.649185 0.000000
17995 46.369954 23.126424 16.265424 0.000000
17996 47.386734 22.674409 16.321127 0.000000
18095 43.652728 32.635106 -0.109581 0.000000
18096 45.037494 32.322242 -0.528727 0.000000
18097 44.873231 31.786555 0.283997 0.000000
18098 41.944941 32.178543 4.095578 0.000000
18099 42.034872 32.319514 3.072825 0.000000
18100 43.221422 31.964814 3.814320 0.000000
18101 46.917804 29.751124 3.007076 0.000000
18102 45.921212 30.783391 2.724906 0.000000
18103 47.062796 29.942116 2.079293 0.000000
18104 47.137127 30.082177 1.073891 0.000000
18105 47.790510 29.057186 1.379803 0.000000
18106 48.080494 28.182259 0.827334 0.000000
18107 48.187861 27.942155 1.689369 0.000000
18108 48.663215 25.789400 3.377824 0.000000
18109 48.450316 25.924004 2.693858 0.000000
18110 48.333771 25.060902 3.325773 0.000000
18111 47.598716 24.467007 3.332166 0.000000
20070 47.422523 22.597103 6.310933 0.000000
20071 46.024909 22.189653 6.828702 0.000000
20072 47.116939 21.632137 7.091696 0.000000
20073 47.057290 19.655823 8.940869 0.000000
20074 46.233221 19.763143 7.998476 0.000000
20075 45.631228 19.191076 9.031273 0.000000
20076 44.218931 18.505323 9.060495 0.000000
20077 44.952151 18.341615 9.990104 0.000000
20078 49.975486 18.583538 13.356970 0.000000
20079 49.231254 19.047377 12.466627 0.000000
20080 48.804537 17.759544 12.869336 0.000000
23197 41.101600 22.738983 6.419601 0.000000
23198 40.954773 21.917716 7.204929 0.000000
23199 41.948611 22.291515 6.783043 0.000000
23200 42.770845 21.808578 7.138267 0.000000
23201 43.509571 21.239239 7.347384 0.000000
23216 46.636079 25.296459 2.152347 0.000000
23223 41.208050 23.470210 5.525605 0.000000
23886 49.028449 20.116933 16.933866 0.000000
23887 50.033299 19.211084 16.586861 0.000000
23888 49.199136 18.790901 17.050752 0.000000
23889 49.098192 17.412120 16.865378 0.000000
25762 48.865103 25.843060 4.225248 0.000000
25763 49.077085 24.952673 4.813331 0.000000
25764 49.015601 25.724827 5.112851 0.000000
25765 49.006425 25.688447 6.008673 0.000000
25766 48.795360 25.618417 6.971157 0.000000
25767 44.245544 26.310536 9.977320 0.000000
25768 45.412822 25.810319 9.611138 0.000000
25769 44.885161 25.435610 10.566316 0.000000
25770 45.632146 24.678008 11.449354 0.000000
25771 46.432355 24.012264 12.513199 0.000000
25772 47.130704 23.391994 13.707629 0.000000
25773 46.114841 23.804901 13.859215 0.000000
25774 45.626640 23.540240 15.053644 0.000000
25775 45.225617 23.388356 16.084616 0.000000
25834 42.199136 32.484131 1.055627 0.000000
25835 44.195072 30.677891 4.897343 0.000000
25836 44.441008 31.254505 4.340308 0.000000
25837 45.566073 30.043978 4.302868 0.000000
25838 46.695727 29.309113 3.650863 0.000000
25839 47.665706 28.464200 3.119396 0.000000
25840 48.241086 27.722969 2.550490 0.000000
25841 48.259440 27.451032 3.303857 0.000000
25842 48.608155 26.645227 3.675518 0.000000
27018 49.264290 21.844957 7.558327 0.000000
27019 48.140143 21.169209 7.490752 0.000000
27020 49.011013 20.896363 8.211245 0.000000
27021 48.539330 20.115114 8.948175 0.000000
27022 47.837311 19.636724 10.081422 0.000000
27023 49.715785 15.989683 12.879381 0.000000
27024 48.723782 16.454431 12.663873 0.000000
29171 39.352518 19.391163 8.618520 0.000000
29172 40.625329 20.922738 7.822233 0.000000
29173 40.379393 19.851363 8.216724 0.000000
29174 40.073808 18.738151 8.429493 0.000000
29175 40.716178 18.073317 8.194808 0.000000
29176 41.385161 17.374831 8.024958 0.000000
29177 41.875197 16.814587 8.336349 0.000000
29212 47.120609 27.641115 -0.977094 0.000000
29213 45.803750 27.071776 -0.702229 0.000000
29797 46.042345 28.128600 5.677192 0.000000
29798 46.690221 27.566537 6.203179 0.000000
29799 45.419246 28.003091 6.708163 0.000000
29800 44.796147 27.861211 7.623162 0.000000
29801 44.255638 27.606554 8.609388 0.000000
29804 43.653645 27.206380 9.538084 0.000000
29805 43.103960 26.788926 10.320673 0.000000
29852 39.367201 32.694222 3.599725 0.000000
29853 40.507867 32.258578 4.350353 0.000000
29854 41.732041 31.772912 5.119244 0.000000
29857 42.796540 31.076246 5.353929 0.000000
29858 43.831674 30.012146 5.240695 0.000000
29859 44.998952 28.942590 5.371279 0.000000
30774 50.138832 21.673974 12.615475 0.000000
30775 50.194810 20.803595 12.089487 0.000000
30776 50.308601 20.612603 13.454680 0.000000
30777 50.486629 19.402986 14.086595 0.000000
30778 50.597667 18.057855 14.150517 0.000000
30779 50.640798 18.403460 15.844452 0.000000
30780 50.831674 17.519439 14.918495 0.000000
30781 50.627951 16.766384 13.849170 0.000000
34852 45.722077 23.783073 4.303781 0.000000
34853 45.392633 23.373804 5.237956 0.000000
34854 46.638832 23.613909 4.857163 0.000000
34855 47.505114 23.356524 5.420590 0.000000
34856 48.399844 23.018195 6.117341 0.000000
34857 49.125722 24.290567 5.403240 0.000000
34858 49.190877 23.610271 6.196787 0.000000
34859 49.245019 22.733526 6.836007 0.000000
34860 49.865365 22.661676 7.764704 0.000000
34861 50.023205 22.567090 8.809373 0.000000
34862 49.956215 22.510701 10.131646 0.000000
34863 47.248166 26.909888 6.719121 0.000000
34864 47.810698 26.248691 7.262459 0.000000
34865 48.331018 25.374675 7.932727 0.000000
34866 46.538805 25.345571 9.280569 0.000000
34867 47.732696 24.987233 8.983789 0.000000
34868 48.769665 24.574326 8.706184 0.000000
34869 49.151417 23.881298 9.572785 0.000000
34870 49.431307 23.121876 10.563576 0.000000
34871 49.825906 22.395197 11.680386 0.000000
34872 49.764422 22.266050 13.236432 0.000000
34873 49.582723 21.915897 14.521265 0.000000
34874 49.300997 21.581206 15.627117 0.000000
34875 47.775827 22.818108 15.005246 0.000000
34876 48.381490 22.133264 16.017954 0.000000
34877 48.775171 21.227416 16.593253 0.000000
34878 47.918984 20.778130 17.104629 0.000000
34997 45.221946 32.978891 -1.274788 0.000000
34998 46.402072 31.869318 -0.975268 0.000000
34999 47.137127 30.707904 -0.716840 0.000000
35003 44.597930 31.542812 3.366866 0.000000
35005 44.803488 31.364553 1.185298 0.000000
35006 46.112088 30.959831 0.657484 0.000000
35007 47.169246 30.349566 0.152500 0.000000
35008 47.729026 29.494649 -0.390838 0.000000
35009 47.991480 28.337782 -0.031048 0.000000
35010 48.030022 27.344622 0.546990 0.000000
35011 47.898795 26.475153 1.135986 0.000000
35012 48.454904 26.880784 2.156000 0.000000
35013 48.260358 26.269609 1.973365 0.000000
35014 47.626246 25.619326 1.945057 0.000000
35015 47.188517 24.861724 2.749562 0.000000
35016 46.480074 24.184157 3.482839 0.000000
37395 45.035659 22.687142 6.336502 0.000000
37396 44.800735 21.746733 7.156531 0.000000
37397 44.414395 20.736293 7.346471 0.000000
37398 46.750787 20.632612 7.454225 0.000000
37399 45.370609 20.148765 7.411306 0.000000
37400 44.029891 19.683108 7.572937 0.000000
37401 43.563713 18.705410 8.242293 0.000000
37402 42.966309 17.650405 8.887905 0.000000
37404 49.613006 20.055088 11.517841 0.000000
37405 48.510882 19.447551 11.299593 0.000000
37406 47.135292 18.819096 11.110567 0.000000
37407 47.562009 17.012855 12.429187 0.000000
37409 45.691794 18.086959 10.933411 0.000000
37422 46.577348 16.363482 17.269913 0.000000
37423 47.749214 15.611336 17.177683 0.000000
41047 43.831674 23.469300 4.949394 0.000000
41048 43.630704 23.150070 5.512821 0.000000
41049 44.204248 23.290131 5.230651 0.000000
41058 44.775040 23.858560 4.243511 0.000000
41059 44.281333 24.054100 4.028916 0.000000
41060 43.947300 23.759426 4.470891 0.000000
41061 43.331543 23.647560 4.737538 0.000000
41431 46.724175 18.395275 16.996875 0.000000
42472 47.691401 27.463765 5.054408 0.000000
42473 47.960279 27.113613 5.329273 0.000000
42474 47.497772 27.427386 5.527432 0.000000
42513 46.761800 28.085854 5.017881 0.000000
42514 46.871002 28.237738 4.601475 0.000000
42515 47.318826 27.847568 4.798720 0.000000
42516 47.830887 27.522882 4.623391 0.000000
43170 50.085607 21.708534 10.410164 0.000000
43171 50.075512 21.323821 10.172739 0.000000
43172 50.117725 21.260157 10.878621 0.000000
44422 39.601207 22.212390 7.255153 0.000000
44423 39.489251 21.774017 7.658776 0.000000
44424 40.064631 21.986837 7.374779 0.000000
44425 42.754327 20.544391 7.534584 0.000000
44426 42.213818 20.297011 7.654210 0.000000
44427 42.561616 20.025075 7.635946 0.000000
44428 42.430389 19.465740 7.757398 0.000000
44429 42.935108 19.724035 7.614943 0.000000
44453 47.321579 26.241415 0.789894 0.000000
44454 46.890274 26.315084 0.490373 0.000000
44455 46.614054 26.003130 0.936915 0.000000
44463 40.068302 22.770815 6.595843 0.000000
44464 39.583771 22.996367 6.511831 0.000000
44465 39.593865 22.597103 6.883492 0.000000
44466 39.076299 22.408839 7.192145 0.000000
44872 42.525827 29.125397 6.753822 0.000000
44873 42.964474 28.848004 6.993073 0.000000
44874 42.237678 28.958961 7.218627 0.000000
44913 41.227321 29.634709 6.912714 0.000000
44914 41.338359 29.895732 6.541053 0.000000
44915 41.920163 29.485554 6.645154 0.000000
44916 42.669901 29.311842 6.343808 0.000000
45570 49.886472 20.649892 15.768658 0.000000
45571 50.182880 20.230619 15.518449 0.000000
45572 50.092030 20.019618 16.002430 0.000000
45574 50.287494 16.149753 15.844452 0.000000
48697 48.409020 24.613434 3.968647 0.000000
48698 48.321842 24.326946 4.245338 0.000000
48699 48.678816 24.607977 4.290083 0.000000
48700 49.355140 24.932664 7.196710 0.000000
48701 49.582723 24.612525 7.052429 0.000000
48702 49.549686 24.521576 7.577503 0.000000
48703 49.708444 24.119583 7.933640 0.000000
48704 49.451495 24.453365 8.045047 0.000000
48705 45.121920 26.952634 8.521723 0.000000
48706 45.670688 26.731628 8.336349 0.000000
48707 45.430258 26.487886 8.785630 0.000000
48708 46.957264 23.880388 11.814622 0.000000
48709 47.141716 23.996802 11.179968 0.000000
48710 47.477584 23.685758 11.780835 0.000000
48711 48.030022 23.532055 11.701389 0.000000
48712 47.848323 23.383808 12.409098 0.000000
48713 48.253934 23.081859 13.040100 0.000000
48714 47.726273 23.277399 13.061103 0.000000
48715 46.111170 23.014557 16.745753 0.000000
48813 42.892895 32.535972 0.451107 0.000000
48814 42.989251 32.794266 0.077620 0.000000
48815 43.604091 32.343160 0.260254 0.000000
48816 44.268485 32.194005 0.073054 0.000000
48817 44.224437 31.925706 0.494939 0.000000
48818 42.496461 31.920249 4.486415 0.000000
48819 42.594652 32.095780 3.960428 0.000000
48820 43.135161 31.855676 4.307433 0.000000
48821 47.315156 29.280919 2.635415 0.000000
48822 46.973782 29.863900 2.555969 0.000000
48823 47.396828 29.429166 2.207137 0.000000
48824 47.477584 29.487373 1.706719 0.000000
48825 47.753803 28.958051 1.839129 0.000000
48826 47.990562 28.517860 1.529564 0.000000
48827 48.003409 28.391441 1.956015 0.000000
48828 48.693499 25.345571 3.726656 0.000000
48829 48.531988 25.415601 3.341297 0.000000
48830 48.501705 24.986324 3.693782 0.000000
48831 48.198874 24.662547 3.642644 0.000000
50790 47.876771 22.323347 6.564795 0.000000
50791 47.267437 22.135083 6.745603 0.000000
50792 47.755638 21.873151 6.922759 0.000000
50793 46.708575 19.407533 9.463204 0.000000
50794 46.308470 19.433908 8.994747 0.000000
50795 45.997379 19.141054 9.536258 0.000000
50796 45.315549 18.826371 9.545389 0.000000
50797 45.724830 18.767255 10.045808 0.000000
50798 49.913084 17.944169 13.423632 0.000000
50799 49.489120 18.206102 13.084845 0.000000
50800 49.330363 17.539448 13.160638 0.000000
54022 41.602649 22.944526 6.127386 0.000000
54023 41.534741 22.511611 6.584885 0.000000
54024 42.058732 22.707150 6.351113 0.000000
54025 43.397615 22.432486 6.626891 0.000000
54026 42.885554 22.249679 6.798567 0.000000
54027 43.293000 22.016850 6.987594 0.000000
54028 43.134243 21.530275 7.259719 0.000000
54029 43.677505 21.758556 7.151965 0.000000
54053 46.382801 24.946306 2.596149 0.000000
54054 45.873493 25.230976 2.392511 0.000000
54055 45.544049 24.898104 2.829921 0.000000
54056 43.436157 24.544313 3.776880 0.000000
54057 43.837180 24.834439 3.375998 0.000000
54063 42.241349 23.403817 5.369453 0.000000
54064 41.760489 23.593900 5.213300 0.000000
54065 41.679733 23.249204 5.667147 0.000000
54066 41.117201 23.114600 5.996802 0.000000
55170 48.565025 19.900475 17.065363 0.000000
55171 49.169770 19.461193 17.017878 0.000000
55172 48.633850 19.230183 17.142982 0.000000
55173 47.940090 17.639491 17.072668 0.000000
55174 48.551259 17.864135 17.045273 0.000000
55175 48.464081 17.186567 16.946650 0.000000
55176 48.963294 16.763656 16.811501 0.000000
55177 48.363137 16.529008 16.917429 0.000000
57038 45.914789 32.956154 -1.899398 0.000000
57039 45.905612 33.028913 -2.426299 0.000000
58297 48.821973 26.179570 4.349439 0.000000
58298 48.971553 25.771211 4.648960 0.000000
58299 48.850420 26.137734 4.806026 0.000000
58300 48.458575 26.363286 5.933793 0.000000
58301 48.790772 26.036781 5.784033 0.000000
58302 48.699005 26.008587 6.210484 0.000000
58303 48.936682 25.662072 6.506352 0.000000
58304 48.578790 25.976755 6.678029 0.000000
58305 43.986760 26.086802 10.400119 0.000000
58306 44.555717 25.881259 10.253098 0.000000
58307 44.309781 25.636607 10.678636 0.000000
58308 44.798900 24.642538 12.077616 0.000000
58309 45.057683 24.904470 11.514189 0.000000
58310 45.444941 24.544313 12.017347 0.000000
58311 46.034086 24.334222 11.963470 0.000000
58312 45.900106 24.179609 12.556118 0.000000
58313 46.289199 23.891302 13.143288 0.000000
58314 45.683535 24.036820 13.197165 0.000000
58316 45.249477 23.773978 14.435427 0.000000
58317 44.975093 23.602085 14.949543 0.000000
58318 45.418328 23.410184 15.555889 0.000000
58319 44.795229 23.545697 15.512970 0.000000
58418 44.739251 30.074901 4.807852 0.000000
58419 44.952151 30.364118 4.631610 0.000000
58420 45.441270 29.788413 4.536640 0.000000
58421 47.105009 28.496942 3.984170 0.000000
58422 46.606713 29.052638 3.910204 0.000000
58423 47.153645 28.665197 3.678258 0.000000
58424 47.188517 28.887112 3.372345 0.000000
58425 47.640929 28.257747 3.435354 0.000000
58426 48.019010 27.917599 3.212540 0.000000
58427 47.987809 27.782085 3.497450 0.000000
58428 48.483352 26.979009 4.257209 0.000000
58429 48.453986 27.014479 3.835323 0.000000
58430 48.652203 26.611576 4.091012 0.000000
58431 48.745806 26.276885 3.943078 0.000000
60390 49.601994 21.801302 7.994823 0.000000
60391 49.144993 21.359291 7.894374 0.000000
60392 49.495544 21.362020 8.299822 0.000000
60393 49.416624 20.473452 9.686018 0.000000
60394 49.145911 20.481637 9.056842 0.000000
60395 48.858680 20.168774 9.538997 0.000000
60396 48.134637 19.874100 9.481467 0.000000
60397 48.536577 19.866824 10.096032 0.000000
64153 38.982696 19.677651 8.684268 0.000000
64154 39.476404 19.905932 8.454149 0.000000
64155 41.308076 21.635775 7.323641 0.000000
64156 40.815287 21.427503 7.539150 0.000000
64157 41.180520 21.156476 7.623162 0.000000
64158 41.219980 19.798613 7.958296 0.000000
64159 40.863006 20.090558 8.033176 0.000000
64160 40.747379 19.550323 8.192068 0.000000
64161 40.277531 19.305671 8.371050 0.000000
64162 40.581280 18.978256 8.277906 0.000000
64163 40.383063 18.390727 8.288864 0.000000
64164 40.898795 18.664483 8.194808 0.000000
64165 42.042214 18.257033 8.036829 0.000000
64166 41.572366 17.972364 8.051440 0.000000
64167 41.880704 17.660410 8.126320 0.000000
64168 41.639356 17.067424 8.164673 0.000000
64169 42.117463 17.393021 8.338176 0.000000
64238 47.729026 28.044018 -0.557948 0.000000
64240 47.381228 27.583817 -0.631002 0.000000
64241 45.899188 26.564283 0.073967 0.000000
64242 46.217620 26.892608 -0.445628 0.000000
64243 45.382539 26.726172 -0.170763 0.000000
64245 44.493315 26.645227 0.121452 0.000000
65497 45.386210 28.315044 5.920096 0.000000
65498 45.740431 28.068574 6.180350 0.000000
65499 45.066860 28.287760 6.415948 0.000000
65501 44.475879 28.206816 7.440527 0.000000
65503 44.525433 27.744796 8.114449 0.000000
65511 43.364579 27.640205 9.326228 0.000000
65513 43.346225 26.954453 9.951751 0.000000
65611 38.822104 32.993443 3.291073 0.000000
65612 38.667017 32.843378 3.723916 0.000000
65614 39.774647 32.290410 4.438930 0.000000
65615 40.411511 32.036663 4.813331 0.000000
65616 41.140142 32.026659 4.733885 0.000000
65621 41.735711 30.490536 6.080814 0.000000
65623 41.950447 30.812495 5.856174 0.000000
65624 42.136734 31.166285 5.581309 0.000000
65625 42.617594 30.737917 5.602312 0.000000
65626 43.303095 30.587851 5.320141 0.000000
65627 43.129655 30.238609 5.491818 0.000000
65628 44.120740 28.946228 5.894527 0.000000
65629 44.257473 29.195427 5.576743 0.000000
65630 44.852125 28.721585 5.727416 0.000000
65631 45.538543 28.475114 5.515560 0.000000
67590 50.098454 21.520271 13.346012 0.000000
67591 50.246199 21.160114 13.040100 0.000000
67592 50.239776 20.996406 13.765158 0.000000
67593 50.584820 19.550323 14.886534 0.000000
67594 50.507736 19.792246 14.347762 0.000000
67595 50.627033 19.157425 14.534963 0.000000
67596 50.550866 18.719052 14.183391 0.000000
67597 50.717882 18.476219 14.601624 0.000000
67598 50.085607 18.580810 16.609690 0.000000
67599 50.379262 18.817277 16.249900 0.000000
67600 50.416886 18.162446 16.246247 0.000000
67601 50.805979 16.604496 15.104782 0.000000
67602 50.811485 17.290249 15.229887 0.000000
67603 50.828921 16.848238 14.706639 0.000000
67604 50.791296 17.108351 14.372418 0.000000
67605 50.728895 16.492629 14.154170 0.000000
67606 50.489382 16.137929 13.598048 0.000000
67607 50.631621 15.894187 13.859215 0.000000
76972 46.347930 23.888573 4.137583 0.000000
76973 46.204773 23.711224 4.594170 0.000000
76974 46.782906 23.793987 4.426146 0.000000
76975 48.155743 23.798534 4.912867 0.000000
76976 47.668459 23.646650 4.986834 0.000000
76977 48.060305 23.508408 5.342058 0.000000
76978 47.985974 23.167351 5.785859 0.000000
76979 48.454904 23.399270 5.741114 0.000000
76980 49.203724 24.959949 5.245261 0.000000
76981 49.108286 24.598882 5.058974 0.000000
76982 49.276220 24.647085 5.490905 0.000000
76983 49.690090 23.874022 6.788522 0.000000
76984 49.424883 23.938595 6.299975 0.000000
76985 49.493708 23.532055 6.650633 0.000000
76986 49.199136 23.179174 6.510918 0.000000
76987 49.513897 23.104596 6.969331 0.000000
76988 49.607500 22.685323 7.296246 0.000000
76989 49.802964 23.063669 7.451485 0.000000
76990 49.906661 23.351067 8.646828 0.000000
76991 50.021370 23.001824 8.459628 0.000000
76992 49.965392 22.957259 9.033100 0.000000
76993 50.006687 22.553447 9.441288 0.000000
76994 49.885554 22.923608 9.666841 0.000000
76995 46.364448 27.481045 6.705424 0.000000
76996 46.962770 27.260040 6.458867 0.000000
76997 46.661773 27.192738 6.881666 0.000000
76998 46.954511 26.325088 7.942772 0.000000
76999 47.250001 26.493343 7.437788 0.000000
77000 47.530808 26.101354 7.765617 0.000000
77001 48.061223 25.822142 7.590288 0.000000
77002 47.780415 25.619326 8.106230 0.000000
77003 45.690877 25.381950 9.978233 0.000000
77004 45.927636 25.565667 9.443114 0.000000
77005 46.233221 25.068178 9.823907 0.000000
77006 47.691401 24.368782 9.982799 0.000000
77007 47.415182 24.746219 9.556348 0.000000
77008 47.975879 24.575236 9.416632 0.000000
77009 48.281464 24.776232 8.843160 0.000000
77010 48.495282 24.396067 9.282396 0.000000
77011 48.969718 24.235997 9.129896 0.000000
77012 48.745806 24.043186 9.728024 0.000000
77013 48.920164 23.180083 11.532452 0.000000
77014 49.071579 23.361981 10.762648 0.000000
77015 49.291821 23.013647 11.311465 0.000000
77016 49.619429 22.754444 11.106001 0.000000
77017 49.570793 22.658948 11.915985 0.000000
77018 49.795622 22.345175 12.458409 0.000000
77019 49.530415 22.587098 12.679397 0.000000
77020 48.951364 22.499788 14.168780 0.000000
77021 49.320268 22.320619 14.035457 0.000000
77022 49.231254 22.162368 14.685636 0.000000
77023 49.477190 21.729452 15.118480 0.000000
77024 49.042214 22.043225 15.231713 0.000000
77025 46.971029 23.350157 14.403466 0.000000
77026 47.458312 23.097320 14.362373 0.000000
77027 47.267437 23.034566 15.063689 0.000000
77028 47.606975 22.284239 16.709226 0.000000
77029 47.891453 22.413386 16.206981 0.000000
77030 48.145649 22.015031 16.585947 0.000000
77031 48.609073 21.707625 16.337565 0.000000
77032 48.309912 21.554831 16.827938 0.000000
77033 48.385161 21.004592 16.937519 0.000000
77321 43.156267 33.517308 -0.516855 0.000000
77322 42.594652 34.037534 -0.595388 0.000000
77323 43.214081 33.878374 -0.831900 0.000000
77327 44.530940 33.173522 -1.094894 0.000000
77328 45.649581 31.852947 -0.336961 0.000000
77329 45.759702 32.107603 -0.739670 0.000000
77330 46.275434 31.623757 -0.571646 0.000000
77331 46.761800 31.335449 -0.850163 0.000000
77332 46.713163 31.128086 -0.435583 0.000000
77341 45.145780 30.944370 4.112015 0.000000
77342 44.519927 31.508252 3.892853 0.000000
77343 45.206346 31.126267 3.607944 0.000000
77344 45.955166 30.837960 2.178829 0.000000
77345 45.309125 31.150824 2.496613 0.000000
77346 45.345832 31.125358 1.950536 0.000000
77348 45.397222 31.109897 1.419070 0.000000
77349 45.444941 31.169013 0.900388 0.000000
77350 46.048769 30.866154 1.152423 0.000000
77351 47.587704 29.653809 0.790807 0.000000
77352 47.180258 30.205867 0.669355 0.000000
77353 47.534479 29.796598 0.358877 0.000000
77354 47.522549 29.954849 -0.100449 0.000000
77355 47.768485 29.352769 0.054790 0.000000
77356 47.916231 28.868922 -0.247470 0.000000
77357 47.956608 28.781611 0.210943 0.000000
77358 48.168590 27.657486 1.051061 0.000000
77359 48.086918 27.762077 0.623697 0.000000
77360 48.136472 27.266407 0.904041 0.000000
77361 47.988727 26.895336 0.841032 0.000000
77362 48.127295 26.833491 1.228217 0.000000
77363 48.461328 27.204561 2.700250 0.000000
77364 48.431044 27.259131 2.305760 0.000000
77365 48.507211 26.781650 2.555056 0.000000
77366 48.320006 25.593861 2.664637 0.000000
77367 48.378737 26.104083 2.355071 0.000000
77368 48.154825 25.771211 2.297541 0.000000
77369 48.011668 25.931280 1.926793 0.000000
77370 47.842817 25.469261 2.288410 0.000000
77371 47.425276 25.243708 2.359637 0.000000
77372 47.657447 25.047259 2.665550 0.000000
77373 47.285790 24.185976 3.626207 0.000000
77374 47.082985 24.287838 3.380564 0.000000
77375 46.718669 24.054100 3.728482 0.000000
77376 46.075381 23.975884 3.876416 0.000000
83250 45.853305 23.241929 5.514647 0.000000
83251 45.184322 23.066398 5.788599 0.000000
83252 45.644993 22.889048 6.094512 0.000000
83253 45.981779 21.710353 7.107220 0.000000
83254 45.444023 21.985018 6.972983 0.000000
83255 45.300866 21.470249 7.205842 0.000000
83256 44.603436 21.260157 7.309944 0.000000
83257 45.094390 20.947294 7.327294 0.000000
83258 47.980468 20.701733 7.766530 0.000000
83259 47.443630 20.866350 7.478881 0.000000
83260 47.281202 20.379774 7.683431 0.000000
83261 45.537625 19.543956 8.046874 0.000000
83262 45.807421 19.913208 7.611291 0.000000
83263 45.143027 19.683108 7.637773 0.000000
83264 44.671343 19.915936 7.456051 0.000000
83265 44.445596 19.442094 7.782054 0.000000
83266 43.813320 19.165610 7.870632 0.000000
83267 44.195072 19.028277 8.198460 0.000000
83268 43.861039 17.966907 9.460464 0.000000
83269 43.576561 18.096054 9.034013 0.000000
83270 43.213163 17.501250 9.297920 0.000000
83271 42.622182 16.985571 9.032187 0.000000
83272 42.836917 16.751833 9.415719 0.000000
83273 50.126902 20.311563 12.500415 0.000000
83274 50.015864 20.372499 11.796359 0.000000
83275 49.835082 19.957773 12.210026 0.000000
83276 48.652203 18.699953 12.304083 0.000000
83277 48.856844 19.257468 11.902287 0.000000
83278 48.223651 18.950971 11.799099 0.000000
83279 47.827216 19.179252 11.215581 0.000000
83280 47.516126 18.615371 11.698650 0.000000
83281 48.090588 15.985135 12.235595 0.000000
83282 48.131883 16.729095 12.631912 0.000000
83283 47.487678 16.217964 12.191763 0.000000
92317 42.735974 23.236472 5.559393 0.000000
92318 42.587311 22.873587 6.108209 0.000000
92319 43.089277 23.004553 5.812341 0.000000
92320 43.465523 22.811741 6.095425 0.000000
92321 43.898664 22.609835 6.369376 0.000000
92336 45.523860 24.316942 3.395174 0.000000
92337 45.127426 24.581602 3.225324 0.000000
92338 44.676849 24.300571 3.613423 0.000000
92339 43.848192 24.276924 3.885548 0.000000
92340 43.041558 24.181428 4.192374 0.000000
92341 42.409282 24.067742 4.464499 0.000000
92342 42.851600 23.842190 4.599649 0.000000
92343 42.782775 23.546607 5.068106 0.000000
93006 47.378475 19.325680 17.058057 0.000000
93007 48.001574 18.962794 17.110108 0.000000
93008 47.367463 18.693586 17.074495 0.000000
93009 47.320662 18.029661 17.058971 0.000000
93010 47.258260 17.345727 17.046186 0.000000
94882 48.452151 26.885332 4.688226 0.000000
94883 48.622838 26.536998 5.000531 0.000000
94884 48.336524 26.823487 5.147552 0.000000
94885 48.230992 26.743452 5.595006 0.000000
94886 48.046540 26.718896 6.076248 0.000000
94887 43.440745 25.612050 11.284983 0.000000
94888 44.055586 25.425606 11.164444 0.000000
94889 43.773860 25.154579 11.700476 0.000000
94891 44.576823 24.399705 12.653828 0.000000
94955 45.790903 28.908030 4.762193 0.000000
94956 45.902859 29.189971 4.469978 0.000000
94957 46.388307 28.611537 4.471804 0.000000
94958 47.000394 28.368704 4.300128 0.000000
94959 47.557421 28.067664 4.099230 0.000000
94960 47.955691 27.711145 3.839889 0.000000
94961 47.928160 27.611102 4.233467 0.000000
94962 48.215392 27.248217 4.439843 0.000000
96138 49.989251 21.710353 9.064148 0.000000
96139 49.754327 21.274709 8.851379 0.000000
96140 49.942450 21.253791 9.485120 0.000000
96141 49.817647 20.829970 9.912485 0.000000
96142 49.614841 20.454352 10.381855 0.000000
98397 42.066073 21.083717 7.537324 0.000000
98398 41.528318 20.857255 7.670647 0.000000
98399 41.864185 20.561672 7.649644 0.000000
98400 41.706346 20.045083 7.761964 0.000000
98401 41.561354 19.513034 7.916290 0.000000
98402 41.397090 18.938238 8.045961 0.000000
98403 41.933011 19.205627 7.899853 0.000000
98404 42.228501 18.861841 7.905332 0.000000
98405 42.535921 18.531698 7.963775 0.000000
98447 47.578527 27.089057 0.057530 0.000000
98448 47.221553 27.105427 -0.250209 0.000000
98449 47.125198 26.707982 0.133323 0.000000
98450 46.417673 26.440593 0.284910 0.000000
98451 45.564238 26.317812 0.588996 0.000000
98467 39.670032 23.373804 6.113688 0.000000
98468 39.130441 23.209187 6.433298 0.000000
98471 38.533037 22.636211 7.146486 0.000000
98472 38.520190 22.234217 7.509929 0.000000
99202 44.007867 28.809805 6.306367 0.000000
99203 44.421737 28.554239 6.611367 0.000000
99204 43.727977 28.734318 6.802220 0.000000
99205 43.431569 28.609718 7.321815 0.000000
99275 40.188517 30.399588 6.807699 0.000000
99276 40.315155 30.679709 6.503613 0.000000
99277 40.864841 30.264074 6.585798 0.000000
99278 41.525565 30.190406 6.294496 0.000000
99279 42.222077 30.090362 5.990410 0.000000
99280 42.965392 29.945754 5.737461 0.000000
99281 42.803881 29.596511 6.029676 0.000000
99282 43.412298 29.167233 6.123733 0.000000
100458 50.026876 21.128282 14.715771 0.000000
100459 50.243446 20.772673 14.402553 0.000000
100460 50.213163 20.509831 14.988809 0.000000
100461 50.409545 19.905022 15.218015 0.000000
100462 50.602256 19.284753 15.396084 0.000000
100463 50.059912 17.218399 16.464496 0.000000
100464 50.407709 17.453956 16.135753 0.000000
100465 50.377426 16.781846 16.021607 0.000000
100466 50.619692 16.377124 15.534886 0.000000
100467 50.707788 16.002416 14.873749 0.000000
106087 47.508784 24.112307 3.912943 0.000000
106088 47.337180 23.881298 4.292823 0.000000
106089 47.868512 24.093208 4.248990 0.000000
106090 48.212639 24.041367 4.539379 0.000000
106091 48.567778 23.985889 4.871774 0.000000
106092 49.340457 24.932664 6.140170 0.000000
106093 49.408365 24.598882 6.020545 0.000000
106094 49.525827 24.628896 6.549271 0.000000
106095 49.691008 24.246911 6.920932 0.000000
106096 49.836918 23.829457 7.278896 0.000000
106097 49.941532 23.431102 7.618596 0.000000
106098 49.869036 23.777616 7.771096 0.000000
106099 49.810305 23.738508 8.267861 0.000000
106100 49.681831 23.718500 8.851379 0.000000
106101 45.688124 27.360993 7.550108 0.000000
106102 46.332329 27.103608 7.340992 0.000000
106103 46.026744 26.954453 7.829539 0.000000
106104 46.331412 26.526994 8.138191 0.000000
106105 46.627819 26.076798 8.455062 0.000000
106106 46.321317 24.586150 10.800088 0.000000
106107 46.545229 24.682555 10.227529 0.000000
106108 46.860908 24.356959 10.681376 0.000000
106109 47.400499 24.168695 10.577274 0.000000
106110 47.962114 24.017721 10.461301 0.000000
106111 48.464081 23.860379 10.364505 0.000000
106112 48.215392 23.682120 11.035687 0.000000
106113 48.495282 23.358343 11.647512 0.000000
106114 48.800866 23.049117 12.266643 0.000000
106115 49.138569 22.768996 12.826417 0.000000
106116 48.699922 22.932703 12.947869 0.000000
106117 48.621003 22.771724 13.613572 0.000000
106118 48.420950 22.690780 14.228137 0.000000
106119 46.575512 23.168260 15.759527 0.000000
106120 47.073808 22.953621 15.720260 0.000000
106121 46.861826 22.885410 16.330259 0.000000
106122 47.091244 22.545262 16.787758 0.000000
106297 42.444154 33.299031 -0.043832 0.000000
106298 43.061747 33.131685 -0.241077 0.000000
106299 43.683928 32.961611 -0.457499 0.000000
106300 44.418066 32.814274 -0.705882 0.000000
106301 44.308863 32.476855 -0.321437 0.000000
106302 44.909020 32.072133 -0.131497 0.000000
106303 45.542214 31.611933 0.022829 0.000000
106304 41.302570 32.404096 3.730309 0.000000
106305 41.377819 32.470488 3.250893 0.000000
106306 42.020190 32.298596 3.595159 0.000000
106307 42.678160 32.169448 3.432614 0.000000
106309 46.366283 30.159483 3.354995 0.000000
106310 45.874411 30.725184 3.289246 0.000000
106311 46.490169 30.313186 2.915759 0.000000
106312 46.536970 30.383217 2.418993 0.000000
106313 46.569088 30.430510 1.867437 0.000000
106314 46.621396 30.486898 1.336884 0.000000
106315 47.119692 29.993957 1.536869 0.000000
106316 47.548244 29.561041 1.229130 0.000000
106317 47.840064 29.130854 0.920478 0.000000
106318 48.005245 28.687934 0.634655 0.000000
106319 47.998821 28.620632 1.087588 0.000000
106320 48.138307 28.083125 1.284833 0.000000
106321 48.287888 27.511058 1.459249 0.000000
106322 48.632932 26.265062 3.123049 0.000000
106323 48.535659 26.304170 2.788828 0.000000
106324 48.547589 25.823961 3.018034 0.000000
106325 48.412691 25.480175 2.996118 0.000000
106326 48.253016 25.127294 2.984247 0.000000
106327 47.849241 24.863543 2.990639 0.000000
106328 48.042869 24.721663 3.311163 0.000000
106329 47.787757 24.399705 3.593333 0.000000
109854 46.904039 22.874496 6.062551 0.000000
109855 46.171737 22.665314 6.372116 0.000000
109856 46.729681 22.407929 6.572101 0.000000
109857 46.597536 21.906802 6.942849 0.000000
109858 46.458050 21.396580 7.174794 0.000000
109859 47.407840 19.923212 8.432232 0.000000
109860 46.994888 20.012342 8.052353 0.000000
109861 46.651679 19.708573 8.492502 0.000000
109862 45.919377 19.471197 8.507113 0.000000
109863 45.248559 19.225636 8.548205 0.000000
109864 44.556634 18.939148 8.587472 0.000000
109865 44.934715 18.885488 9.046797 0.000000
109866 44.580494 18.450753 9.553608 0.000000
109867 44.193236 17.848673 9.906092 0.000000
109868 50.027793 19.195623 13.227300 0.000000
109869 49.727715 19.402986 12.614561 0.000000
109870 49.621265 18.820914 12.904037 0.000000
109871 49.060567 18.461667 12.743319 0.000000
109872 48.421868 18.093325 12.548813 0.000000
115567 40.598716 22.547990 6.693553 0.000000
115568 40.550079 22.151454 7.081651 0.000000
115569 41.032775 22.318800 6.837834 0.000000
115570 41.420032 22.084152 6.980289 0.000000
115571 41.831149 21.845867 7.160184 0.000000
115572 42.466178 22.491602 6.585798 0.000000
115573 42.356057 22.052320 6.974810 0.000000
115574 42.230336 21.583935 7.305378 0.000000
115575 42.597405 21.310179 7.412219 0.000000
115576 42.948873 21.033695 7.433222 0.000000
115577 43.310436 20.767216 7.418611 0.000000
115610 46.847143 25.626602 1.690282 0.000000
115611 46.343341 25.758478 1.445552 0.000000
115613 45.348585 25.478356 2.211703 0.000000
115615 44.708050 24.848991 3.087435 0.000000
115625 41.831149 23.969518 4.767672 0.000000
115626 41.262193 23.879479 5.070845 0.000000
115628 40.660200 23.322873 5.877177 0.000000
115629 40.565680 22.943617 6.320978 0.000000
116257 39.475486 30.545105 6.978462 0.000000
116258 40.085738 30.182220 7.108133 0.000000
116259 40.601469 29.748395 7.188492 0.000000
117174 49.428554 20.317929 16.710139 0.000000
117175 49.920426 19.841358 16.463582 0.000000
117176 49.612088 19.674922 16.808761 0.000000
117177 49.718538 18.997355 16.855333 0.000000
117178 49.699267 18.361624 16.866291 0.000000
117179 48.601731 18.558073 17.134764 0.000000
117180 49.144993 18.115153 16.998701 0.000000
117181 49.662560 17.667686 16.772235 0.000000
117182 49.580887 16.991028 16.688223 0.000000
117183 49.467096 16.355296 16.611516 0.000000
121552 48.838491 25.355575 4.155847 0.000000
121553 48.879786 24.974500 4.417927 0.000000
121554 48.972471 25.412873 4.524768 0.000000
121555 49.100027 25.339205 4.956699 0.000000
121556 49.165182 25.298278 5.403240 0.000000
121557 48.836655 26.108630 5.305531 0.000000
121558 49.025696 25.686628 5.569437 0.000000
121559 49.190877 25.299187 5.836997 0.000000
121560 49.208312 25.338295 6.329197 0.000000
121561 49.155087 25.310101 6.809525 0.000000
121562 49.004589 25.241889 7.317249 0.000000
121563 44.555717 26.483339 9.496991 0.000000
121564 45.152203 26.240506 9.269611 0.000000
121565 44.852125 26.044966 9.761811 0.000000
121566 45.135685 25.637516 10.104251 0.000000
121567 45.452282 25.200963 10.466780 0.000000
121568 44.672261 25.259170 11.066734 0.000000
121569 45.238464 25.036346 10.958980 0.000000
121570 45.800997 24.810793 10.889579 0.000000
121571 46.178160 24.454274 11.376300 0.000000
121572 46.533299 24.123221 11.889503 0.000000
121573 46.892109 23.847647 12.477585 0.000000
121574 47.236236 23.529326 13.067495 0.000000
121575 46.797589 23.730323 13.086671 0.000000
121576 46.646173 23.617547 13.767898 0.000000
121577 46.458050 23.581167 14.481085 0.000000
121579 45.876246 23.689396 14.494783 0.000000
121580 46.215785 23.455658 15.126698 0.000000
121581 46.012979 23.331968 15.670036 0.000000
121582 45.829445 23.297407 16.176846 0.000000
121583 45.581674 23.176446 16.649869 0.000000
121720 42.821317 32.279496 0.869340 0.000000
121721 43.628868 31.214488 4.910127 0.000000
121722 43.723388 31.526441 4.584125 0.000000
121723 44.390536 30.955284 4.705577 0.000000
121724 45.051259 30.657882 4.403317 0.000000
121725 45.672523 30.322281 4.062703 0.000000
121726 46.012979 29.420071 4.180503 0.000000
121727 46.141453 29.676546 3.951296 0.000000
121728 46.265339 29.953030 3.704740 0.000000
121729 46.782906 29.536485 3.355908 0.000000
121730 47.211459 29.087199 3.024426 0.000000
121731 47.641847 28.666106 2.713035 0.000000
121732 47.980468 28.273208 2.418080 0.000000
121733 47.999739 28.105863 2.843618 0.000000
121734 48.268617 27.568356 2.921238 0.000000
121735 48.465916 27.142716 3.102959 0.000000
121736 48.236498 27.391006 3.628033 0.000000
121737 48.455822 27.051768 3.438093 0.000000
121738 48.593472 26.701615 3.295639 0.000000
121739 48.680651 26.230501 3.508408 0.000000
121740 48.758653 25.795767 3.786925 0.000000
124482 48.850420 21.996841 7.189405 0.000000
124483 48.289723 21.666698 7.210408 0.000000
124484 48.741218 21.476615 7.521800 0.000000
124485 48.607237 21.000954 7.827712 0.000000
124486 48.449398 20.560762 8.129059 0.000000
124487 49.367987 20.859074 8.646828 0.000000
124488 48.824726 20.465266 8.539987 0.000000
124489 48.155743 20.183325 8.474238 0.000000
124490 47.794180 19.881376 8.932651 0.000000
124491 47.435371 19.638543 9.472336 0.000000
124492 47.115103 19.396619 10.020239 0.000000
124493 49.771763 16.626323 13.191686 0.000000
124494 49.272549 16.858243 13.051058 0.000000
124495 49.236760 16.228878 12.767061 0.000000
129646 38.890011 19.111041 8.802980 0.000000
129648 40.443630 21.704896 7.446006 0.000000
129649 40.269272 21.200131 7.774748 0.000000
129650 40.075643 20.691728 8.043221 0.000000
129651 41.001574 20.643526 7.881590 0.000000
129652 40.480336 20.392507 8.044134 0.000000
129653 39.992135 20.148765 8.240466 0.000000
129654 39.893026 19.605801 8.410316 0.000000
129655 39.755376 19.063747 8.521723 0.000000
129656 39.582853 18.502594 8.557337 0.000000
129657 39.893944 18.155170 8.403924 0.000000
129660 41.222733 18.336158 8.118101 0.000000
129661 41.053881 17.744082 8.104404 0.000000
129663 41.158496 16.801854 7.927248 0.000000
129757 46.881097 27.180915 -0.568906 0.000000
129758 46.557159 27.271863 -0.883951 0.000000
129763 45.829445 25.932190 1.225477 0.000000
129764 45.283430 26.118634 1.070238 0.000000
131347 46.663609 27.962164 5.437941 0.000000
131348 46.962770 27.666581 5.720111 0.000000
131349 46.374542 27.876672 5.922835 0.000000
131350 46.060698 27.777538 6.459780 0.000000
131351 45.732172 27.716602 6.940109 0.000000
131352 44.761275 28.275027 6.917280 0.000000
131353 45.070531 27.981263 7.150139 0.000000
131354 45.382539 27.668400 7.353776 0.000000
131355 45.097143 27.545619 7.823147 0.000000
131356 44.822759 27.403739 8.315346 0.000000
131366 44.259309 26.975371 9.287875 0.000000
131367 43.916099 26.707982 9.735329 0.000000
131368 43.653645 26.531541 10.157215 0.000000
131369 43.404039 26.290527 10.568142 0.000000
131494 40.038019 32.658752 3.457270 0.000000
131495 39.204773 32.532334 4.059051 0.000000
131496 39.911380 32.467760 3.963168 0.000000
131497 40.591375 32.490497 3.845368 0.000000
131498 41.234663 32.253121 4.227074 0.000000
131499 41.840326 31.986642 4.614259 0.000000
131500 42.409282 31.696515 4.941175 0.000000
131504 40.484925 31.008034 6.215963 0.000000
131507 41.575119 31.498247 5.458944 0.000000
131508 42.290903 31.452773 5.287267 0.000000
131509 42.959885 31.363643 5.144812 0.000000
131510 43.460017 30.959831 5.161250 0.000000
131511 44.014290 30.358661 5.065366 0.000000
131512 44.572235 29.735662 4.982268 0.000000
131513 43.666493 29.709287 5.494557 0.000000
131514 44.381359 29.446446 5.213300 0.000000
131515 45.133850 29.181785 5.010576 0.000000
131516 45.683535 28.704305 5.128375 0.000000
131517 46.172654 28.275937 5.245261 0.000000
133998 50.138832 21.710353 11.930595 0.000000
133999 50.194810 21.280166 11.661210 0.000000
134000 50.227846 21.258338 12.388095 0.000000
134001 50.261800 20.753573 12.763408 0.000000
134002 50.230599 20.199696 13.207210 0.000000
134003 50.373756 20.409787 14.078376 0.000000
134004 50.363661 20.033260 13.795293 0.000000
134005 50.266388 19.600344 13.543258 0.000000
134006 50.300342 18.967342 13.722239 0.000000
134007 50.310436 18.312512 13.756940 0.000000
134008 50.336131 17.669505 13.732284 0.000000
134009 50.259964 19.401167 16.187804 0.000000
134010 50.541690 19.021911 15.827101 0.000000
134011 50.751836 18.629922 15.490141 0.000000
134012 50.667411 17.723164 15.784182 0.000000
134013 50.818826 18.049670 15.355904 0.000000
134014 50.800473 18.212468 15.021683 0.000000
134015 50.760095 17.756815 14.594319 0.000000
134016 50.638045 17.412120 14.029978 0.000000
134017 50.286577 17.018312 13.599874 0.000000
134018 50.193892 16.371667 13.359710 0.000000
145582 45.079707 23.703948 4.482763 0.000000
145583 44.928291 23.472029 4.963091 0.000000
145584 45.544967 23.597538 4.746669 0.000000
145585 46.019403 23.500223 5.036145 0.000000
145586 46.479157 23.400179 5.301878 0.000000
145587 47.210541 23.720318 4.701924 0.000000
145588 47.079314 23.505680 5.136594 0.000000
145589 46.960934 23.227377 5.589527 0.000000
145590 47.460148 23.001824 5.866218 0.000000
145591 47.943761 22.750806 6.207745 0.000000
145592 48.361301 22.607107 6.486262 0.000000
145593 48.903645 24.595245 4.660831 0.000000
145594 48.907316 24.248730 4.913780 0.000000
145595 48.878868 23.968608 5.335665 0.000000
145596 49.338622 24.301480 5.911877 0.000000
145597 49.144075 23.970427 5.820560 0.000000
145598 48.854091 23.650288 5.736548 0.000000
145599 48.823808 23.297407 6.103643 0.000000
145600 48.786183 22.909056 6.416861 0.000000
145601 48.827479 22.454313 6.829615 0.000000
145602 49.329445 22.304248 7.190318 0.000000
145603 49.628606 22.239674 7.638686 0.000000
145604 49.836918 22.191472 8.117188 0.000000
145605 49.985580 23.048208 7.954643 0.000000
145606 49.985580 22.614383 8.274254 0.000000
145607 49.976404 22.147816 8.620346 0.000000
145608 50.039723 22.145088 9.243129 0.000000
145609 50.046147 22.125079 9.926182 0.000000
145610 50.024123 22.095976 10.639370 0.000000
145611 47.252754 27.347351 6.000455 0.000000
145612 47.521632 27.018117 6.268014 0.000000
145613 47.803357 26.612486 6.542879 0.000000
145614 46.956346 26.837129 7.133702 0.000000
145615 47.540903 26.545184 6.985768 0.000000
145616 48.073152 26.281433 6.817744 0.000000
145617 48.323677 25.952198 7.094435 0.000000
145618 48.554012 25.532925 7.428656 0.000000
145619 48.830232 25.136389 7.818581 0.000000
145620 45.719324 26.008587 9.106154 0.000000
145621 46.286446 25.813957 8.937217 0.000000
145622 46.874673 25.592951 8.765540 0.000000
145623 46.827872 24.864453 9.682365 0.000000
145624 47.142633 25.158217 9.146333 0.000000
145625 47.471160 25.402869 8.633130 0.000000
145626 48.057552 25.175497 8.447756 0.000000
145627 48.617332 24.922660 8.291604 0.000000
145628 49.065156 24.734396 8.179284 0.000000
145629 49.238596 24.356959 8.561903 0.000000
145630 49.376246 24.012264 8.993833 0.000000
145631 49.483614 23.630279 9.423024 0.000000
145632 48.899057 23.700310 10.236661 0.000000
145633 49.260620 23.513865 10.054940 0.000000
145634 49.600158 23.239200 9.870479 0.000000
145635 49.739644 22.833569 10.351721 0.000000
145636 49.862612 22.467046 10.867663 0.000000
145637 50.014028 22.085971 11.401869 0.000000
145638 50.012193 22.074148 12.200894 0.000000
145639 49.971815 21.975923 12.933258 0.000000
145640 49.907578 21.815854 13.650099 0.000000
145641 49.408365 22.446128 13.362449 0.000000
145642 49.645124 22.087790 13.862868 0.000000
145643 49.880048 21.694892 14.334065 0.000000
145644 49.802046 21.419318 14.920321 0.000000
145645 49.704773 21.202860 15.466398 0.000000
145646 49.540510 21.035514 15.999691 0.000000
145647 47.576692 23.164622 13.679320 0.000000
145648 47.911642 22.890867 14.290232 0.000000
145649 48.252098 22.608926 14.902058 0.000000
145650 47.584033 22.742620 15.678254 0.000000
145651 48.074988 22.517068 15.586937 0.000000
145652 48.570531 22.280601 15.413434 0.000000
145653 48.860515 21.884975 15.816143 0.000000
145654 49.071579 21.400218 16.132101 0.000000
145655 49.263373 20.868169 16.450798 0.000000
145656 48.900892 20.669901 16.821546 0.000000
145657 48.464081 20.450714 16.998701 0.000000
145658 47.969456 20.209700 17.079060 0.000000
145661 47.410593 19.883195 17.067189 0.000000
146011 45.863399 32.653295 -1.510387 0.000000
146012 45.143944 32.627830 -0.923217 0.000000
146013 45.834951 32.374992 -1.135986 0.000000
146014 46.383719 32.065767 -1.378890 0.000000
146015 46.798506 31.497338 -1.243741 0.000000
146016 47.124280 30.909810 -1.110417 0.000000
146017 47.433535 30.264074 -0.985313 0.000000
146025 42.788281 32.096690 1.336884 0.000000
146026 43.462770 31.909335 1.125028 0.000000
146027 43.813320 31.711977 4.120233 0.000000
146028 43.898664 31.792012 3.615249 0.000000
146030 45.258653 31.219945 3.060040 0.000000
146034 44.117070 31.608295 1.419070 0.000000
146035 44.163871 31.689240 0.922304 0.000000
146036 44.834689 31.521894 0.687619 0.000000
146037 45.500919 31.324535 0.420059 0.000000
146038 46.180913 31.128996 0.177155 0.000000
146039 46.652597 30.556019 0.883951 0.000000
146040 46.763635 30.676072 0.392664 0.000000
146041 46.715916 30.885253 -0.056617 0.000000
146042 47.152728 30.538739 -0.323263 0.000000
146043 47.466571 30.096729 -0.557948 0.000000
146044 47.628999 29.682003 -0.788068 0.000000
146045 47.804275 29.039905 -0.628263 0.000000
146047 47.870347 27.931241 -0.166197 0.000000
146048 48.070399 28.246833 0.398143 0.000000
146049 48.028187 27.830288 0.249296 0.000000
146050 47.853829 27.430114 0.138802 0.000000
146051 47.816204 26.991742 0.482155 0.000000
146052 47.697825 26.566102 0.793547 0.000000
146053 47.540903 26.156833 1.150597 0.000000
146054 48.241086 27.814827 2.108515 0.000000
146055 48.351207 27.386459 1.893919 0.000000
146056 48.362219 27.010841 1.745985 0.000000
146057 48.464081 26.429679 2.440909 0.000000
146058 48.394338 26.567011 2.048245 0.000000
146059 48.265864 26.712529 1.644623 0.000000
146060 48.095177 26.393299 1.570656 0.000000
146061 47.798769 26.017681 1.511300 0.000000
146062 47.360122 25.775758 1.575222 0.000000
146063 47.152728 25.434701 2.047332 0.000000
146064 46.944416 25.090005 2.460086 0.000000
146065 46.623231 24.702564 2.877406 0.000000
146066 47.404170 24.623439 3.038124 0.000000
146067 46.882932 24.452455 3.141313 0.000000
146068 46.230468 24.376968 3.260025 0.000000
146069 45.812009 24.126859 3.629860 0.000000
146070 45.418328 23.917677 4.046266 0.000000
153147 44.706215 23.194635 5.511908 0.000000
153148 44.530940 22.875405 6.060724 0.000000
153149 44.426325 22.462499 6.624151 0.000000
153150 45.512848 22.457951 6.616846 0.000000
153151 44.920950 22.237855 6.817744 0.000000
153152 44.294180 21.994113 7.021381 0.000000
153153 44.124411 21.519361 7.248761 0.000000
153154 43.943630 21.023691 7.348297 0.000000
153155 43.767437 20.498008 7.393956 0.000000
153156 47.624411 21.397490 7.232324 0.000000
153157 46.946252 21.114640 7.283462 0.000000
153158 46.275434 20.880902 7.315423 0.000000
153159 46.514028 20.174230 7.672473 0.000000
153160 46.050604 20.398874 7.424090 0.000000
153161 45.589015 20.652620 7.324555 0.000000
153162 44.878737 20.445257 7.361995 0.000000
153163 44.227190 20.208791 7.408566 0.000000
153164 43.589408 19.980510 7.477054 0.000000
153165 43.395780 19.414809 7.677952 0.000000
153166 43.172785 18.868208 7.937293 0.000000
153167 42.942450 18.351619 8.233161 0.000000
153168 43.909676 18.602638 8.639523 0.000000
153169 43.289330 18.233386 8.611214 0.000000
153170 42.703855 17.839579 8.518984 0.000000
153171 42.383588 17.188386 8.706184 0.000000
153174 50.113137 20.839065 11.366255 0.000000
153175 49.832329 20.441620 11.049384 0.000000
153176 49.351469 20.122390 10.913321 0.000000
153177 49.385423 19.593978 12.003649 0.000000
153178 49.085344 19.769509 11.378126 0.000000
153179 48.810961 19.831354 10.773606 0.000000
153180 48.202544 19.565784 10.733427 0.000000
153181 47.497772 19.285662 10.637543 0.000000
153182 46.756294 18.973708 10.555358 0.000000
153183 48.736629 17.101075 12.861118 0.000000
153184 48.182355 17.422124 12.636477 0.000000
153185 47.709754 17.741354 12.394487 0.000000
153186 46.886603 16.485353 12.165281 0.000000
153187 47.035266 17.325719 12.248379 0.000000
153188 47.248166 17.997829 12.072137 0.000000
153189 46.866414 18.281589 11.568979 0.000000
153190 46.431438 18.470762 11.021076 0.000000
153191 46.051522 18.635379 10.503307 0.000000
153192 45.339408 18.261580 10.443038 0.000000
153193 44.563976 17.721345 10.341676 0.000000
153229 46.605795 17.031954 17.118327 0.000000
153230 47.178423 16.662703 17.115587 0.000000
153232 47.138963 15.976041 17.252563 0.000000
153233 47.783168 16.280719 17.079974 0.000000
