#!ascii label  , from subject fsaverage vox2ras=TkReg 
1698
50 30.869560 -23.824909 41.952046 0.000000
105 41.095176 -9.470483 25.468374 0.000000
236 33.704248 -17.417577 32.876027 0.000000
373 13.978894 -27.714783 52.229799 0.000000
378 25.300210 -21.526637 45.362744 0.000000
715 34.515470 -13.394918 31.168395 0.000000
857 19.432617 -25.206419 47.690420 0.000000
858 17.670687 -28.437825 50.424458 0.000000
870 22.232434 -24.734396 45.709750 0.000000
1059 44.803488 -10.516393 24.729617 0.000000
1067 30.685108 -19.747681 41.658004 0.000000
1068 31.194416 -19.355693 38.655494 0.000000
1069 34.438386 -22.681685 41.521029 0.000000
1100 43.913346 -6.413699 23.498661 0.000000
1101 46.577348 -8.069874 21.262302 0.000000
1572 38.649581 -8.958442 28.091004 0.000000
1573 40.685895 -13.148447 27.964987 0.000000
1574 37.117069 -13.173003 28.894596 0.000000
1575 37.788805 -17.509435 31.985684 0.000000
1577 29.435239 -26.121363 44.645904 0.000000
1827 12.725354 -30.290449 55.854180 0.000000
1830 9.207001 -30.685166 57.459537 0.000000
1831 6.851337 -29.680184 60.689427 0.000000
1840 27.840326 -23.104596 43.376595 0.000000
1841 25.559911 -25.540201 44.591114 0.000000
2108 30.195071 -16.158847 36.050214 0.000000
2109 34.522811 -18.483495 37.209029 0.000000
2149 49.115628 -5.174069 18.560226 0.000000
2979 42.741480 -9.944326 24.757926 0.000000
2981 42.679078 -11.612324 26.271052 0.000000
2987 31.490824 -22.131445 41.412361 0.000000
2988 32.267174 -21.843138 40.226150 0.000000
2989 32.683797 -23.574801 41.510071 0.000000
3018 41.331936 -7.384121 26.114900 0.000000
3019 43.240693 -5.952589 25.547820 0.000000
3020 42.373493 -7.819765 24.489453 0.000000
3021 43.765601 -8.523708 23.394560 0.000000
3565 6.807289 -33.620079 62.954094 0.000000
3580 37.561223 -10.903834 28.246244 0.000000
3581 36.430651 -10.981140 29.561212 0.000000
3582 33.967620 -15.608608 31.758304 0.000000
3583 35.575381 -15.707742 30.762033 0.000000
3584 35.713949 -17.705884 32.221283 0.000000
3586 36.257211 -18.690858 34.483210 0.000000
4010 15.726141 -28.069483 51.177825 0.000000
4011 17.151285 -29.290014 52.684559 0.000000
4012 15.104877 -29.260910 53.080876 0.000000
4013 14.657971 -29.979405 55.443253 0.000000
4014 13.236497 -29.120850 53.803195 0.000000
4021 9.991610 -28.751598 56.203925 0.000000
4023 7.860776 -30.518730 58.814685 0.000000
4044 26.570268 -22.386102 44.277896 0.000000
4045 26.489513 -24.371511 43.420427 0.000000
4046 24.883587 -23.561158 44.063300 0.000000
4047 21.782774 -26.665236 47.463954 0.000000
4048 23.415312 -26.383295 47.197307 0.000000
4640 34.420950 -19.769509 39.866361 0.000000
4641 32.572759 -18.781807 37.762412 0.000000
5893 35.654301 -11.283090 31.214054 0.000000
5895 33.534479 -13.294874 32.700698 0.000000
5896 32.515863 -15.231171 33.039485 0.000000
6149 20.224568 -27.140897 48.051123 0.000000
6150 19.668459 -28.417816 50.096629 0.000000
6151 18.453461 -26.963547 48.779835 0.000000
6152 16.762192 -26.686154 49.908516 0.000000
6153 15.092947 -26.185936 51.208873 0.000000
6172 23.326298 -22.869039 44.919856 0.000000
6173 21.900236 -22.539805 46.083237 0.000000
6174 20.804536 -24.830802 46.613790 0.000000
6527 29.596749 -17.503978 41.693618 0.000000
6528 29.326036 -17.703156 39.386945 0.000000
6529 30.472208 -19.762233 39.974115 0.000000
6530 33.365627 -21.094631 39.658157 0.000000
6589 46.418590 -5.646092 20.953650 0.000000
6590 45.025565 -7.114913 22.089637 0.000000
6591 45.563320 -9.329513 22.928842 0.000000
7506 39.752623 -9.137611 26.554136 0.000000
7507 40.648270 -11.269448 26.498432 0.000000
7508 38.918459 -10.984778 27.225317 0.000000
7509 38.806503 -13.096606 28.230720 0.000000
7510 39.091899 -15.232081 29.852514 0.000000
7511 35.764421 -13.328525 29.889041 0.000000
7512 37.253803 -15.554039 30.130118 0.000000
7517 30.057421 -25.128204 42.966580 0.000000
7518 32.231385 -24.771685 43.346460 0.000000
7566 40.708837 -7.370479 27.887367 0.000000
8115 12.349109 -27.214566 53.655261 0.000000
8116 11.439696 -28.943500 54.849691 0.000000
8117 10.888175 -30.542377 56.539972 0.000000
8118 10.514683 -31.748356 58.894131 0.000000
8119 8.848191 -32.292229 59.494998 0.000000
8120 7.253278 -32.337703 60.369817 0.000000
8121 5.872182 -31.723800 61.661042 0.000000
8124 4.760881 -30.565114 63.428031 0.000000
8146 29.239775 -23.602085 42.597659 0.000000
8147 28.156005 -24.961768 43.064290 0.000000
8148 27.494363 -26.058608 44.544542 0.000000
8150 23.892502 -24.950854 45.067790 0.000000
8890 31.723913 -16.758199 34.241220 0.000000
8891 30.096881 -17.784100 37.385272 0.000000
8892 31.656005 -17.949626 35.813702 0.000000
8893 33.778580 -18.403460 34.831129 0.000000
8897 34.350289 -23.800353 43.898016 0.000000
9015 50.506818 -6.604691 17.530168 0.000000
9016 47.740038 -6.684726 19.834101 0.000000
9017 49.509309 -7.893434 19.233234 0.000000
10659 41.877033 -9.617820 25.038270 0.000000
10660 42.669901 -10.829256 25.455589 0.000000
10661 41.711852 -10.560048 25.583434 0.000000
10667 31.265994 -23.050027 41.603214 0.000000
10668 31.940483 -22.992729 41.168544 0.000000
10669 31.802832 -23.807629 41.675355 0.000000
10698 41.067646 -8.394561 25.622700 0.000000
10699 41.807290 -7.563290 25.239168 0.000000
10700 41.708181 -8.586462 24.978913 0.000000
10701 42.420294 -8.889321 24.451100 0.000000
11245 5.866676 -33.535497 63.216175 0.000000
11260 36.998690 -9.952511 29.641571 0.000000
11261 36.711459 -10.095301 30.526435 0.000000
11262 33.792345 -16.589035 32.222196 0.000000
11263 34.651285 -16.709996 31.768349 0.000000
11264 34.687992 -17.613116 32.494321 0.000000
11265 35.913084 -18.357986 33.244949 0.000000
11266 34.873362 -18.283408 33.360008 0.000000
11690 14.827740 -27.903047 51.709291 0.000000
11691 15.382932 -28.745232 52.080952 0.000000
11692 14.454248 -28.512403 52.443482 0.000000
11693 14.162428 -29.190880 53.403226 0.000000
11694 13.554012 -28.418726 52.958511 0.000000
11724 25.954510 -21.954096 44.823059 0.000000
11725 25.653514 -22.974540 43.953719 0.000000
11726 24.961589 -22.489783 44.462356 0.000000
11727 21.635947 -27.396463 48.652904 0.000000
12319 29.408627 -15.695919 39.738516 0.000000
12321 34.892633 -18.991898 40.091914 0.000000
13665 32.956346 -14.278939 32.805713 0.000000
13666 32.407578 -14.054296 33.598346 0.000000
14087 19.746461 -26.248691 47.678549 0.000000
14088 19.323414 -27.097242 48.343338 0.000000
14089 18.931568 -26.163199 48.192665 0.000000
14091 17.364185 -25.872164 49.482064 0.000000
14092 16.630048 -25.621145 50.236344 0.000000
14093 15.928946 -26.412399 50.571479 0.000000
14125 22.807814 -21.603943 46.230258 0.000000
14127 19.968537 -23.892211 47.461214 0.000000
14128 20.589801 -23.779435 46.793685 0.000000
14129 20.099764 -24.989962 47.112382 0.000000
14130 20.462245 -26.011315 47.196394 0.000000
14718 29.770189 -18.694496 40.719263 0.000000
14719 30.467620 -19.767690 40.787751 0.000000
14720 33.416099 -22.430667 40.559458 0.000000
14721 32.746199 -21.514814 39.865447 0.000000
14722 34.106188 -21.974104 40.488231 0.000000
14723 34.781595 -21.315636 40.586853 0.000000
14724 35.320268 -22.040497 41.735624 0.000000
14816 43.539854 -6.119025 24.454753 0.000000
14821 45.173310 -5.980783 22.183693 0.000000
14822 44.402465 -6.751119 22.706941 0.000000
14823 44.186813 -9.584169 23.828316 0.000000
14824 44.629130 -8.925701 23.065818 0.000000
14825 45.196252 -9.908856 23.829230 0.000000
16494 39.180913 -9.003007 27.313895 0.000000
16495 39.301128 -10.050736 26.818956 0.000000
16496 38.587180 -9.972520 27.449044 0.000000
16497 37.267568 -12.010679 28.488234 0.000000
16498 38.010882 -12.008860 28.027996 0.000000
16499 37.939303 -13.096606 28.515630 0.000000
16500 38.855140 -14.176167 29.006003 0.000000
16501 37.939303 -14.223460 29.164895 0.000000
16502 34.964211 -12.325362 31.130955 0.000000
16503 35.484531 -12.218042 30.344714 0.000000
16504 35.121133 -13.396737 30.506345 0.000000
16505 36.565549 -16.740919 31.130042 0.000000
16506 36.410462 -15.653173 30.396764 0.000000
16507 37.504327 -16.614500 30.957452 0.000000
16508 38.431175 -16.395314 30.866135 0.000000
16517 29.703199 -25.660253 43.708076 0.000000
16518 30.850289 -25.543839 43.998465 0.000000
16623 39.275433 -8.173556 28.942994 0.000000
16625 39.614972 -8.095340 28.038954 0.000000
16626 40.015077 -8.137176 27.093820 0.000000
17785 18.664526 -28.497851 50.223560 0.000000
17787 18.407578 -28.925310 51.331238 0.000000
17795 13.681568 -30.114918 55.573836 0.000000
17796 14.469848 -30.165850 56.680601 0.000000
17797 13.488857 -30.439605 56.845885 0.000000
17799 12.541820 -30.723365 57.046783 0.000000
17815 11.670949 -26.997198 54.514556 0.000000
17816 11.876508 -28.158613 54.201338 0.000000
17817 11.112087 -27.967621 54.917265 0.000000
17818 9.541033 -29.743848 56.768266 0.000000
17819 10.320137 -29.812059 56.103476 0.000000
17820 10.013634 -30.735188 57.028520 0.000000
17821 10.701888 -31.248139 57.756318 0.000000
17822 9.821841 -31.460049 57.984611 0.000000
17823 9.677766 -32.109422 59.215567 0.000000
17824 8.996854 -31.525532 58.380928 0.000000
17825 7.294573 -30.174035 59.611884 0.000000
17826 7.488202 -31.519166 59.475821 0.000000
17827 6.847667 -31.196298 60.187182 0.000000
17828 6.537494 -32.188548 60.988034 0.000000
17829 6.360383 -30.757016 61.072959 0.000000
17887 28.847929 -22.595284 43.657852 0.000000
17888 29.437075 -22.761720 43.154694 0.000000
17889 28.516650 -23.410184 42.941925 0.000000
17890 28.669901 -24.332403 42.721850 0.000000
17891 27.885292 -24.075928 42.949230 0.000000
17892 25.900368 -24.942668 43.824962 0.000000
17893 26.839146 -25.290092 43.707163 0.000000
17894 26.457394 -25.777577 44.493404 0.000000
17897 22.686681 -23.717590 45.204765 0.000000
17898 23.496985 -23.973156 44.785619 0.000000
17899 23.012455 -24.781689 45.412969 0.000000
17901 24.321972 -26.386024 47.074942 0.000000
19622 40.602387 -12.198033 27.190617 0.000000
19623 41.623755 -12.291711 27.136739 0.000000
19624 41.764159 -13.142990 28.014298 0.000000
19672 30.527269 -15.353042 35.494092 0.000000
19673 31.189828 -15.638621 34.498734 0.000000
19674 30.859466 -16.406228 35.114212 0.000000
19675 30.001443 -18.629013 38.878308 0.000000
19676 29.599502 -17.745901 38.324013 0.000000
19677 30.491479 -18.555344 38.029058 0.000000
19678 33.533561 -18.568987 37.455586 0.000000
19679 31.908365 -18.397094 36.707698 0.000000
19680 32.961852 -18.426197 36.262983 0.000000
19681 32.635161 -18.129705 35.220140 0.000000
19682 34.039198 -18.540793 35.971681 0.000000
19683 35.167935 -18.672668 35.824660 0.000000
19691 33.359204 -24.311485 43.618585 0.000000
19987 49.728632 -5.842542 17.991319 0.000000
19988 46.328658 -6.847524 20.928995 0.000000
19989 47.015995 -6.108112 20.329954 0.000000
19990 47.094914 -7.334099 20.529025 0.000000
19992 49.001836 -8.469139 20.178367 0.000000
19993 50.105795 -8.974813 20.218547 0.000000
23429 19.332591 -24.166876 48.103174 0.000000
23430 18.728763 -25.088186 48.415479 0.000000
23793 43.730730 -10.218081 24.559767 0.000000
23794 44.910856 -11.217607 25.754197 0.000000
23795 43.763766 -11.055718 25.487550 0.000000
23807 31.273336 -20.944566 41.479023 0.000000
23808 31.273336 -20.844522 40.732961 0.000000
23809 31.844128 -22.029583 40.784099 0.000000
23810 32.612219 -22.761720 40.776793 0.000000
23811 33.566597 -23.190088 41.457107 0.000000
23865 43.063582 -5.902568 26.662803 0.000000
23866 42.222077 -6.642890 25.846427 0.000000
23867 42.596487 -6.763851 24.875725 0.000000
23868 43.087442 -7.083991 24.005472 0.000000
23869 43.628868 -7.429596 23.300503 0.000000
23870 43.034217 -8.150818 23.857538 0.000000
23871 43.255376 -9.226741 24.063002 0.000000
24847 7.718537 -33.422721 62.629918 0.000000
24873 38.230205 -8.967537 28.956692 0.000000
24874 37.966833 -9.921589 28.133924 0.000000
24875 37.448349 -9.947964 28.820629 0.000000
24876 36.953724 -10.954765 28.834327 0.000000
24877 36.609597 -12.047968 29.032485 0.000000
24878 34.162166 -14.532685 31.405820 0.000000
24879 34.869691 -14.559061 30.812258 0.000000
24880 34.764159 -15.683186 31.191224 0.000000
24881 35.600158 -16.779117 31.371119 0.000000
24882 36.751836 -17.663138 31.996642 0.000000
24884 37.043656 -18.290684 33.141760 0.000000
24885 37.386865 -18.611733 34.537087 0.000000
24887 29.306765 -26.480610 45.991920 0.000000
25648 16.699791 -28.313226 50.771463 0.000000
25649 17.372444 -28.934405 51.552226 0.000000
25650 16.389618 -28.891659 51.754037 0.000000
25651 16.128999 -29.350950 52.821535 0.000000
25652 15.835344 -29.644714 53.977611 0.000000
25655 13.943105 -29.704740 54.451548 0.000000
25656 12.990561 -29.773861 54.762026 0.000000
25667 10.455034 -27.751163 55.814001 0.000000
25669 9.338228 -28.650645 57.118010 0.000000
25670 8.839932 -29.696555 57.495151 0.000000
25671 8.480205 -30.712451 58.086886 0.000000
25672 8.296670 -29.479187 58.345314 0.000000
25673 7.817646 -29.106298 59.328800 0.000000
25674 7.420294 -28.639731 60.461134 0.000000
25710 27.208050 -22.753534 43.828615 0.000000
25711 27.102518 -23.739418 43.278885 0.000000
25712 26.366545 -23.369257 43.588451 0.000000
25713 25.643419 -23.954966 43.686160 0.000000
25714 25.088228 -24.593426 44.079737 0.000000
25715 21.969979 -25.741198 46.498731 0.000000
25716 22.737153 -25.628421 46.160857 0.000000
25717 22.582067 -26.497890 47.283145 0.000000
26750 40.842817 -14.042472 28.923818 0.000000
26781 29.700446 -15.974222 37.199898 0.000000
26782 32.825119 -19.705845 39.024416 0.000000
26783 31.816597 -19.060109 38.188863 0.000000
26784 33.430782 -19.121955 38.905703 0.000000
26785 34.056634 -18.627194 38.762335 0.000000
26968 48.628344 -4.617463 19.310853 0.000000
29086 4.115758 -32.795175 63.754946 0.000000
29109 35.387258 -11.408599 32.071522 0.000000
29110 34.566860 -12.371745 31.908064 0.000000
29113 33.958443 -13.357629 31.914457 0.000000
29114 33.549162 -14.441737 32.068783 0.000000
29115 33.213294 -15.450357 32.353692 0.000000
29116 32.970111 -16.382581 32.773752 0.000000
29705 20.901810 -27.726607 48.954251 0.000000
29706 20.671474 -28.252290 50.108500 0.000000
29707 19.939172 -27.852116 49.028218 0.000000
29708 18.988464 -27.868487 49.202634 0.000000
29709 18.027662 -27.865758 49.591645 0.000000
29710 18.126770 -26.045876 48.784401 0.000000
29711 17.583508 -26.876237 49.344175 0.000000
29712 17.106319 -27.635658 49.991614 0.000000
29713 16.216178 -27.501964 50.519428 0.000000
29714 15.312271 -27.154540 51.065505 0.000000
29715 14.461589 -26.947177 51.670025 0.000000
29758 24.221946 -22.069600 45.003868 0.000000
29759 23.495150 -21.844957 45.573687 0.000000
29760 22.617856 -22.692599 45.460454 0.000000
29761 21.940614 -23.647560 45.689660 0.000000
29762 21.269796 -22.605288 46.697802 0.000000
29763 21.261537 -23.689396 46.211081 0.000000
29764 21.486366 -24.733486 46.113372 0.000000
29765 21.190876 -25.813047 46.786380 0.000000
29766 21.029366 -26.869870 47.749776 0.000000
30587 29.434322 -16.472620 41.403229 0.000000
30588 29.198480 -16.639056 40.122049 0.000000
30589 29.338884 -17.571280 40.544847 0.000000
30590 29.773860 -18.691767 39.758606 0.000000
30591 30.685108 -19.632176 39.218008 0.000000
30592 31.445858 -20.777220 40.036211 0.000000
30593 31.778973 -20.560762 39.523921 0.000000
30594 32.219455 -20.216976 39.167784 0.000000
30595 33.937337 -20.458900 39.720253 0.000000
30596 35.433142 -20.530749 40.843455 0.000000
30734 45.922130 -5.230457 21.749023 0.000000
30735 45.726666 -6.356401 21.462287 0.000000
30736 45.735843 -7.553286 21.572781 0.000000
30737 44.378606 -7.837955 22.749860 0.000000
30738 45.170557 -8.262685 22.303319 0.000000
32988 40.397746 -9.232198 25.962400 0.000000
32989 40.800604 -10.334496 25.890259 0.000000
32990 40.039854 -10.178973 26.286576 0.000000
32991 39.759046 -11.163038 26.834479 0.000000
32992 39.648008 -12.068886 27.376904 0.000000
32993 38.221029 -10.931119 27.700167 0.000000
32994 38.794573 -12.016136 27.674598 0.000000
32995 39.684715 -13.099335 28.048999 0.000000
32996 39.837966 -14.116141 28.881812 0.000000
32997 40.099503 -15.032903 29.889041 0.000000
32999 35.991086 -11.143939 30.403157 0.000000
33000 36.025040 -12.139826 29.645224 0.000000
33001 36.382932 -13.206654 29.381317 0.000000
33002 35.608417 -14.531776 30.272573 0.000000
33003 36.352649 -14.468112 29.826945 0.000000
33004 37.147353 -14.334417 29.456197 0.000000
33005 38.166886 -15.396698 29.956615 0.000000
33017 30.454772 -24.507934 42.410458 0.000000
33018 31.527531 -24.452455 42.350189 0.000000
33019 31.124673 -25.025432 43.124559 0.000000
33020 31.979025 -25.219152 44.328120 0.000000
33155 40.969455 -7.331371 26.964150 0.000000
33156 40.538150 -8.240858 26.328582 0.000000
34644 13.700839 -26.529722 52.431611 0.000000
34652 12.940089 -26.397847 53.251639 0.000000
34653 13.148401 -27.436480 52.893676 0.000000
34654 12.693236 -28.267751 53.505501 0.000000
34655 12.335344 -29.083561 54.300874 0.000000
34656 12.034347 -29.785684 55.179346 0.000000
34657 10.671605 -28.839818 55.447818 0.000000
34658 11.186419 -29.814788 55.654195 0.000000
34659 11.778317 -30.431420 56.218536 0.000000
34660 11.592947 -30.990754 57.359088 0.000000
34661 11.384636 -31.361824 58.650314 0.000000
34665 8.729811 -32.860658 60.813619 0.000000
34666 8.226010 -31.589196 58.915133 0.000000
34667 8.045228 -32.397730 59.916883 0.000000
34668 7.880047 -33.032551 61.156971 0.000000
34669 7.047719 -33.118952 61.619036 0.000000
34670 6.197955 -32.955245 61.943213 0.000000
34671 5.451888 -32.563256 62.548646 0.000000
34678 5.874017 -30.204958 62.162374 0.000000
34679 5.316072 -31.134453 62.622613 0.000000
34680 4.741610 -31.967542 63.141295 0.000000
34717 30.660331 -22.985453 42.068019 0.000000
34743 30.043656 -22.892686 42.625054 0.000000
34744 30.085868 -23.793987 42.254306 0.000000
34745 29.512324 -24.471554 42.541042 0.000000
34746 29.048899 -25.066359 42.974799 0.000000
34747 28.727714 -25.672986 43.622238 0.000000
34748 27.332853 -24.715297 43.246924 0.000000
34749 27.753147 -25.524740 43.608540 0.000000
34750 28.449660 -26.115906 44.549108 0.000000
34754 24.113661 -23.211006 44.436788 0.000000
34755 24.270583 -24.206894 44.372866 0.000000
34756 24.697300 -25.194596 44.789272 0.000000
34757 23.541034 -25.642064 45.955393 0.000000
34758 24.476141 -25.849426 45.851291 0.000000
34759 25.346094 -26.050423 45.687834 0.000000
36854 41.624673 -11.414056 26.303926 0.000000
36914 31.729419 -14.887385 33.991923 0.000000
36915 32.019403 -16.007873 33.583736 0.000000
36916 32.636078 -17.116537 33.528945 0.000000
36917 29.261799 -16.781846 38.928533 0.000000
36918 29.540771 -16.906445 37.780675 0.000000
36919 30.051915 -16.974657 36.709524 0.000000
36920 31.176980 -18.459848 37.289388 0.000000
36921 30.812664 -17.830484 36.518671 0.000000
36922 30.762193 -17.137455 35.783567 0.000000
36923 31.575250 -17.338451 34.966278 0.000000
36924 32.537887 -17.690423 34.333450 0.000000
36925 33.681306 -18.052398 33.812029 0.000000
36926 34.954117 -18.603547 34.569962 0.000000
36935 32.558994 -24.223265 42.416851 0.000000
36936 33.551915 -23.850375 42.482599 0.000000
36937 34.509046 -23.292860 42.730982 0.000000
36939 35.424883 -23.177355 44.323554 0.000000
36940 35.467096 -22.672590 43.035981 0.000000
37292 50.922523 -5.757959 16.711965 0.000000
37295 47.769403 -5.394165 19.831362 0.000000
37296 48.399844 -6.008068 19.154701 0.000000
37297 48.011668 -7.913442 20.281555 0.000000
37298 48.551259 -7.285897 19.484356 0.000000
37299 49.146828 -6.642890 18.675285 0.000000
37300 50.042476 -7.282259 18.344717 0.000000
37301 51.012455 -7.874334 18.193131 0.000000
41379 41.471422 -9.561432 25.250126 0.000000
41380 41.799031 -10.121676 25.302176 0.000000
41381 41.365890 -9.999805 25.456503 0.000000
41387 31.065942 -23.447473 41.747495 0.000000
41388 31.493577 -23.457477 41.573079 0.000000
41389 31.347667 -23.814905 41.805938 0.000000
41418 41.063976 -8.917516 25.472940 0.000000
41419 41.371396 -8.461863 25.294871 0.000000
41420 41.410856 -9.033020 25.188030 0.000000
41421 41.756818 -9.106689 24.959737 0.000000
41965 5.394075 -33.433635 63.419812 0.000000
41982 33.724437 -17.006489 32.523543 0.000000
41983 34.191532 -17.137455 32.318992 0.000000
41984 34.185108 -17.513073 32.665084 0.000000
41985 34.721946 -17.960540 32.915293 0.000000
41986 34.255769 -17.886872 33.084230 0.000000
42410 14.409282 -27.848478 52.006072 0.000000
42411 14.625852 -28.272299 52.103782 0.000000
42412 14.222077 -28.176803 52.333901 0.000000
42413 14.002753 -28.528774 52.684559 0.000000
42414 13.788936 -28.095858 52.599634 0.000000
42444 25.593865 -21.780384 45.078748 0.000000
42445 25.395648 -22.234217 44.550934 0.000000
42446 25.108417 -21.977742 44.877850 0.000000
42447 21.666230 -27.682042 49.467453 0.000000
42448 22.050735 -27.514696 49.371570 0.000000
43039 29.461852 -15.618612 40.399653 0.000000
44807 19.553750 -25.733922 47.625585 0.000000
44808 19.304143 -26.203217 47.932411 0.000000
44809 19.153645 -25.708456 47.947935 0.000000
44847 19.670294 -24.570688 47.540660 0.000000
44848 20.003409 -24.443360 47.217397 0.000000
44849 19.751967 -25.090915 47.405511 0.000000
44850 19.885029 -25.620236 47.358026 0.000000
45438 30.189565 -19.214722 41.280864 0.000000
45439 30.544704 -19.773147 41.194113 0.000000
45440 33.919901 -22.601650 40.984997 0.000000
45441 33.778580 -22.227851 40.501928 0.000000
45442 34.364972 -22.339718 41.018784 0.000000
45443 34.724699 -22.051411 41.065356 0.000000
45444 34.868774 -22.384283 41.579472 0.000000
45536 43.717882 -6.242716 23.973511 0.000000
45537 43.995019 -5.794339 24.327822 0.000000
45538 44.155612 -5.896201 23.806400 0.000000
45540 44.331805 -6.021710 23.290458 0.000000
45541 44.548375 -6.168138 22.871312 0.000000
45542 44.136341 -6.577407 23.088647 0.000000
45543 44.459361 -10.049826 24.183540 0.000000
45544 44.692450 -9.755153 23.804574 0.000000
45545 45.015470 -10.203530 24.255681 0.000000
45546 45.548638 -10.319034 24.399962 0.000000
47170 9.039067 -32.985258 62.115802 0.000000
47214 38.911118 -8.974813 27.698340 0.000000
47215 38.835869 -9.493221 27.358640 0.000000
47216 38.575250 -9.447746 27.710212 0.000000
47217 37.177636 -12.567285 28.675435 0.000000
47218 37.569482 -12.523630 28.438010 0.000000
47219 37.504327 -13.097516 28.685480 0.000000
47220 37.924621 -13.653212 28.818803 0.000000
47221 37.506162 -13.682316 28.964910 0.000000
47222 34.720111 -12.843769 31.129129 0.000000
47223 34.988071 -12.823760 30.758381 0.000000
47224 34.823808 -13.421293 30.821389 0.000000
47225 37.143682 -17.162011 31.472481 0.000000
47226 37.024385 -16.695444 31.022287 0.000000
47227 37.627295 -17.081067 31.425909 0.000000
47237 29.601338 -25.911272 44.150052 0.000000
47238 30.145517 -25.863069 44.307117 0.000000
47239 30.043656 -26.103173 44.827625 0.000000
47343 38.913871 -8.513704 28.511064 0.000000
47344 39.436026 -8.124443 28.487321 0.000000
47345 39.100158 -8.518251 28.070915 0.000000
47346 39.312140 -8.539169 27.632592 0.000000
48505 18.168065 -28.476933 50.292961 0.000000
48506 18.561747 -28.750689 50.781508 0.000000
48507 18.019403 -28.714309 50.821688 0.000000
48515 13.236497 -30.228604 55.782953 0.000000
48516 13.595307 -30.313186 56.204838 0.000000
48517 13.105270 -30.412320 56.299808 0.000000
48518 13.000656 -30.607860 56.896110 0.000000
48519 12.647352 -30.534192 56.417607 0.000000
48536 11.368118 -27.473769 54.695365 0.000000
48538 9.365758 -30.214962 57.101573 0.000000
48539 9.759439 -30.296816 56.822143 0.000000
48540 9.610776 -30.653334 57.202022 0.000000
48541 9.897090 -31.070789 57.455884 0.000000
48542 9.485973 -31.147186 57.696962 0.000000
48543 9.398794 -31.547360 58.211991 0.000000
48544 9.112481 -31.096254 57.857680 0.000000
48545 7.044048 -30.038521 60.132392 0.000000
48546 7.053225 -30.692442 59.882183 0.000000
48547 6.825643 -30.524187 60.353380 0.000000
48548 6.596225 -30.975293 60.632810 0.000000
48549 6.608154 -30.191315 60.834622 0.000000
48605 28.028448 -22.674409 43.775651 0.000000
48606 28.558863 -22.455223 44.029513 0.000000
48607 28.306503 -22.836298 43.515397 0.000000
48608 28.615758 -22.960897 43.268840 0.000000
48609 28.190876 -23.281036 43.169305 0.000000
48610 28.190876 -23.742146 42.948317 0.000000
48611 27.827478 -23.596628 43.102643 0.000000
48612 25.738857 -25.253713 44.182013 0.000000
48613 26.170163 -25.378312 44.104393 0.000000
48614 26.020583 -25.696633 44.544542 0.000000
48615 26.305061 -26.026776 44.988344 0.000000
48616 25.833378 -25.908543 44.994736 0.000000
48617 22.429733 -24.179609 45.443103 0.000000
48618 22.807814 -24.259644 45.244945 0.000000
48619 22.610514 -24.701654 45.526202 0.000000
50342 40.647353 -12.670966 27.559538 0.000000
50343 41.148401 -12.684609 27.540362 0.000000
50344 41.209885 -13.142990 27.965900 0.000000
50390 30.053750 -15.614065 36.334210 0.000000
50391 30.248296 -15.189335 36.051127 0.000000
50392 30.330887 -15.751397 35.769870 0.000000
50393 30.650237 -15.906010 35.273104 0.000000
50394 30.499738 -16.275262 35.559840 0.000000
50395 30.525433 -19.034644 38.715763 0.000000
50396 30.213425 -18.609004 38.449117 0.000000
50397 30.792476 -18.950062 38.364192 0.000000
50398 34.038281 -18.518965 37.345092 0.000000
50399 33.181175 -18.525331 36.799928 0.000000
50400 33.737284 -18.511689 36.666605 0.000000
50401 33.489513 -18.475310 36.102265 0.000000
50402 34.353960 -18.536245 36.599030 0.000000
50403 34.828396 -18.563530 36.529629 0.000000
50705 49.485449 -4.691132 18.388549 0.000000
50706 49.718538 -5.050379 18.032412 0.000000
50707 49.404694 -5.463286 18.260705 0.000000
50708 46.422261 -7.486893 21.042228 0.000000
50709 46.692057 -7.075805 20.714399 0.000000
50710 46.837049 -7.697894 20.879683 0.000000
54407 19.357368 -23.669387 48.445614 0.000000
54408 19.056372 -24.084113 48.569805 0.000000
54409 19.117856 -23.582986 48.931421 0.000000
54450 19.685894 -23.515684 48.134222 0.000000
55014 43.209492 -10.080749 24.644692 0.000000
55015 43.720635 -10.644630 25.030964 0.000000
55016 43.190221 -10.510936 25.027312 0.000000
55017 42.674490 -11.238525 25.847340 0.000000
55018 43.215916 -11.328564 25.873822 0.000000
55037 31.402727 -21.535732 41.392271 0.000000
55038 31.517436 -21.513904 41.048005 0.000000
55039 31.665182 -22.089609 41.083619 0.000000
55040 32.291951 -23.345610 41.237032 0.000000
55041 32.270845 -22.900871 40.924727 0.000000
55042 32.698480 -23.168260 41.132017 0.000000
55043 33.088490 -22.998186 41.040700 0.000000
55044 33.130703 -23.371076 41.456193 0.000000
55133 41.632014 -6.960301 26.432684 0.000000
55134 42.104615 -6.607420 26.336801 0.000000
55135 41.767830 -7.020327 25.967879 0.000000
55136 42.049555 -7.677885 24.873899 0.000000
55137 42.179864 -7.157659 25.084841 0.000000
55138 42.423965 -7.274073 24.665695 0.000000
55139 42.822235 -6.898455 24.420052 0.000000
55140 42.714867 -7.437781 24.236504 0.000000
55141 43.033299 -7.608764 23.891325 0.000000
55142 42.704773 -7.966193 24.153406 0.000000
55143 42.542345 -9.401362 24.556115 0.000000
55144 42.827741 -9.049391 24.238331 0.000000
55145 43.000263 -9.573255 24.379872 0.000000
55146 43.466440 -9.729687 24.269379 0.000000
56770 7.245018 -33.558234 62.789723 0.000000
56814 38.062271 -8.992093 29.431541 0.000000
56815 37.827347 -9.426828 28.907380 0.000000
56816 37.623624 -9.458660 29.313742 0.000000
56817 36.679340 -10.442724 29.600478 0.000000
56818 36.888569 -10.405436 29.207814 0.000000
56819 36.666493 -10.973865 29.165808 0.000000
56820 36.758260 -11.489543 28.931123 0.000000
56821 36.470111 -11.514100 29.245254 0.000000
56822 34.064893 -15.053821 31.561972 0.000000
56823 34.425538 -15.102934 31.272497 0.000000
56824 34.362219 -15.643169 31.474308 0.000000
56825 35.134898 -17.243865 31.936373 0.000000
56826 35.118380 -16.756380 31.572930 0.000000
56827 35.650630 -17.264783 31.788439 0.000000
56828 36.170032 -17.259326 31.667900 0.000000
56829 36.237940 -17.705884 32.108049 0.000000
56830 36.905087 -18.036028 32.520803 0.000000
56831 36.355402 -18.057855 32.586551 0.000000
56832 36.080100 -18.569896 33.839424 0.000000
56833 36.644468 -18.553525 33.812029 0.000000
56834 36.835344 -18.657207 34.509692 0.000000
56836 37.039985 -18.699953 35.195485 0.000000
56946 38.563320 -8.601014 29.369446 0.000000
58105 16.261143 -28.269570 51.003409 0.000000
58106 16.570399 -28.655192 51.281014 0.000000
58107 16.021631 -28.524226 51.441732 0.000000
58108 15.213162 -29.003526 52.513796 0.000000
58109 15.721552 -29.056276 52.381386 0.000000
58110 15.556372 -29.272734 52.857149 0.000000
58111 15.961982 -29.466454 53.322867 0.000000
58112 15.471946 -29.526481 53.533809 0.000000
58113 15.366414 -29.666541 54.058883 0.000000
58114 14.997509 -29.503743 53.625127 0.000000
58115 13.699004 -29.137220 53.627866 0.000000
58116 14.034872 -29.470092 53.957521 0.000000
58117 13.561353 -29.412795 54.050665 0.000000
58118 13.425538 -29.710197 54.580305 0.000000
58119 13.120871 -29.440989 54.285350 0.000000
58140 9.050079 -28.538778 57.532591 0.000000
58141 9.078527 -29.179966 57.309777 0.000000
58142 8.782119 -29.124488 57.726183 0.000000
58143 8.546277 -29.622886 57.908818 0.000000
58144 8.515994 -29.043543 58.183682 0.000000
58148 7.621264 -28.908939 59.876704 0.000000
58205 26.850158 -21.918626 44.936293 0.000000
58207 27.139224 -22.124170 44.619422 0.000000
58208 27.485187 -22.321528 44.374692 0.000000
58209 26.907971 -22.555266 44.082477 0.000000
58210 26.767567 -23.030928 43.701684 0.000000
58211 26.438123 -22.874496 43.874273 0.000000
58212 25.244232 -23.270123 43.972896 0.000000
58213 25.607630 -23.434740 43.759214 0.000000
58214 25.286445 -23.797625 43.829528 0.000000
58215 25.375459 -24.305118 43.840486 0.000000
58216 24.956083 -24.109579 44.000291 0.000000
58217 21.843341 -26.204126 46.921529 0.000000
58218 22.267305 -26.171385 46.827473 0.000000
58219 22.169114 -26.564283 47.380855 0.000000
59993 29.692187 -15.458543 37.534119 0.000000
59994 29.538018 -15.908739 37.828160 0.000000
59995 33.618905 -19.742224 39.388771 0.000000
59996 33.105009 -19.421176 38.959580 0.000000
59997 33.860252 -19.403895 39.400643 0.000000
59998 35.132145 -18.636289 40.112004 0.000000
59999 34.442974 -18.753612 39.472783 0.000000
60000 34.771500 -18.446206 39.418906 0.000000
63970 3.800079 -32.535062 63.806084 0.000000
64020 34.952282 -11.879713 31.976552 0.000000
64029 33.740955 -13.342168 32.295249 0.000000
64030 33.697824 -13.905140 31.949157 0.000000
64031 33.463818 -13.852390 32.323558 0.000000
64032 32.710410 -14.752781 32.914380 0.000000
64033 33.047195 -14.820993 32.541806 0.000000
64034 32.863661 -15.352133 32.686087 0.000000
64035 33.026089 -15.894187 32.576507 0.000000
64036 32.676456 -15.789596 32.891551 0.000000
65297 20.561353 -27.477407 48.472096 0.000000
65298 20.442056 -27.803004 48.915897 0.000000
65299 20.107106 -27.466494 48.497665 0.000000
65300 18.860908 -27.081781 48.597200 0.000000
65301 19.146303 -27.521063 48.818188 0.000000
65302 18.681962 -27.391916 48.895808 0.000000
65303 18.517698 -27.860301 49.410837 0.000000
65304 18.249738 -27.450123 49.197154 0.000000
65305 18.360776 -25.070906 48.756092 0.000000
65306 18.402989 -25.577490 48.609985 0.000000
65307 18.071710 -25.500184 48.964296 0.000000
65308 17.043000 -26.285980 49.676570 0.000000
65309 17.433010 -26.394209 49.353307 0.000000
65310 17.154038 -26.747090 49.616301 0.000000
65311 17.318301 -27.267316 49.619040 0.000000
65312 16.909020 -27.153630 49.899384 0.000000
65313 16.607106 -27.517425 50.227213 0.000000
65314 16.452019 -27.049039 50.197991 0.000000
65315 15.511406 -26.299622 50.910266 0.000000
65316 15.580231 -26.827125 50.783335 0.000000
65317 15.178291 -26.652503 51.120295 0.000000
65318 14.858023 -27.031759 51.360460 0.000000
65319 14.757997 -26.571559 51.472780 0.000000
65410 24.012717 -21.460244 45.716142 0.000000
65411 23.699791 -21.363839 46.050363 0.000000
65412 22.293918 -22.067781 46.095108 0.000000
65413 22.680257 -22.088700 45.823896 0.000000
65414 22.248952 -22.593465 45.777324 0.000000
65415 22.268223 -23.130971 45.520723 0.000000
65416 21.884636 -23.075493 45.843986 0.000000
65420 20.667803 -24.302390 46.667667 0.000000
65421 20.922916 -23.748513 46.483207 0.000000
65422 20.968800 -24.244183 46.370886 0.000000
65423 21.350551 -24.220536 46.116111 0.000000
65424 21.128474 -24.804426 46.414719 0.000000
65425 21.323021 -25.326472 46.494165 0.000000
65426 20.992659 -25.357394 46.638446 0.000000
65427 20.350289 -26.595205 47.611887 0.000000
65428 20.734793 -26.492433 47.400945 0.000000
65429 20.622837 -26.980828 47.884926 0.000000
65430 20.908233 -27.324614 48.279416 0.000000
67187 29.476534 -16.989209 41.511897 0.000000
67188 29.312271 -17.056511 40.926553 0.000000
67189 29.433404 -17.554000 41.101883 0.000000
67190 30.047326 -19.261106 40.345776 0.000000
67191 29.714211 -18.683582 40.242587 0.000000
67192 30.090457 -19.259287 39.878232 0.000000
67193 30.177636 -19.196532 39.467304 0.000000
67194 30.575905 -19.733129 39.549490 0.000000
67195 31.705559 -21.396580 40.413351 0.000000
67196 31.357762 -20.833608 40.339384 0.000000
67197 31.876246 -21.312908 40.097393 0.000000
67198 33.080231 -21.338373 39.735777 0.000000
67199 32.293787 -21.034605 39.657244 0.000000
67200 32.547064 -20.859983 39.511137 0.000000
67201 32.015732 -20.388869 39.313891 0.000000
67202 32.830625 -20.613512 39.407035 0.000000
67203 33.130703 -20.367951 39.356810 0.000000
67204 33.673965 -20.805414 39.672768 0.000000
67205 35.490037 -21.315636 41.294562 0.000000
67206 35.123886 -20.944566 40.700087 0.000000
67488 43.723388 -5.630631 25.953268 0.000000
67501 46.220373 -4.662937 22.002885 0.000000
67502 45.770714 -5.049469 22.208349 0.000000
67503 45.088884 -6.541937 22.065894 0.000000
67504 45.439435 -6.149948 21.798335 0.000000
67505 45.376115 -6.732019 21.764547 0.000000
67506 45.717489 -6.958482 21.465940 0.000000
67507 45.356844 -7.328643 21.823903 0.000000
67508 43.657316 -7.980744 23.319680 0.000000
67509 43.991349 -7.636958 23.017420 0.000000
67510 44.064762 -8.189017 23.069470 0.000000
67511 45.088884 -9.131245 22.977240 0.000000
67512 44.896173 -8.603743 22.679546 0.000000
67513 45.325643 -8.819291 22.538917 0.000000
67514 45.611039 -8.501880 22.154472 0.000000
72519 40.069219 -9.180357 26.244570 0.000000
72520 40.197694 -9.706950 26.103029 0.000000
72521 39.868249 -9.618730 26.364196 0.000000
72522 39.084558 -10.540949 27.023506 0.000000
72523 39.457132 -10.585514 26.769644 0.000000
72524 39.328658 -11.076637 27.027159 0.000000
72525 39.705821 -11.614143 27.078296 0.000000
72526 39.270845 -11.540475 27.249973 0.000000
72527 37.733745 -10.428173 28.171364 0.000000
72528 38.042083 -10.414530 27.854493 0.000000
72529 37.886996 -10.909291 27.965900 0.000000
72530 38.355926 -12.533634 28.077307 0.000000
72531 38.401810 -12.002494 27.837143 0.000000
72532 38.767961 -12.552733 27.931199 0.000000
72533 39.218538 -12.565466 27.809747 0.000000
72534 39.226797 -13.083873 28.122966 0.000000
72535 39.751705 -13.589548 28.436184 0.000000
72536 39.297458 -13.631384 28.518369 0.000000
72537 38.981778 -14.713673 29.409625 0.000000
72538 39.503934 -14.674565 29.384970 0.000000
72539 39.603960 -15.136585 29.870777 0.000000
72543 36.179209 -10.691014 30.860656 0.000000
72544 35.811223 -11.218516 30.800387 0.000000
72545 35.579969 -12.767372 30.056151 0.000000
72546 35.755245 -12.180753 29.973052 0.000000
72547 35.873624 -12.715531 29.747499 0.000000
72548 36.162691 -12.651867 29.459850 0.000000
72549 36.058076 -13.268499 29.630613 0.000000
72550 35.219324 -15.156593 30.716375 0.000000
72551 35.243184 -14.561789 30.518216 0.000000
72552 35.609335 -15.140222 30.490821 0.000000
72553 36.827085 -15.603151 30.250657 0.000000
72554 36.355402 -15.051093 30.087199 0.000000
72555 36.764683 -15.006528 29.917349 0.000000
72556 36.738071 -14.385349 29.610523 0.000000
72557 37.184059 -14.961054 29.775807 0.000000
72558 37.599765 -14.911941 29.657095 0.000000
72559 37.718144 -15.482189 30.031495 0.000000
72587 30.213425 -24.830802 42.672539 0.000000
72588 30.742004 -24.810793 42.703587 0.000000
72589 30.588753 -25.090005 43.044200 0.000000
72590 31.256818 -25.631150 44.681518 0.000000
72591 31.435764 -25.393774 44.171054 0.000000
72916 41.346619 -6.973943 27.360467 0.000000
72917 40.825381 -7.345013 27.423476 0.000000
72918 39.829707 -8.632846 26.796126 0.000000
72919 40.241742 -8.194474 26.713028 0.000000
72920 40.092161 -8.701967 26.451860 0.000000
72921 40.399581 -8.741075 26.127684 0.000000
76390 20.198873 -28.342329 50.085671 0.000000
76391 20.583377 -28.432368 50.702062 0.000000
76392 20.065811 -28.567882 50.696583 0.000000
76398 17.263241 -29.183604 52.152180 0.000000
76422 15.065417 -29.985771 56.034075 0.000000
76456 14.008259 -26.247782 52.200578 0.000000
76476 12.270189 -26.659779 53.900905 0.000000
76477 12.627163 -26.164109 53.742013 0.000000
76478 12.643681 -26.758004 53.442492 0.000000
76479 13.003409 -26.894427 53.024259 0.000000
76480 12.747378 -27.317338 53.268076 0.000000
76481 12.883194 -27.883948 53.171280 0.000000
76482 12.472994 -27.783904 53.505501 0.000000
76483 11.647090 -28.573339 54.469811 0.000000
76484 12.067384 -28.596985 54.152940 0.000000
76485 11.893944 -29.080832 54.550170 0.000000
76486 12.182093 -29.438260 54.729152 0.000000
76487 11.727845 -29.383691 54.949226 0.000000
76488 10.217357 -28.218639 55.971066 0.000000
76489 10.503671 -28.367795 55.532743 0.000000
76490 10.278841 -28.878926 55.804869 0.000000
76491 10.589932 -30.195863 56.277892 0.000000
76492 10.743183 -29.813878 55.878836 0.000000
76493 11.033167 -30.179492 56.088865 0.000000
76494 11.484662 -30.128561 55.856920 0.000000
76495 11.360776 -30.503269 56.356425 0.000000
76496 11.702150 -30.706085 56.739957 0.000000
76497 11.235973 -30.780663 56.931723 0.000000
76498 10.604615 -31.527351 58.298742 0.000000
76499 11.012979 -31.323626 58.151721 0.000000
76500 10.931306 -31.558273 58.835687 0.000000
76505 9.261143 -32.194005 59.366241 0.000000
76506 9.622706 -32.335884 59.828306 0.000000
76507 9.176718 -32.484131 59.978979 0.000000
76508 9.138175 -32.707864 60.648334 0.000000
76509 8.792213 -32.609640 60.163440 0.000000
76510 8.173702 -30.567843 58.422934 0.000000
76511 8.346225 -31.133543 58.432065 0.000000
76512 7.979156 -31.058056 58.760807 0.000000
76513 7.364316 -31.934801 59.918710 0.000000
76514 7.724961 -32.004831 59.643845 0.000000
76515 7.636864 -32.408643 60.127826 0.000000
76516 7.958049 -32.717869 60.487616 0.000000
76517 7.559780 -32.764253 60.739652 0.000000
76518 7.472601 -33.070750 61.351477 0.000000
76519 7.154169 -32.748791 60.956073 0.000000
76520 6.195202 -32.013017 61.290294 0.000000
76521 6.357630 -32.577808 61.450100 0.000000
76522 6.003409 -32.395911 61.731357 0.000000
76523 5.786838 -32.807908 62.269215 0.000000
76524 5.681306 -32.140345 62.069230 0.000000
76541 6.171343 -29.719292 62.010787 0.000000
76542 5.944678 -29.394605 62.646355 0.000000
76544 5.350944 -30.365937 62.867343 0.000000
76545 5.036183 -30.856150 63.072807 0.000000
76546 5.042606 -31.551907 62.881041 0.000000
76547 4.703068 -31.299979 63.246309 0.000000
76549 4.455296 -30.994392 63.512043 0.000000
76635 30.975092 -22.618930 42.032405 0.000000
76700 29.254458 -23.180993 42.787599 0.000000
76701 29.749083 -22.862673 42.863392 0.000000
76702 29.652727 -23.287403 42.574829 0.000000
76703 29.991348 -23.339244 42.332839 0.000000
76704 29.666492 -23.763064 42.393108 0.000000
76705 29.783037 -24.112307 42.388542 0.000000
76706 29.326036 -24.055010 42.472554 0.000000
76707 28.397352 -24.637081 42.864305 0.000000
76708 28.836000 -24.734396 42.801296 0.000000
76709 28.597405 -25.033617 42.995802 0.000000
76710 28.885554 -25.398321 43.271580 0.000000
76711 28.422130 -25.330110 43.296235 0.000000
76712 26.798768 -24.099574 43.324544 0.000000
76713 27.142895 -24.246002 43.182089 0.000000
76714 26.907971 -24.578874 43.291670 0.000000
76715 27.150237 -25.675715 44.087043 0.000000
76716 27.308994 -25.406507 43.688900 0.000000
76717 27.582460 -25.756659 44.029513 0.000000
76718 28.089932 -25.844879 44.030426 0.000000
76719 27.965129 -26.071341 44.552760 0.000000
76720 28.350551 -26.330545 45.131712 0.000000
76721 27.805454 -26.293256 45.038568 0.000000
76727 23.784217 -22.467956 44.921682 0.000000
76728 24.121002 -22.605288 44.645904 0.000000
76729 23.735580 -23.031837 44.677865 0.000000
76730 23.671343 -24.479740 44.869631 0.000000
76731 23.868642 -24.070471 44.590201 0.000000
76732 24.049424 -24.597064 44.701608 0.000000
76733 24.462376 -24.706202 44.525365 0.000000
76734 24.277006 -25.074544 44.923508 0.000000
76735 23.063844 -26.064975 46.612877 0.000000
76736 23.134505 -25.622055 46.054016 0.000000
76737 23.459361 -26.021319 46.510602 0.000000
76738 24.734924 -26.426041 46.995496 0.000000
76739 24.349502 -26.112268 46.401934 0.000000
76740 24.815680 -26.173204 46.333446 0.000000
76741 24.880834 -25.926733 45.731666 0.000000
81902 40.701495 -10.793786 26.177909 0.000000
81903 41.180520 -10.876550 26.024496 0.000000
81904 41.134636 -11.338569 26.380633 0.000000
82053 31.752360 -14.275301 34.287791 0.000000
82054 31.407316 -14.703669 34.484123 0.000000
82055 31.391715 -16.220692 34.346234 0.000000
82056 31.581673 -15.819609 34.027537 0.000000
82057 31.838621 -16.414413 33.905172 0.000000
82058 32.299293 -16.577211 33.496071 0.000000
82059 32.166230 -16.941006 33.876864 0.000000
82060 29.221422 -17.179291 39.774130 0.000000
82061 29.212245 -16.713634 39.505657 0.000000
82062 29.265470 -17.242046 39.159565 0.000000
82063 29.821579 -17.767729 37.848250 0.000000
82064 29.523336 -17.332085 38.073803 0.000000
82065 29.759177 -17.355732 37.569732 0.000000
82066 29.783037 -16.947372 37.232772 0.000000
82067 30.051915 -17.390292 37.064748 0.000000
82068 32.195596 -18.917320 37.956917 0.000000
82069 31.472470 -18.757250 37.729537 0.000000
82070 31.828527 -18.679944 37.445541 0.000000
82071 31.737678 -18.164265 36.241980 0.000000
82072 31.308207 -18.138800 36.555198 0.000000
82073 31.230205 -17.886872 36.131486 0.000000
82074 30.753016 -17.482150 36.115962 0.000000
82075 31.167803 -17.574918 35.744301 0.000000
82076 31.143944 -17.229313 35.370814 0.000000
82077 31.620216 -17.687694 35.388164 0.000000
82078 33.166493 -18.255214 35.002805 0.000000
82079 32.574594 -17.928708 34.769946 0.000000
82080 33.116021 -18.096054 34.517911 0.000000
82081 33.094914 -17.884143 34.055846 0.000000
82082 33.669377 -18.267037 34.289618 0.000000
82083 34.262193 -18.376176 34.125247 0.000000
82084 34.364054 -18.518965 34.694153 0.000000
82086 35.882801 -18.702681 35.882190 0.000000
82105 31.869822 -24.662547 42.790338 0.000000
82106 32.022156 -24.359688 42.373018 0.000000
82107 32.395648 -24.503386 42.853347 0.000000
82108 33.818039 -24.065014 43.760127 0.000000
82109 33.413346 -24.120493 43.019544 0.000000
82110 33.930913 -23.859470 43.151954 0.000000
82111 34.017174 -23.583896 42.557479 0.000000
82112 34.438386 -23.565706 43.300801 0.000000
82119 35.447825 -22.957259 43.707163 0.000000
82121 35.955297 -22.296063 43.202179 0.000000
82998 50.345308 -5.834356 17.376755 0.000000
82999 50.589408 -5.395074 17.004180 0.000000
83000 50.713294 -6.214522 17.121066 0.000000
83002 50.928947 -6.939382 17.358491 0.000000
83003 46.599372 -5.038555 21.149982 0.000000
83006 47.374804 -6.400966 20.069700 0.000000
83007 47.389487 -5.757959 20.078831 0.000000
83008 47.703331 -6.040810 19.788442 0.000000
83009 48.073152 -5.702481 19.473398 0.000000
83010 48.051128 -6.346397 19.498967 0.000000
83014 49.239513 -8.168099 19.705344 0.000000
83015 48.743053 -7.882520 19.760134 0.000000
83016 49.015601 -7.596032 19.344641 0.000000
83017 48.843079 -6.983947 19.083473 0.000000
83018 49.300080 -7.299539 18.894447 0.000000
83019 49.581805 -6.958482 18.489912 0.000000
83020 49.786446 -7.577842 18.773908 0.000000
92913 42.300997 -9.796080 24.887596 0.000000
92914 42.729550 -10.406345 25.096713 0.000000
92915 42.260620 -10.269013 25.188030 0.000000
92916 42.178029 -10.695562 25.499422 0.000000
92917 42.164264 -11.108469 25.858298 0.000000
92927 31.415575 -22.607107 41.500939 0.000000
92928 31.685370 -22.574365 41.177676 0.000000
92929 31.591768 -23.045479 41.385879 0.000000
92930 31.893682 -23.409274 41.409622 0.000000
92931 32.238726 -23.722137 41.563948 0.000000
92984 41.185108 -7.845231 25.816292 0.000000
92985 41.558601 -7.468703 25.680230 0.000000
92986 41.440221 -7.956188 25.442805 0.000000
92987 41.715523 -8.071693 25.075710 0.000000
92988 42.020190 -8.200840 24.716833 0.000000
92989 42.384505 -8.331806 24.421878 0.000000
92990 42.047720 -8.724704 24.705875 0.000000
92991 42.130310 -9.241293 24.750620 0.000000
93967 6.335606 -33.612804 63.057283 0.000000
93994 37.414395 -9.516867 29.723756 0.000000
93995 37.281333 -9.535966 30.164819 0.000000
93996 36.813320 -10.022542 30.064370 0.000000
93997 36.494888 -10.500932 30.012319 0.000000
93998 33.859335 -16.126106 31.971986 0.000000
93999 34.281464 -16.192498 31.709906 0.000000
94000 34.200709 -16.654518 31.983858 0.000000
94001 34.653121 -17.202938 32.125399 0.000000
94002 35.185370 -17.680418 32.349127 0.000000
94003 35.778186 -18.051489 32.682435 0.000000
94004 35.234925 -18.026933 32.796581 0.000000
94005 35.387258 -18.344344 33.311610 0.000000
94006 35.510226 -18.543521 33.864079 0.000000
94768 15.284741 -27.998543 51.444471 0.000000
94769 15.547195 -28.423273 51.615235 0.000000
94770 15.097536 -28.375071 51.849920 0.000000
94771 14.924096 -28.693391 52.301027 0.000000
94772 14.735055 -28.910758 52.689125 0.000000
94773 14.617593 -29.175419 53.178585 0.000000
94774 14.292738 -28.877107 52.891849 0.000000
94775 13.853173 -28.848913 53.181325 0.000000
94776 13.384243 -28.756145 53.363046 0.000000
94791 8.599502 -28.293217 58.603742 0.000000
94830 26.283037 -22.186924 44.549108 0.000000
94831 26.105926 -22.658038 44.077911 0.000000
94832 25.786576 -22.457042 44.328120 0.000000
94833 25.302963 -22.743530 44.213974 0.000000
94834 24.872575 -23.004553 44.174707 0.000000
94835 21.725879 -27.036306 48.044731 0.000000
94836 22.100289 -26.938082 47.961632 0.000000
94837 22.073676 -27.240031 48.616377 0.000000
95901 29.399450 -15.773225 39.059116 0.000000
95902 35.189041 -19.756776 40.469967 0.000000
95903 34.644862 -19.376611 39.980507 0.000000
95904 35.417541 -19.313856 40.634338 0.000000
98323 33.216964 -13.799639 32.722614 0.000000
98324 32.978370 -13.704143 33.134455 0.000000
98325 32.683797 -14.178895 33.191071 0.000000
98326 32.412166 -14.647281 33.286041 0.000000
99083 19.970373 -26.712529 47.818264 0.000000
99084 19.791427 -27.075414 48.193578 0.000000
99085 19.509701 -26.651594 47.999986 0.000000
99086 19.112350 -26.645227 48.232845 0.000000
99087 18.639749 -26.607938 48.486706 0.000000
99089 17.692711 -25.409235 49.295777 0.000000
99090 17.350420 -25.383769 49.675657 0.000000
99091 16.979680 -25.841241 49.797109 0.000000
99092 16.668590 -26.156833 50.035447 0.000000
99093 16.340063 -26.519718 50.239997 0.000000
99154 21.980074 -22.125989 46.370886 0.000000
99155 20.261275 -23.346520 47.447516 0.000000
99156 20.602649 -23.241929 47.062158 0.000000
99157 20.274122 -23.859470 47.147083 0.000000
99158 20.326429 -24.362416 46.956230 0.000000
99159 20.427373 -24.887190 46.853041 0.000000
99160 20.619167 -25.456528 46.876784 0.000000
99161 20.253016 -25.502912 47.107816 0.000000
99162 20.097929 -26.159561 47.435645 0.000000
100218 29.630703 -18.098782 41.190460 0.000000
100219 29.893157 -18.627194 41.296388 0.000000
100220 30.059256 -19.211994 40.811494 0.000000
100221 30.425407 -19.767690 40.410611 0.000000
100222 32.873755 -22.188743 40.304683 0.000000
100223 32.458968 -21.680340 40.038037 0.000000
100224 33.147221 -21.997751 40.169534 0.000000
100225 33.461983 -21.799483 40.075477 0.000000
100226 33.834558 -21.553012 40.042603 0.000000
100227 34.144731 -21.233782 40.073651 0.000000
100228 34.462245 -21.658512 40.511973 0.000000
100229 35.101862 -21.712172 41.143888 0.000000
100230 35.709361 -21.665788 41.863468 0.000000
100396 43.372838 -6.022620 24.999003 0.000000
100399 44.393289 -5.388708 24.685785 0.000000
100405 45.345832 -5.425087 22.419292 0.000000
100406 44.954904 -5.779787 22.644845 0.000000
100407 44.808994 -6.350945 22.447600 0.000000
100408 44.708968 -6.925740 22.381852 0.000000
100409 43.927112 -9.051210 23.569889 0.000000
100410 44.175801 -8.715610 23.213752 0.000000
100411 44.392371 -9.243112 23.457569 0.000000
100412 44.883325 -9.438651 23.381775 0.000000
100413 45.343997 -9.603268 23.376296 0.000000
100414 45.857893 -9.756972 23.421042 0.000000
100415 45.656005 -10.026180 23.902283 0.000000
103416 39.462638 -9.048482 26.931276 0.000000
103417 39.515863 -9.561432 26.670108 0.000000
103418 39.157971 -9.525962 27.007982 0.000000
103419 38.938648 -10.012537 27.126695 0.000000
103420 38.734007 -10.486380 27.279194 0.000000
103421 37.375853 -11.468625 28.370435 0.000000
103422 37.701626 -11.464078 28.126618 0.000000
103423 37.640142 -12.001584 28.240765 0.000000
103424 37.954904 -12.520901 28.246244 0.000000
103425 38.382539 -13.114796 28.367696 0.000000
103426 38.831280 -13.652302 28.610599 0.000000
103427 38.363268 -13.638660 28.701004 0.000000
103428 38.360515 -14.185262 29.076317 0.000000
103429 38.504589 -14.753691 29.454371 0.000000
103430 35.285397 -11.802407 31.163829 0.000000
103431 35.492790 -11.733286 30.751075 0.000000
103432 35.217489 -12.276249 30.729159 0.000000
103433 35.276220 -12.792838 30.386719 0.000000
103434 35.442318 -13.364905 30.191301 0.000000
103435 35.994757 -16.254343 30.878919 0.000000
103436 35.986498 -15.710471 30.583965 0.000000
103437 36.443498 -16.245249 30.762946 0.000000
103438 36.906005 -16.187951 30.638755 0.000000
103439 37.374935 -16.097912 30.523695 0.000000
103440 37.844783 -15.996959 30.444249 0.000000
103441 37.973257 -16.509000 30.904488 0.000000
103457 29.919770 -25.419239 43.338241 0.000000
103458 30.432748 -25.370127 43.426819 0.000000
103459 30.252885 -25.609322 43.855097 0.000000
103460 30.730074 -25.756659 44.526278 0.000000
103649 39.736105 -7.901619 29.351182 0.000000
103651 39.891191 -7.817946 28.879985 0.000000
103652 40.013241 -7.757011 28.443489 0.000000
103653 40.154563 -7.717903 27.959508 0.000000
103654 40.316073 -7.702442 27.446305 0.000000
103655 39.806765 -8.103525 27.541275 0.000000
103656 39.590195 -8.557359 27.170527 0.000000
105739 19.180257 -28.481481 50.192512 0.000000
105740 19.565679 -28.654283 50.730371 0.000000
105741 19.033430 -28.719766 50.688365 0.000000
105742 18.934321 -28.909849 51.336717 0.000000
105757 14.228501 -30.085815 55.544615 0.000000
105758 14.590981 -30.126742 56.047773 0.000000
105759 14.063320 -30.210414 56.049599 0.000000
105760 13.960540 -30.290449 56.741784 0.000000
105763 13.408102 -30.584213 57.501543 0.000000
105765 12.423440 -30.904353 57.655869 0.000000
105792 11.983875 -26.489705 54.354751 0.000000
105793 11.968275 -27.050858 54.105455 0.000000
105794 12.082984 -27.669309 53.929213 0.000000
105795 11.728763 -27.566537 54.255216 0.000000
105796 11.462638 -27.983991 54.544691 0.000000
105797 11.236891 -28.509675 54.800379 0.000000
105798 9.745674 -29.292743 56.506185 0.000000
105799 10.124672 -29.303656 56.110782 0.000000
105800 9.926455 -29.792960 56.473311 0.000000
105801 10.166885 -30.262255 56.553670 0.000000
105802 10.455952 -30.644240 56.742697 0.000000
105803 10.777137 -30.869792 57.070526 0.000000
105804 10.355008 -31.033500 57.362741 0.000000
105805 10.243052 -31.363643 57.854940 0.000000
105806 10.143944 -31.668321 58.366317 0.000000
105807 10.076036 -31.932072 59.019235 0.000000
105808 9.739250 -31.832938 58.616526 0.000000
105809 9.334557 -31.905697 58.738891 0.000000
105810 8.908757 -31.959357 58.927005 0.000000
105811 7.520320 -30.424144 59.213741 0.000000
105812 7.643288 -31.085340 59.138861 0.000000
105813 7.338621 -30.864335 59.479474 0.000000
105814 7.162428 -31.353639 59.754339 0.000000
105815 7.000000 -31.850219 60.199967 0.000000
105816 6.863267 -32.339522 60.722301 0.000000
105817 6.697168 -31.752904 60.546972 0.000000
105818 6.373230 -31.530989 60.930505 0.000000
105819 6.108941 -31.269057 61.345998 0.000000
105834 4.413083 -30.306820 63.758599 0.000000
105926 28.933273 -23.088225 43.008586 0.000000
105927 28.861694 -23.523869 42.741027 0.000000
105928 28.935108 -23.997712 42.618662 0.000000
105929 28.522156 -23.879479 42.757464 0.000000
105930 28.219324 -24.241454 42.814994 0.000000
105931 27.987153 -24.533399 42.936446 0.000000
105932 26.191270 -24.673460 43.613106 0.000000
105933 26.628999 -24.858996 43.530921 0.000000
105934 26.382145 -25.117290 43.789348 0.000000
105935 26.657447 -25.563848 44.098914 0.000000
105936 26.978632 -25.924914 44.505276 0.000000
105937 27.308076 -26.202307 44.997475 0.000000
105938 26.773991 -26.119544 44.952730 0.000000
105941 23.002360 -23.319235 45.000215 0.000000
105942 23.382276 -23.397451 44.801143 0.000000
105943 23.106975 -23.866746 44.966427 0.000000
105944 23.251967 -24.344226 45.028523 0.000000
105945 23.463949 -24.870819 45.212071 0.000000
105946 23.775957 -26.642499 47.829222 0.000000
105947 23.831018 -26.374200 47.097771 0.000000
105948 24.222864 -26.632494 47.761648 0.000000
109046 40.594128 -11.724191 26.834479 0.000000
109047 41.083247 -11.777851 26.736770 0.000000
109048 41.083247 -12.221680 27.125781 0.000000
109049 41.710017 -12.717350 27.563191 0.000000
109135 30.531857 -14.784613 35.790873 0.000000
109136 30.793393 -14.949230 35.242969 0.000000
109137 31.117332 -15.132947 34.674976 0.000000
109138 30.855795 -15.496741 34.976323 0.000000
109139 31.016388 -16.068808 34.788210 0.000000
109140 31.285265 -16.572664 34.655800 0.000000
109141 29.602255 -18.176089 39.085598 0.000000
109142 29.435239 -17.727712 38.847260 0.000000
109143 29.775695 -18.176089 38.600704 0.000000
109144 30.011537 -18.177908 38.130420 0.000000
109145 30.289592 -18.181545 37.669268 0.000000
109146 33.015994 -18.667211 37.575211 0.000000
109147 32.235056 -18.620827 37.219987 0.000000
109148 32.707657 -18.558073 37.015437 0.000000
109149 32.429602 -18.400732 36.445617 0.000000
109150 32.230467 -18.218834 35.984465 0.000000
109151 32.148795 -18.040575 35.508703 0.000000
109152 32.764552 -18.288865 35.742475 0.000000
109153 33.322497 -18.372538 35.544316 0.000000
109154 33.869429 -18.469853 35.389077 0.000000
109155 34.504458 -18.575353 35.290454 0.000000
109156 34.598060 -18.601728 35.889495 0.000000
109168 32.612219 -24.783508 43.991160 0.000000
109169 32.757211 -24.562503 43.445083 0.000000
109170 33.136209 -24.554318 44.133614 0.000000
109171 33.664788 -24.298752 44.287941 0.000000
109172 34.286052 -24.000440 44.572850 0.000000
109704 50.005769 -5.442367 17.693625 0.000000
109705 50.107631 -6.238168 17.744763 0.000000
109706 46.321317 -6.227254 20.907078 0.000000
109707 46.699398 -5.892563 20.623995 0.000000
109708 46.655350 -6.461902 20.629474 0.000000
109709 47.025171 -6.701097 20.392049 0.000000
109710 47.378475 -7.021236 20.192065 0.000000
109714 49.553357 -8.708334 20.150972 0.000000
109715 49.769010 -8.441854 19.684341 0.000000
109716 50.028711 -8.151728 19.185749 0.000000
109717 50.326954 -8.717428 19.714476 0.000000
116105 19.360121 -24.688922 47.852052 0.000000
116106 19.055454 -25.189139 48.045644 0.000000
116107 19.021500 -24.622529 48.253848 0.000000
116108 18.716833 -24.536128 48.675733 0.000000
116164 20.341112 -22.779909 47.863923 0.000000
116165 19.986891 -23.381080 47.757995 0.000000
116166 19.634505 -24.049553 47.785390 0.000000
116955 44.268485 -10.373603 24.627342 0.000000
116956 44.802570 -10.892920 25.245560 0.000000
116957 44.258391 -10.774687 25.105844 0.000000
116958 44.296933 -11.155762 25.576128 0.000000
116960 43.222340 -10.942033 25.448284 0.000000
116961 43.778449 -11.409509 25.954181 0.000000
116987 30.998034 -20.317020 41.544771 0.000000
116988 30.906267 -20.320658 41.141149 0.000000
116989 31.244888 -20.880902 41.086359 0.000000
116990 31.603698 -21.446602 40.712871 0.000000
116991 32.019403 -21.948639 40.505581 0.000000
116992 31.952413 -22.551628 40.916509 0.000000
116993 32.206608 -22.447037 40.692781 0.000000
116994 32.508522 -22.329714 40.485491 0.000000
116995 33.008653 -22.603469 40.651689 0.000000
116996 33.511537 -22.809922 40.977691 0.000000
116997 34.004327 -22.952712 41.455280 0.000000
117125 42.601076 -6.240897 26.238178 0.000000
117126 42.701102 -6.271819 25.714930 0.000000
117127 41.963294 -7.072167 25.521338 0.000000
117128 42.391847 -6.689274 25.362446 0.000000
117129 42.869036 -6.339121 25.166114 0.000000
117130 43.068171 -6.438255 24.654737 0.000000
117131 43.265470 -6.583773 24.182627 0.000000
117132 43.469193 -6.772946 23.742478 0.000000
117133 43.727977 -6.941201 23.335203 0.000000
117134 43.355402 -7.262250 23.640203 0.000000
117135 43.338884 -7.791571 23.587239 0.000000
117136 43.382932 -8.336354 23.609155 0.000000
117137 42.736891 -8.507337 24.159798 0.000000
117138 43.099372 -8.691963 23.924200 0.000000
117139 43.497641 -8.867494 23.716909 0.000000
117140 43.691270 -9.406819 23.927852 0.000000
117141 43.954642 -9.889757 24.202717 0.000000
119413 8.151678 -33.279022 62.460981 0.000000
119475 38.423834 -8.957533 28.504671 0.000000
119476 38.314631 -9.417733 28.086439 0.000000
119477 38.024647 -9.426828 28.500106 0.000000
119478 37.691532 -9.933412 28.477276 0.000000
119479 37.446514 -10.416349 28.515630 0.000000
119480 37.215260 -9.930684 29.220599 0.000000
119481 37.172130 -10.399069 28.865375 0.000000
119482 37.255638 -10.929300 28.528414 0.000000
119483 37.063844 -11.491362 28.634342 0.000000
119484 36.916099 -12.028869 28.753054 0.000000
119485 36.822497 -12.606393 28.916512 0.000000
119486 34.306241 -13.977899 31.273410 0.000000
119487 34.640273 -14.002455 30.962931 0.000000
119488 34.510882 -14.549966 31.104473 0.000000
119489 34.807290 -15.143860 30.994892 0.000000
119490 35.166099 -15.689552 30.958365 0.000000
119491 34.711852 -16.223421 31.473394 0.000000
119492 35.162429 -16.260710 31.250580 0.000000
119493 35.603829 -16.279809 31.045117 0.000000
119494 36.091112 -16.777298 31.258799 0.000000
119495 36.672916 -17.230223 31.569278 0.000000
119496 37.296933 -17.597655 31.998468 0.000000
119499 37.607106 -18.226110 33.140847 0.000000
119500 37.766781 -18.409827 33.844903 0.000000
119501 36.482958 -18.337977 33.166416 0.000000
119502 37.213425 -18.490771 33.822987 0.000000
119503 37.975093 -18.544431 34.607402 0.000000
119507 29.364578 -26.312355 45.244032 0.000000
119508 29.987678 -26.267790 45.502460 0.000000
119509 29.901416 -26.446959 46.187339 0.000000
119661 38.744101 -8.540988 28.957605 0.000000
121282 17.200839 -28.351424 50.605266 0.000000
121283 17.566073 -28.721585 50.995191 0.000000
121284 16.977845 -28.640641 51.048155 0.000000
121285 16.882407 -28.935314 51.634411 0.000000
121286 16.774122 -29.145406 52.175009 0.000000
121287 15.886733 -28.808896 51.871836 0.000000
121288 16.218931 -29.086289 52.222494 0.000000
121289 16.585999 -29.312751 52.685472 0.000000
121296 14.766256 -29.842982 54.805858 0.000000
121297 14.511143 -29.457360 53.711878 0.000000
121298 14.377163 -29.677455 54.314572 0.000000
121299 14.347798 -29.913012 54.996711 0.000000
121300 13.794442 -29.915741 55.004930 0.000000
121301 13.351206 -29.990319 55.154690 0.000000
121302 12.851993 -30.040340 55.323627 0.000000
121328 9.920032 -28.142242 56.426739 0.000000
121331 9.632800 -28.734318 56.652293 0.000000
121332 9.396041 -29.255454 56.884238 0.000000
121333 9.190483 -29.802055 57.135361 0.000000
121334 9.000525 -30.253160 57.429402 0.000000
121335 8.841767 -30.692442 57.757231 0.000000
121336 8.662821 -30.232242 57.787366 0.000000
121337 8.348060 -30.101276 58.132545 0.000000
121338 8.050734 -29.946663 58.523383 0.000000
121339 8.300341 -28.802529 58.645748 0.000000
121340 8.034216 -29.320937 58.779984 0.000000
121341 7.768091 -29.865719 58.965358 0.000000
121342 7.547850 -29.648352 59.468516 0.000000
121343 7.314762 -29.449174 59.995416 0.000000
121344 7.117462 -29.179057 60.564323 0.000000
121427 27.737546 -22.518887 44.013076 0.000000
121428 27.585213 -22.965445 43.620412 0.000000
121429 27.491610 -23.467481 43.241445 0.000000
121430 27.121789 -23.246476 43.471565 0.000000
121431 26.767567 -23.596628 43.446909 0.000000
121432 26.414264 -23.903125 43.419514 0.000000
121433 26.026089 -23.139157 43.796654 0.000000
121434 26.007735 -23.645741 43.619498 0.000000
121435 26.053619 -24.136863 43.536400 0.000000
121436 25.733351 -24.474283 43.695292 0.000000
121437 25.507604 -24.748948 43.953719 0.000000
121438 25.309387 -25.082729 44.283375 0.000000
121439 22.085606 -25.230066 46.059495 0.000000
121440 22.460016 -25.191868 45.877773 0.000000
121441 22.346225 -25.706637 46.297833 0.000000
121442 22.638044 -26.080436 46.696889 0.000000
121443 22.979418 -26.403304 47.221050 0.000000
121444 22.516912 -26.864413 47.932411 0.000000
121445 22.917017 -26.734357 47.861183 0.000000
121446 23.346487 -26.677059 47.827396 0.000000
123854 40.760226 -13.607738 28.424312 0.000000
123855 41.300735 -13.580453 28.417007 0.000000
123926 29.842685 -15.522207 36.930512 0.000000
123927 29.925276 -16.061532 36.596291 0.000000
123928 31.941401 -19.567603 38.748638 0.000000
123929 31.499083 -19.205627 38.398893 0.000000
123930 32.300210 -19.374792 38.624446 0.000000
123931 32.646173 -19.152877 38.472860 0.000000
123932 32.982958 -18.950971 38.344102 0.000000
123933 34.175931 -19.073752 39.457259 0.000000
123934 33.721684 -18.868208 38.843608 0.000000
123935 33.349109 -18.759069 38.210779 0.000000
123936 33.785921 -18.599000 38.111243 0.000000
123937 34.265863 -18.449844 37.997097 0.000000
124366 48.855927 -4.900313 18.904492 0.000000
124367 46.741611 -8.603743 21.601089 0.000000
124368 47.010489 -8.274509 21.164593 0.000000
129412 4.506686 -33.058017 63.668195 0.000000
129472 35.957132 -10.874731 31.733649 0.000000
129475 35.514815 -11.345845 31.638679 0.000000
129476 35.104615 -11.855157 31.561059 0.000000
129477 34.749476 -12.339004 31.523619 0.000000
129478 34.478763 -12.858321 31.489832 0.000000
129486 34.239251 -12.860140 31.900759 0.000000
129487 34.223650 -13.367633 31.533664 0.000000
129488 33.981385 -13.949705 31.599412 0.000000
129489 33.843734 -14.506310 31.740954 0.000000
129490 33.730861 -15.013804 31.856014 0.000000
129491 33.256424 -14.358064 32.414875 0.000000
129492 33.387651 -14.911032 32.190235 0.000000
129493 33.575774 -15.544944 32.050519 0.000000
129494 33.442712 -16.043343 32.260549 0.000000
129495 33.393157 -16.494448 32.474231 0.000000
129496 33.280284 -16.904626 32.808452 0.000000
131093 21.248689 -27.886676 49.490283 0.000000
131095 20.796277 -27.980353 49.444624 0.000000
131096 20.320923 -28.113138 49.558771 0.000000
131097 19.820792 -28.181350 49.553292 0.000000
131098 19.569350 -27.488321 48.567979 0.000000
131099 19.469324 -27.902138 49.120448 0.000000
131100 19.316990 -28.184988 49.606256 0.000000
131101 18.822365 -28.225005 49.728621 0.000000
131102 18.327740 -28.208635 49.857378 0.000000
131103 17.833115 -28.127690 49.981569 0.000000
131104 18.785658 -25.655706 48.226452 0.000000
131105 18.496592 -26.087712 48.515928 0.000000
131106 18.264421 -26.521537 48.745134 0.000000
131107 17.745936 -25.915819 49.141451 0.000000
131108 17.848716 -26.433317 49.066571 0.000000
131109 18.018485 -27.038125 49.081182 0.000000
131110 17.785396 -27.377364 49.430927 0.000000
131111 17.549555 -27.731154 49.752363 0.000000
131112 17.364185 -28.087673 50.163291 0.000000
131113 16.881490 -27.956707 50.332228 0.000000
131114 16.450184 -27.954888 50.625356 0.000000
131115 15.943629 -27.765715 50.833559 0.000000
131116 16.033561 -26.900793 50.496599 0.000000
131117 15.725223 -27.301876 50.766898 0.000000
131118 15.492135 -27.627473 51.041762 0.000000
131119 15.058993 -27.542890 51.356807 0.000000
131120 14.613005 -27.416472 51.668199 0.000000
131121 14.217488 -27.311881 51.970459 0.000000
131236 24.741348 -21.768560 45.136278 0.000000
131237 24.386209 -21.613948 45.427579 0.000000
131238 23.857630 -21.934996 45.258643 0.000000
131239 23.364841 -22.377007 45.124406 0.000000
131240 23.151023 -21.678521 45.877773 0.000000
131241 23.026220 -22.222394 45.473238 0.000000
131242 22.959230 -22.775362 45.163673 0.000000
131243 22.621526 -23.213734 45.275993 0.000000
131244 22.308600 -23.623003 45.425753 0.000000
131245 22.059911 -24.218717 45.627564 0.000000
131248 21.587310 -22.622568 46.357189 0.000000
131249 20.907316 -23.220101 46.721545 0.000000
131250 21.204641 -23.126424 46.397368 0.000000
131251 21.566204 -23.117329 46.097848 0.000000
131252 21.599240 -23.633917 45.917040 0.000000
131253 21.738726 -24.195070 45.839420 0.000000
131254 21.900236 -24.745310 45.911561 0.000000
131255 21.712114 -25.248256 46.247608 0.000000
131256 21.559780 -25.800314 46.633880 0.000000
131257 21.472601 -26.273247 47.074029 0.000000
131258 20.849502 -25.968569 47.007367 0.000000
131259 21.108286 -26.407851 47.225616 0.000000
131260 21.412953 -26.781650 47.573534 0.000000
131261 21.330362 -27.167272 48.169836 0.000000
131262 21.294573 -27.547438 48.866586 0.000000
133488 29.337966 -16.115192 40.550327 0.000000
133489 29.286576 -16.557202 40.766748 0.000000
133490 29.252622 -17.113808 40.352168 0.000000
133491 29.313189 -17.635854 39.975941 0.000000
133492 29.508653 -18.120610 40.651689 0.000000
133493 29.481123 -18.165175 40.140312 0.000000
133494 29.513241 -18.176998 39.608846 0.000000
133495 29.866545 -18.669940 39.317544 0.000000
133496 30.326298 -19.136506 39.063682 0.000000
133497 30.915444 -19.503029 38.923967 0.000000
133498 30.897090 -20.315201 40.733874 0.000000
133499 30.903514 -20.292464 40.386869 0.000000
133500 30.932879 -20.257903 40.058127 0.000000
133501 32.081805 -21.174666 39.849923 0.000000
133502 31.575250 -20.682633 39.755867 0.000000
133503 31.047588 -20.212429 39.694684 0.000000
133504 31.212769 -20.100562 39.365942 0.000000
133505 31.420163 -19.960501 39.124865 0.000000
133506 31.678947 -19.768599 38.923054 0.000000
133507 32.489251 -19.989605 39.046332 0.000000
133508 33.373886 -20.076006 39.362289 0.000000
133509 34.191532 -20.116933 39.778696 0.000000
133510 34.463163 -20.902729 40.133007 0.000000
133511 34.771500 -20.525292 40.242587 0.000000
133512 35.002754 -20.156041 40.353081 0.000000
133887 46.400237 -4.832102 21.556344 0.000000
133888 46.159807 -5.412354 21.328964 0.000000
133889 45.546802 -5.595161 21.962706 0.000000
133890 45.776220 -5.772511 21.557257 0.000000
133891 46.033168 -5.994426 21.213904 0.000000
133892 46.028580 -6.588321 21.164593 0.000000
133893 46.061616 -7.213138 21.226689 0.000000
133894 46.145124 -7.815218 21.398365 0.000000
133895 44.014290 -7.115823 23.006461 0.000000
133896 44.338228 -7.293173 22.710594 0.000000
133897 44.727321 -7.461428 22.397376 0.000000
133898 44.478632 -8.394561 22.856701 0.000000
133899 44.790641 -8.038042 22.496911 0.000000
133900 45.054012 -7.666972 22.157211 0.000000
133901 45.421999 -7.886158 21.946268 0.000000
133902 45.856058 -8.115348 21.762721 0.000000
133903 46.292869 -8.372733 21.665011 0.000000
140154 40.742791 -9.325875 25.692101 0.000000
140155 40.938255 -9.874295 25.668359 0.000000
140156 40.557421 -9.776980 25.882954 0.000000
140157 40.408758 -10.256280 26.079286 0.000000
140158 40.295884 -10.746493 26.349585 0.000000
140159 39.671868 -10.090753 26.525827 0.000000
140160 39.870085 -10.663730 26.547743 0.000000
140161 40.185764 -11.197598 26.643626 0.000000
140162 40.141716 -11.676898 26.955018 0.000000
140163 40.124280 -12.130731 27.269149 0.000000
140164 40.138045 -12.630949 27.625287 0.000000
140165 38.266912 -9.927046 27.788744 0.000000
140166 38.384374 -10.441815 27.556799 0.000000
140167 38.559649 -10.963860 27.452697 0.000000
140168 38.050342 -11.463168 27.890107 0.000000
140169 38.440352 -11.484087 27.658161 0.000000
140170 38.852387 -11.500457 27.442652 0.000000
140171 39.199267 -12.049787 27.533056 0.000000
140172 39.675538 -12.598208 27.711125 0.000000
140173 40.183928 -13.150266 28.014298 0.000000
140174 40.245412 -13.613195 28.446228 0.000000
140175 40.324332 -14.077942 28.896422 0.000000
140176 40.424358 -14.535414 29.382230 0.000000
140177 39.366283 -14.171619 28.945734 0.000000
140178 39.955428 -14.609082 29.379491 0.000000
140184 36.328789 -10.583695 30.425073 0.000000
140185 36.202151 -11.052080 29.983097 0.000000
140186 35.727714 -11.677807 30.338321 0.000000
140187 35.968144 -11.625966 29.944744 0.000000
140188 36.197562 -11.567759 29.580388 0.000000
140189 36.309518 -12.096171 29.331092 0.000000
140190 36.489382 -12.632768 29.169461 0.000000
140191 36.741742 -13.168456 29.130194 0.000000
140192 35.002754 -13.988812 30.638755 0.000000
140193 35.346881 -13.962437 30.340148 0.000000
140194 35.682748 -13.919692 30.057977 0.000000
140195 35.983745 -15.102024 30.283531 0.000000
140196 35.975486 -14.504491 30.047019 0.000000
140197 36.025040 -13.888769 29.804116 0.000000
140198 36.359073 -13.835109 29.573996 0.000000
140199 36.696776 -13.774174 29.363967 0.000000
140200 37.106057 -13.726880 29.143892 0.000000
140201 37.549293 -14.279848 29.310089 0.000000
140202 38.043918 -14.813717 29.531990 0.000000
140203 38.621133 -15.309387 29.894520 0.000000
140204 38.309125 -15.902372 30.383980 0.000000
140205 38.779891 -15.816880 30.353845 0.000000
140206 39.263504 -15.714108 30.373022 0.000000
140237 30.696120 -24.187795 42.158423 0.000000
140238 31.164133 -24.181428 42.076237 0.000000
140239 30.999870 -24.517938 42.383063 0.000000
140240 31.299948 -24.758952 42.754724 0.000000
140241 31.685370 -24.937211 43.227748 0.000000
140242 30.991610 -25.302825 43.551924 0.000000
140243 31.533037 -25.191868 43.656938 0.000000
140244 32.070792 -24.989962 43.831354 0.000000
140640 41.499870 -6.940292 26.895662 0.000000
140641 41.141060 -7.324095 26.502998 0.000000
140642 40.500525 -7.730636 27.016201 0.000000
140643 40.709754 -7.755192 26.601621 0.000000
140644 40.940090 -7.787933 26.198912 0.000000
140645 40.802439 -8.311798 25.971532 0.000000
140646 40.735449 -8.817472 25.780679 0.000000
144883 19.966702 -28.743413 51.319367 0.000000
144889 17.932224 -28.962599 51.448124 0.000000
144958 14.377163 -26.415127 51.808827 0.000000
144959 14.062402 -26.790745 52.028902 0.000000
144960 13.799948 -27.144535 52.261761 0.000000
144985 13.335606 -26.448778 52.838885 0.000000
144986 13.386078 -26.983556 52.637987 0.000000
144987 13.559518 -27.537433 52.585023 0.000000
144988 13.325512 -27.957616 52.861715 0.000000
144989 13.136471 -28.357790 53.237942 0.000000
144990 12.917148 -28.691572 53.628779 0.000000
144991 12.265601 -28.182259 53.849767 0.000000
144992 12.510619 -28.678839 53.876249 0.000000
144993 12.785003 -29.070828 53.987656 0.000000
144994 12.645517 -29.460088 54.475290 0.000000
144995 12.495936 -29.804783 55.033238 0.000000
144996 12.393157 -30.097638 55.483432 0.000000
144997 10.768878 -27.823922 55.346456 0.000000
144998 10.859728 -28.423273 55.195783 0.000000
144999 11.074463 -28.973513 55.141906 0.000000
145000 10.464211 -29.376415 55.752818 0.000000
145001 10.884505 -29.389148 55.540049 0.000000
145002 11.305716 -29.372777 55.191217 0.000000
145003 11.565417 -29.767494 55.391202 0.000000
145004 11.929733 -30.110371 55.714465 0.000000
145005 12.298637 -30.360480 56.043207 0.000000
145006 12.179340 -30.617864 56.640421 0.000000
145007 12.045359 -30.843417 57.189238 0.000000
145008 11.937992 -31.028043 57.757231 0.000000
145009 11.115758 -31.048961 57.496977 0.000000
145010 11.480991 -31.179927 57.965434 0.000000
145011 11.852648 -31.212669 58.436631 0.000000
145018 10.010881 -32.173996 59.699548 0.000000
145022 9.087703 -32.861568 61.359696 0.000000
145023 8.673833 -33.014361 61.604426 0.000000
145024 8.699528 -31.207212 58.178203 0.000000
145025 8.608679 -31.615571 58.632050 0.000000
145026 8.521500 -32.048487 59.176301 0.000000
145027 7.850682 -31.562821 59.188172 0.000000
145028 8.120477 -32.037573 59.422857 0.000000
145029 8.439827 -32.372264 59.770776 0.000000
145030 8.384767 -32.686946 60.401778 0.000000
145031 8.320530 -32.937965 60.988948 0.000000
145032 8.240692 -33.139871 61.634560 0.000000
145033 7.816728 -33.269927 61.885683 0.000000
145034 7.390011 -33.375428 62.057359 0.000000
145035 6.940351 -33.414536 62.270128 0.000000
145036 6.755899 -32.786990 61.233678 0.000000
145037 6.647614 -33.084392 61.795279 0.000000
145038 6.496198 -33.354509 62.377883 0.000000
145039 6.053881 -33.265380 62.579694 0.000000
145040 5.621657 -33.151694 62.828990 0.000000
145041 5.193104 -32.972525 63.055456 0.000000
145059 6.646697 -29.444627 61.282989 0.000000
145060 6.373230 -29.922107 61.440055 0.000000
145061 6.092423 -30.527825 61.592554 0.000000
145062 5.849240 -31.001668 61.844590 0.000000
145063 5.644599 -29.883909 62.747717 0.000000
145064 5.602386 -30.654244 62.371490 0.000000
145065 5.596880 -31.448226 62.146850 0.000000
145066 5.315155 -31.900240 62.485637 0.000000
145067 5.053618 -32.326790 62.871909 0.000000
145068 4.790247 -32.696041 63.258181 0.000000
145069 4.412166 -32.391363 63.459079 0.000000
145153 29.674752 -16.961015 42.073498 0.000000
145175 31.182486 -22.631663 41.749322 0.000000
145176 30.964080 -23.025471 41.825115 0.000000
145177 30.735580 -23.444744 41.912780 0.000000
145256 30.363923 -22.948164 42.313662 0.000000
145257 30.367594 -23.401998 42.142899 0.000000
145258 30.447431 -23.787620 42.092674 0.000000
145259 30.243708 -24.170514 42.275309 0.000000
145260 29.964736 -24.520667 42.463422 0.000000
145261 29.786707 -24.835349 42.716371 0.000000
145262 29.074594 -24.431537 42.618662 0.000000
145263 29.339801 -24.822616 42.750158 0.000000
145264 29.577478 -25.125475 42.975712 0.000000
145265 29.341637 -25.376493 43.288930 0.000000
145266 29.258129 -25.685719 43.691639 0.000000
145267 29.066335 -25.910362 44.081564 0.000000
145268 27.466833 -23.925862 43.093511 0.000000
145269 27.571448 -24.421533 43.069769 0.000000
145270 27.740299 -24.843534 43.112688 0.000000
145271 27.089670 -25.011789 43.421340 0.000000
145272 27.507211 -25.133661 43.379334 0.000000
145273 27.998165 -25.241889 43.311759 0.000000
145274 28.281726 -25.588404 43.624977 0.000000
145275 28.558863 -25.918547 44.041384 0.000000
145276 28.932355 -26.132277 44.564632 0.000000
145277 28.859859 -26.339640 45.215724 0.000000
145286 24.582591 -22.274235 44.718958 0.000000
145287 24.515601 -22.802647 44.420350 0.000000
145288 24.511013 -23.393813 44.227671 0.000000
145289 23.757604 -23.568434 44.572850 0.000000
145290 24.170556 -23.725775 44.355515 0.000000
145291 24.579838 -23.930410 44.165575 0.000000
145292 24.711065 -24.435175 44.227671 0.000000
145293 24.902858 -24.933574 44.384737 0.000000
145294 25.123100 -25.375584 44.697955 0.000000
145295 22.840850 -25.190049 45.702444 0.000000
145296 23.248296 -25.230976 45.640349 0.000000
145297 23.760357 -25.363761 45.559989 0.000000
145298 23.948480 -26.052242 46.475901 0.000000
145299 24.048506 -25.765754 45.944435 0.000000
145300 24.169639 -25.428334 45.403837 0.000000
145301 24.554143 -25.506550 45.272340 0.000000
145302 24.979943 -25.660253 45.159107 0.000000
145303 25.390142 -25.760297 45.080574 0.000000
145304 25.721422 -26.121363 45.564555 0.000000
151526 41.231910 -10.423625 25.719496 0.000000
151527 41.669639 -10.986597 25.919481 0.000000
151528 42.121134 -11.500457 26.259181 0.000000
151529 41.579707 -11.861523 26.726725 0.000000
151530 42.140405 -11.934282 26.720333 0.000000
151535 41.864185 -13.555897 28.507411 0.000000
151706 32.101076 -13.871489 34.103331 0.000000
151707 32.068039 -14.460836 33.783720 0.000000
151708 32.112088 -15.074739 33.496071 0.000000
151709 31.462376 -15.280283 34.201953 0.000000
151710 31.838621 -15.456724 33.746280 0.000000
151711 32.251574 -15.632255 33.310697 0.000000
151712 32.483745 -16.208869 33.177374 0.000000
151713 32.776482 -16.745466 33.140847 0.000000
151714 33.155480 -17.280244 33.192898 0.000000
151715 29.276482 -16.174309 39.900148 0.000000
151716 29.278317 -16.248887 39.254535 0.000000
151717 29.332460 -16.328921 38.665539 0.000000
151718 29.345307 -17.302981 38.609836 0.000000
151719 29.371920 -16.846419 38.334971 0.000000
151720 29.446251 -16.386219 38.083848 0.000000
151721 29.605926 -16.428055 37.515855 0.000000
151722 29.819744 -16.466254 36.931425 0.000000
151723 30.086786 -16.553565 36.367084 0.000000
151724 31.114578 -18.857294 38.040016 0.000000
151725 30.820924 -18.498047 37.635481 0.000000
151726 30.588753 -18.158808 37.282996 0.000000
151727 31.528448 -18.424378 36.985302 0.000000
151728 30.921867 -18.133343 36.908596 0.000000
151729 30.407054 -17.797742 36.944209 0.000000
151730 30.385029 -17.417577 36.568896 0.000000
151731 30.391453 -17.056511 36.217324 0.000000
151732 30.420819 -16.656337 35.892235 0.000000
151733 30.786970 -16.762746 35.429257 0.000000
151734 31.193498 -16.906445 35.002805 0.000000
151735 31.644075 -17.071062 34.607402 0.000000
151736 32.057945 -17.775914 35.051203 0.000000
151737 32.050604 -17.522168 34.638449 0.000000
151738 32.106582 -17.260236 34.254917 0.000000
151739 32.589277 -17.438495 33.938960 0.000000
151740 33.105009 -17.611297 33.616610 0.000000
151741 33.684977 -17.769548 33.330787 0.000000
151742 34.265863 -18.187002 33.576430 0.000000
151743 34.859597 -18.473491 33.959049 0.000000
151744 35.586393 -18.669030 34.485037 0.000000
151745 35.161511 -18.675397 35.256667 0.000000
151746 35.741479 -18.737242 35.165350 0.000000
151747 36.411380 -18.733604 35.165350 0.000000
151769 31.647746 -24.120493 42.006836 0.000000
151770 32.144206 -24.062285 41.936522 0.000000
151771 32.622313 -23.934048 41.916432 0.000000
151772 32.921474 -24.321489 42.973886 0.000000
151773 33.038936 -24.065014 42.428722 0.000000
151774 33.106844 -23.755788 41.929217 0.000000
151775 33.578527 -23.546607 41.975788 0.000000
151776 34.041034 -23.272851 42.037884 0.000000
151777 34.475092 -23.014557 42.108198 0.000000
151780 34.843996 -23.689396 44.795664 0.000000
151783 34.892633 -23.503861 44.117177 0.000000
151784 34.944940 -23.251023 43.473391 0.000000
151785 34.988989 -22.998186 42.867958 0.000000
151786 34.942187 -22.712607 42.223258 0.000000
151787 35.391847 -22.382464 42.322794 0.000000
151788 35.859859 -21.994113 42.520039 0.000000
152851 47.089408 -5.511488 20.405747 0.000000
152853 47.969456 -4.772076 19.981122 0.000000
152854 48.205297 -5.037646 19.552844 0.000000
152855 48.467751 -5.314130 19.153788 0.000000
152856 48.752230 -5.576062 18.808609 0.000000
152857 47.277531 -7.954369 20.769189 0.000000
152858 47.552833 -7.650601 20.379265 0.000000
152859 47.797851 -7.297720 20.012170 0.000000
152860 48.489775 -8.190836 20.220373 0.000000
152861 48.256687 -7.571475 19.860583 0.000000
152862 48.111695 -6.957572 19.627724 0.000000
152863 48.429209 -6.666536 19.277979 0.000000
152864 48.744888 -6.313656 18.888055 0.000000
152865 49.079838 -5.908934 18.519133 0.000000
152866 49.452413 -6.251810 18.280795 0.000000
152867 49.873624 -6.605601 18.069852 0.000000
152868 50.302177 -6.982128 17.924658 0.000000
152869 50.277400 -7.881610 18.714552 0.000000
152870 50.524254 -7.620588 18.268924 0.000000
152871 50.750001 -7.299539 17.805032 0.000000
