#!ascii label  , from subject fsaverage vox2ras=TkReg 
876
17 27.560436 -28.624270 62.858211 0.000000
107 44.822759 -15.039269 44.800230 0.000000
486 50.348978 -14.907394 42.070758 0.000000
489 44.412560 -19.967777 52.585937 0.000000
718 33.150892 -27.636568 58.490508 0.000000
719 31.037494 -30.071263 61.092136 0.000000
1064 48.456739 -13.839657 44.139093 0.000000
1066 48.544836 -15.793234 47.210092 0.000000
1071 41.342030 -21.033695 54.935529 0.000000
1580 37.308863 -27.050858 58.186422 0.000000
2100 53.411249 -11.782398 35.347984 0.000000
2103 50.554537 -12.833765 39.124865 0.000000
2112 42.053226 -17.638582 50.832646 0.000000
2113 45.183404 -15.375779 50.158725 0.000000
2638 30.410724 -28.071302 61.104007 0.000000
2639 29.356319 -29.413704 62.101191 0.000000
2984 46.759964 -14.224370 44.662341 0.000000
2985 48.782513 -14.454470 45.947174 0.000000
2986 47.227059 -14.268025 46.736155 0.000000
2991 41.863268 -25.896720 54.183075 0.000000
3590 34.342948 -28.958961 59.848395 0.000000
3591 35.334951 -27.333709 58.442110 0.000000
3592 36.270058 -29.192699 58.645748 0.000000
4619 52.389880 -11.173952 36.157055 0.000000
4620 52.678947 -13.006567 36.255677 0.000000
4621 52.040247 -12.168020 37.497592 0.000000
4625 49.411118 -13.673221 41.362137 0.000000
4626 48.859597 -13.544983 39.043592 0.000000
4627 50.638963 -13.855118 40.619728 0.000000
4628 51.082198 -14.580888 39.339460 0.000000
4629 49.936026 -15.845075 40.369518 0.000000
4648 43.011275 -20.367951 54.095410 0.000000
4649 41.691663 -19.216541 53.232463 0.000000
4650 43.318695 -17.896876 52.968556 0.000000
4651 43.392109 -16.098821 50.856388 0.000000
4652 45.007211 -17.398478 51.954935 0.000000
4653 46.455297 -17.233860 50.183380 0.000000
4654 45.397222 -19.696750 50.709368 0.000000
5900 32.387389 -28.568791 60.752436 0.000000
6521 47.585869 -14.312590 41.677181 0.000000
6522 49.856189 -14.122507 43.324544 0.000000
6524 49.621265 -15.200249 44.833104 0.000000
6525 48.912822 -16.724548 45.733492 0.000000
6532 39.388307 -24.329674 56.667817 0.000000
6534 41.122707 -23.604814 55.803042 0.000000
6535 42.715785 -23.055484 54.390365 0.000000
6536 43.710541 -22.713517 52.609679 0.000000
6537 44.007867 -22.255136 50.584263 0.000000
7524 37.664919 -25.120018 56.634942 0.000000
7525 39.014815 -26.808025 57.343564 0.000000
8866 53.513111 -12.830127 33.644005 0.000000
8875 50.503147 -12.046149 37.710361 0.000000
8876 51.675932 -13.281232 38.523997 0.000000
8877 50.533430 -15.311206 37.329568 0.000000
8905 45.132932 -14.717311 47.612801 0.000000
8906 47.114186 -15.325758 48.778008 0.000000
8907 47.565680 -17.655862 48.139701 0.000000
10307 27.780677 -29.506472 62.576954 0.000000
10319 28.460672 -29.068099 62.506640 0.000000
10320 28.621264 -29.913922 62.083841 0.000000
10664 45.834951 -14.587255 44.766443 0.000000
10665 47.111432 -14.117050 45.775498 0.000000
10666 46.122182 -14.440827 45.906995 0.000000
11271 35.328527 -29.083561 59.272184 0.000000
12299 51.541034 -11.148486 36.215498 0.000000
12300 52.160462 -11.601410 36.903117 0.000000
12301 51.457526 -11.495000 36.996260 0.000000
12305 50.243446 -13.963347 41.946567 0.000000
12306 50.095701 -13.685044 41.053484 0.000000
12307 50.583902 -14.348060 41.395924 0.000000
12308 50.692188 -14.763695 40.714698 0.000000
12328 43.735318 -20.106019 53.374004 0.000000
12329 43.158103 -19.031915 53.552073 0.000000
12330 43.961983 -18.783626 53.026086 0.000000
12331 44.141847 -17.549452 52.591416 0.000000
12332 44.729157 -18.612642 52.413347 0.000000
12333 45.404563 -18.488042 51.528483 0.000000
12334 44.961328 -19.816802 51.715684 0.000000
13671 31.404563 -28.314135 61.009037 0.000000
13672 31.789985 -29.330031 61.193498 0.000000
13673 32.660855 -29.507381 60.740565 0.000000
14705 47.179340 -14.298947 43.235053 0.000000
14706 46.793918 -14.698212 41.891777 0.000000
14707 48.015339 -14.000636 42.970233 0.000000
14708 48.816467 -13.825105 42.657928 0.000000
14709 49.201889 -13.862394 43.767432 0.000000
14710 49.824988 -14.608173 44.104393 0.000000
14711 49.412953 -14.250745 44.692476 0.000000
14712 48.743053 -15.072011 46.648491 0.000000
14713 49.134899 -15.484008 46.052189 0.000000
14714 48.857762 -16.227968 46.531605 0.000000
14715 48.465916 -17.564004 45.997399 0.000000
14716 48.464998 -17.107442 46.855781 0.000000
14725 40.101338 -25.224609 56.672382 0.000000
14726 40.283037 -23.911311 56.351859 0.000000
14727 40.938255 -24.987233 55.977458 0.000000
14729 42.393682 -24.477011 54.309093 0.000000
14731 43.275565 -22.869949 53.557552 0.000000
16528 36.346225 -27.149083 58.382754 0.000000
16530 36.604091 -26.385114 57.354522 0.000000
16532 37.549293 -26.021319 57.489672 0.000000
16533 38.432093 -25.736650 57.450405 0.000000
16534 38.203593 -26.967185 57.829372 0.000000
19610 53.208444 -10.926571 35.149826 0.000000
19614 53.617725 -12.294439 34.595530 0.000000
19617 52.209099 -13.592276 36.598117 0.000000
19633 49.778187 -13.046584 39.183308 0.000000
19634 48.638438 -13.336711 38.039103 0.000000
19635 49.603829 -12.751911 38.282920 0.000000
19636 49.429471 -12.461785 37.360616 0.000000
19637 50.506818 -12.427224 38.456423 0.000000
19638 51.296933 -12.437228 38.397066 0.000000
19639 51.240038 -12.948360 38.976931 0.000000
19640 50.288412 -15.552220 38.871003 0.000000
19641 50.905088 -14.951959 38.467381 0.000000
19698 40.480336 -21.628499 54.957445 0.000000
19700 40.672130 -20.805414 54.022357 0.000000
19701 41.896304 -18.402551 52.064515 0.000000
19702 41.253016 -19.373882 51.839875 0.000000
19708 44.259309 -15.620431 50.618050 0.000000
19709 43.208575 -15.568591 49.324999 0.000000
19710 44.186813 -15.119304 49.294864 0.000000
19711 44.053750 -15.044726 47.897710 0.000000
19712 45.221946 -14.856463 48.921376 0.000000
19713 46.264421 -14.697303 48.393563 0.000000
19714 46.144206 -15.289378 49.507633 0.000000
19715 46.456215 -18.432564 49.439145 0.000000
19716 47.088491 -17.409391 49.129580 0.000000
19717 46.797589 -18.568987 48.304985 0.000000
19718 46.964605 -18.847290 47.229268 0.000000
23180 29.903252 -28.629727 61.753273 0.000000
23181 30.201495 -29.732934 61.671087 0.000000
23182 30.231778 -30.591489 60.844666 0.000000
23183 29.431568 -30.289540 61.506716 0.000000
23802 47.599634 -14.024282 44.417611 0.000000
23803 48.689828 -14.049748 45.084227 0.000000
23804 47.930913 -13.965166 45.503373 0.000000
23805 48.099765 -14.237102 46.371800 0.000000
23806 48.142896 -14.809169 47.196394 0.000000
24892 33.875853 -28.014914 59.641105 0.000000
24893 34.269534 -27.486502 58.474071 0.000000
24894 34.922916 -28.038561 59.354369 0.000000
24895 35.947956 -28.091311 59.014669 0.000000
24896 36.929864 -28.153156 58.570868 0.000000
24897 37.768616 -28.162251 58.006527 0.000000
24898 37.165706 -29.294561 57.932560 0.000000
26745 53.015733 -11.374039 35.865753 0.000000
26746 53.076299 -12.376293 35.836531 0.000000
26747 52.745019 -11.898812 36.492189 0.000000
26748 52.474306 -12.538181 37.018176 0.000000
26749 52.210017 -13.110248 37.498505 0.000000
26755 48.148402 -14.073395 40.260851 0.000000
26757 49.096357 -13.628656 40.204234 0.000000
26758 49.887390 -13.385823 40.034384 0.000000
26759 50.607762 -13.340349 39.837139 0.000000
26760 51.139094 -13.539526 39.498352 0.000000
26761 50.966572 -14.159796 40.045342 0.000000
26762 50.563714 -15.244813 39.845358 0.000000
26796 42.208312 -20.658987 54.603134 0.000000
26797 41.485187 -20.091467 54.183075 0.000000
26798 42.294573 -19.558508 53.966653 0.000000
26799 42.490955 -18.520784 53.128361 0.000000
26800 42.630441 -17.548543 52.164964 0.000000
26801 42.668066 -16.780027 50.905700 0.000000
26802 43.374673 -16.903717 52.090997 0.000000
26803 44.271238 -16.453521 51.783258 0.000000
26804 45.122838 -16.188860 51.245400 0.000000
26805 46.006556 -16.154300 50.407108 0.000000
26806 45.788150 -17.248412 51.097466 0.000000
26807 46.000132 -18.432564 50.531299 0.000000
26808 45.703724 -19.576698 49.615387 0.000000
29122 30.750263 -27.714783 59.912318 0.000000
29123 31.786314 -27.827560 59.905925 0.000000
29124 32.825119 -27.922146 59.822827 0.000000
29125 33.342686 -28.796163 60.322332 0.000000
29126 33.633587 -29.843891 59.997243 0.000000
30574 48.480599 -13.931515 41.504592 0.000000
30575 49.636865 -13.782359 42.346536 0.000000
30576 50.263635 -14.469931 42.745593 0.000000
30578 50.058077 -15.082015 43.434124 0.000000
30579 49.632277 -15.735027 44.087956 0.000000
30580 49.219325 -16.378943 44.553674 0.000000
30581 49.299162 -14.775518 45.416621 0.000000
30582 49.286315 -15.950575 45.351786 0.000000
30598 38.678029 -23.844918 55.761950 0.000000
30600 39.544311 -23.273761 55.814914 0.000000
30601 40.372969 -22.717155 55.738207 0.000000
30602 41.212638 -22.234217 55.445992 0.000000
30603 41.743053 -24.747129 55.134600 0.000000
30604 41.973388 -23.337425 55.109945 0.000000
30605 42.085344 -21.874061 54.970229 0.000000
30606 42.904825 -21.667607 54.356578 0.000000
30607 43.542607 -21.535732 53.548420 0.000000
30608 44.128999 -21.360201 52.610592 0.000000
30609 44.480468 -21.190127 51.680983 0.000000
30610 43.941794 -22.509792 51.593318 0.000000
33037 38.529366 -24.650723 56.721694 0.000000
33038 39.264421 -25.423787 57.209328 0.000000
33039 39.807683 -26.603391 56.711649 0.000000
33040 38.536708 -28.118595 57.305211 0.000000
33041 39.338753 -27.935789 56.497053 0.000000
36843 54.014159 -12.241689 33.338092 0.000000
36871 50.479288 -11.690540 36.818192 0.000000
36872 51.325381 -11.988852 37.698490 0.000000
36873 51.880573 -12.709165 38.060106 0.000000
36874 51.839277 -13.708691 37.811723 0.000000
36875 51.456608 -13.885131 38.936751 0.000000
36876 51.429078 -14.342603 38.074717 0.000000
36877 51.122576 -14.747324 37.039179 0.000000
36947 40.949267 -20.044174 53.069918 0.000000
36960 43.929865 -15.183878 46.503296 0.000000
36961 45.057683 -14.820993 46.248521 0.000000
36962 46.257080 -14.433551 47.226529 0.000000
36963 47.245413 -14.628182 47.821004 0.000000
36964 47.888700 -15.475823 48.022815 0.000000
36965 46.848061 -16.267986 49.552378 0.000000
36966 47.586786 -16.417142 48.642859 0.000000
36967 48.145649 -16.734552 47.816438 0.000000
36968 47.826299 -17.983277 47.116948 0.000000
36971 44.778711 -20.940018 50.763245 0.000000
36972 44.859466 -20.804505 49.570642 0.000000
41027 27.700840 -29.069918 62.794289 0.000000
41028 27.350289 -29.370049 62.759589 0.000000
41029 27.266781 -28.954414 62.932178 0.000000
41039 28.023860 -28.841637 62.675577 0.000000
41040 28.138569 -29.265458 62.596131 0.000000
41384 45.353173 -14.809169 44.801143 0.000000
41385 45.972602 -14.507220 45.330783 0.000000
41386 45.482565 -14.716402 45.378268 0.000000
43020 51.468538 -11.314013 36.622773 0.000000
43021 51.011537 -11.372220 36.497668 0.000000
43025 50.418721 -14.389896 42.074411 0.000000
43026 50.453593 -14.132511 41.692705 0.000000
43027 50.484794 -14.640005 41.752061 0.000000
43028 50.494888 -14.884657 41.414187 0.000000
43029 50.326954 -15.180240 41.688139 0.000000
43048 44.079445 -20.018708 52.996864 0.000000
43049 43.845439 -19.427542 53.222418 0.000000
43050 44.227190 -19.361149 52.869020 0.000000
43051 44.354747 -18.717233 52.743002 0.000000
43052 44.552046 -19.284753 52.508317 0.000000
43053 44.871396 -19.211994 52.122958 0.000000
43054 44.686026 -19.885923 52.175009 0.000000
44390 31.003540 -29.551037 61.450100 0.000000
44391 31.303619 -29.179057 61.379785 0.000000
44392 31.410986 -29.712016 61.176148 0.000000
44394 31.462376 -30.224966 60.782571 0.000000
45425 47.844652 -13.971532 43.749169 0.000000
45426 47.581280 -14.162524 43.125472 0.000000
45427 48.269534 -13.867851 43.602148 0.000000
45428 48.630179 -13.835109 43.412208 0.000000
45429 48.847667 -13.826924 43.959199 0.000000
45430 49.362481 -13.998817 44.236803 0.000000
45431 49.000001 -13.946067 44.447746 0.000000
45432 48.668721 -15.438534 46.930661 0.000000
45433 48.882539 -15.642259 46.631140 0.000000
45434 48.729288 -16.013330 46.884089 0.000000
45435 48.657709 -16.617229 46.731589 0.000000
45436 48.543000 -16.383491 47.106903 0.000000
45445 40.387652 -25.812138 56.416694 0.000000
45446 40.499608 -25.107285 56.362817 0.000000
45447 40.768485 -25.700271 55.995722 0.000000
47248 36.806896 -27.064500 58.285958 0.000000
47249 36.493970 -26.735266 57.893294 0.000000
47250 36.958312 -26.598843 57.906078 0.000000
47251 37.074857 -26.134096 57.459537 0.000000
47252 37.439172 -26.537908 57.868638 0.000000
47253 37.889749 -26.451507 57.780974 0.000000
47254 37.775958 -27.033578 58.009267 0.000000
50330 53.355271 -11.311284 35.337026 0.000000
50331 53.484663 -11.034800 35.028374 0.000000
50332 53.570924 -11.479539 35.099601 0.000000
50333 53.739776 -11.703273 34.802820 0.000000
50334 53.534217 -12.017955 35.015590 0.000000
50353 50.173703 -12.921985 39.158652 0.000000
50354 49.702938 -12.931080 38.707545 0.000000
50355 50.102125 -12.710074 38.751377 0.000000
50356 50.081936 -12.500893 38.395240 0.000000
50357 50.520583 -12.606393 38.771467 0.000000
50358 50.914264 -12.600936 38.762335 0.000000
50359 50.920688 -12.813756 39.069161 0.000000
50360 49.646960 -16.016967 38.531303 0.000000
50361 50.011275 -15.721384 38.325839 0.000000
50418 40.923572 -21.303813 54.984840 0.000000
50419 40.597798 -21.170118 54.514556 0.000000
50420 40.993315 -20.833608 54.566607 0.000000
50421 41.994495 -17.974183 51.449037 0.000000
50423 41.756818 -18.110605 50.697496 0.000000
50428 44.719980 -15.470366 50.415326 0.000000
50429 44.237285 -15.335762 49.962393 0.000000
50430 44.697956 -15.197520 49.804414 0.000000
50431 44.686026 -14.995614 49.137798 0.000000
50432 45.179733 -15.093839 49.586166 0.000000
50433 45.698218 -14.991067 49.283906 0.000000
50434 45.647746 -15.293016 49.831809 0.000000
50435 46.252492 -19.011907 48.947858 0.000000
50436 46.674621 -18.483495 48.877544 0.000000
50437 46.362612 -19.048286 48.372560 0.000000
50438 46.438779 -19.125592 47.800001 0.000000
53990 29.173703 -28.800710 62.201640 0.000000
53991 29.467358 -28.520588 61.899380 0.000000
53992 29.659151 -29.034448 61.963302 0.000000
53993 30.132670 -29.180876 61.871072 0.000000
53994 29.771107 -29.568317 61.850982 0.000000
53995 29.833509 -29.999414 61.625429 0.000000
53996 29.408627 -29.869357 61.874725 0.000000
55025 46.116676 -14.566336 44.119917 0.000000
55026 45.856058 -14.800074 43.437777 0.000000
55027 46.517699 -14.384439 44.013076 0.000000
55028 46.949922 -14.269844 43.930890 0.000000
55029 47.187599 -14.112503 44.544542 0.000000
55030 47.781333 -13.947886 44.986517 0.000000
55031 47.374804 -14.014278 45.130798 0.000000
55032 47.189435 -14.163434 46.238476 0.000000
55033 47.630835 -14.097951 46.094195 0.000000
55034 47.677636 -14.240740 46.547129 0.000000
55035 48.130966 -14.545418 46.811949 0.000000
55036 47.729943 -14.459017 46.997323 0.000000
56845 34.158496 -28.473295 59.836524 0.000000
56846 34.409938 -28.033104 59.474908 0.000000
56847 34.658627 -28.492394 59.637453 0.000000
56848 35.822235 -29.115393 58.993666 0.000000
56849 35.659807 -28.588800 59.184519 0.000000
56850 36.142502 -28.611537 58.955313 0.000000
56851 36.433404 -28.119505 58.820164 0.000000
56852 36.623362 -28.697029 58.631137 0.000000
56853 37.106057 -28.725223 58.331616 0.000000
59930 52.062272 -10.980231 35.809136 0.000000
59932 52.478895 -10.995692 35.791786 0.000000
59933 52.828528 -11.058447 35.682205 0.000000
59934 52.737678 -11.251258 36.044735 0.000000
59935 52.897353 -11.650523 36.163447 0.000000
59936 52.626640 -11.467716 36.382608 0.000000
59937 52.091637 -11.877894 37.200811 0.000000
59938 52.367856 -12.023412 37.028221 0.000000
59939 52.270583 -12.337185 37.288475 0.000000
59940 52.355927 -12.855592 37.280257 0.000000
59941 52.185240 -12.639134 37.564253 0.000000
59950 48.773336 -13.805096 40.852587 0.000000
59951 48.632932 -13.826924 40.242587 0.000000
59952 49.245937 -13.616832 40.807841 0.000000
59953 50.392109 -13.767807 40.857152 0.000000
59954 49.979157 -13.536798 40.565850 0.000000
59955 50.314107 -13.545893 40.400566 0.000000
59956 50.258129 -13.338530 39.943980 0.000000
59957 50.627951 -13.585000 40.228890 0.000000
59958 50.858286 -13.692320 39.999684 0.000000
59959 50.822497 -13.991541 40.339384 0.000000
59960 50.367332 -15.344857 40.593246 0.000000
59961 50.636210 -15.032903 40.290072 0.000000
59962 50.231516 -15.582233 40.116570 0.000000
59963 50.085607 -15.766859 39.624370 0.000000
59964 49.735974 -16.085179 39.828007 0.000000
60018 42.609335 -20.494370 54.371188 0.000000
60019 42.231254 -20.072368 54.319138 0.000000
60020 42.646959 -19.889561 54.097237 0.000000
60021 43.204904 -18.455301 53.296385 0.000000
60022 42.822235 -18.732694 53.429708 0.000000
60023 42.898401 -18.187912 53.072657 0.000000
60024 42.579052 -18.021476 52.693691 0.000000
60025 42.992004 -17.676780 52.657164 0.000000
60026 42.986498 -17.212942 52.142135 0.000000
60027 43.359990 -17.402115 52.568586 0.000000
60028 44.564893 -17.449409 52.300114 0.000000
60029 44.258391 -16.998303 52.206057 0.000000
60030 44.689697 -16.861880 51.941237 0.000000
60031 44.714474 -16.308003 51.518438 0.000000
60032 45.154039 -16.815497 51.603363 0.000000
60033 45.521107 -16.727276 51.215265 0.000000
60034 45.415575 -17.309348 51.540354 0.000000
60035 45.493577 -19.105584 51.174172 0.000000
60036 45.708312 -18.433473 51.046328 0.000000
60037 45.703724 -19.069204 50.668275 0.000000
60038 45.910200 -19.036463 50.130417 0.000000
60039 45.558732 -19.633995 50.185207 0.000000
64045 30.074856 -27.775719 60.572541 0.000000
64046 30.203330 -27.658395 59.883096 0.000000
64047 30.588753 -27.840293 60.598110 0.000000
64048 31.895517 -28.428730 60.910415 0.000000
64049 31.637651 -28.018552 60.559757 0.000000
64050 32.134112 -28.131328 60.455655 0.000000
64051 32.311222 -27.878491 59.885836 0.000000
64052 32.617725 -28.204087 60.326898 0.000000
64053 33.105009 -28.295036 60.169832 0.000000
64054 32.879261 -28.700667 60.593544 0.000000
67153 47.189435 -14.496306 41.805025 0.000000
67157 47.360122 -14.461745 41.024263 0.000000
67159 48.038281 -14.104317 41.576732 0.000000
67160 49.391847 -13.811463 43.025936 0.000000
67161 49.273467 -13.772355 42.488991 0.000000
67162 49.735056 -13.886041 42.815907 0.000000
67163 50.024123 -14.017916 42.598572 0.000000
67164 50.078265 -14.271663 43.050592 0.000000
67165 50.191139 -14.782794 43.106296 0.000000
67166 50.067253 -14.548147 43.447822 0.000000
67167 49.752492 -14.895571 44.478794 0.000000
67168 49.858024 -15.173873 44.159183 0.000000
67169 49.668984 -15.488556 44.484273 0.000000
67170 49.431307 -16.056075 44.348210 0.000000
67171 49.469849 -15.812333 44.758224 0.000000
67172 48.758653 -14.213456 45.531681 0.000000
67173 49.083509 -14.338965 45.296996 0.000000
67174 49.073415 -14.599078 45.721621 0.000000
67175 49.089933 -16.100640 45.927085 0.000000
67176 49.229419 -15.707742 45.689660 0.000000
67177 49.107369 -16.323464 45.559076 0.000000
67178 49.042214 -16.546289 45.131712 0.000000
67179 48.821973 -16.961924 45.306128 0.000000
67210 39.007473 -23.999531 56.309853 0.000000
67211 39.124935 -23.576620 55.831351 0.000000
67212 39.488333 -23.756698 56.262368 0.000000
67213 40.690483 -23.738508 56.098910 0.000000
67214 40.328003 -23.291950 56.118087 0.000000
67215 40.767568 -23.109144 55.856006 0.000000
67216 40.814369 -22.497969 55.602145 0.000000
67217 41.212638 -22.935432 55.623148 0.000000
67219 41.563189 -25.444705 55.164735 0.000000
67220 41.876115 -25.328291 54.691712 0.000000
67221 42.578134 -23.796715 54.388539 0.000000
67222 42.245937 -23.920406 54.752894 0.000000
67223 42.349634 -23.205549 54.768418 0.000000
67224 42.036708 -22.592555 55.067026 0.000000
67225 42.434060 -22.436123 54.736457 0.000000
67226 42.501967 -21.748552 54.672535 0.000000
67227 42.809387 -22.310614 54.389452 0.000000
67228 43.517830 -22.786276 53.082702 0.000000
67229 43.427898 -22.189653 53.571250 0.000000
67230 43.691270 -22.149635 53.111011 0.000000
67231 43.839015 -21.461154 53.087268 0.000000
67232 43.938124 -22.054139 52.613332 0.000000
67233 44.102387 -21.965919 52.131177 0.000000
67234 43.832591 -22.625297 52.085518 0.000000
72618 34.828396 -27.400101 58.520643 0.000000
72619 34.447562 -27.343713 57.791018 0.000000
72620 34.972471 -27.215475 57.819327 0.000000
72628 37.262979 -25.421968 56.454134 0.000000
72630 37.335475 -25.098191 55.850527 0.000000
72632 37.689697 -24.718025 56.076081 0.000000
72633 38.109990 -24.492473 56.174704 0.000000
72634 38.069613 -24.865362 56.707083 0.000000
72635 38.742266 -26.239596 57.508848 0.000000
72636 38.839539 -25.589313 57.339911 0.000000
72637 39.162560 -26.129548 57.293340 0.000000
72638 39.574594 -26.021319 57.032172 0.000000
72639 39.440614 -26.721624 57.055915 0.000000
72641 38.147615 -28.131328 57.714312 0.000000
72646 39.710410 -27.867577 56.056904 0.000000
81875 53.828790 -12.255331 34.030277 0.000000
81877 53.761800 -12.545457 33.522553 0.000000
81879 53.391060 -13.110248 33.071446 0.000000
81887 52.899188 -12.683699 36.062998 0.000000
81933 48.403514 -13.821467 39.004326 0.000000
81934 47.817122 -14.068847 38.365105 0.000000
81935 48.282382 -13.761441 38.438159 0.000000
81943 49.960803 -12.239870 37.535032 0.000000
81944 49.372576 -12.298986 36.920467 0.000000
81945 49.950709 -12.058882 37.113146 0.000000
81946 49.923179 -11.889718 36.641036 0.000000
81947 50.487547 -11.877894 37.261993 0.000000
81948 50.924359 -11.725100 37.350571 0.000000
81949 50.927112 -11.992490 37.718579 0.000000
81950 51.564894 -12.806480 38.550479 0.000000
81951 51.618118 -12.535453 38.283833 0.000000
81952 51.785135 -12.969278 38.320360 0.000000
81953 51.946645 -13.162089 38.017187 0.000000
81954 51.799817 -13.495871 38.245480 0.000000
81955 51.224437 -14.005183 39.488307 0.000000
81956 51.323546 -13.696867 39.249056 0.000000
81957 51.298769 -14.217094 39.133083 0.000000
81958 50.753672 -15.134766 37.893908 0.000000
81959 51.175801 -14.648190 38.230869 0.000000
81960 51.029891 -14.861920 37.712187 0.000000
81961 51.298769 -14.572703 37.582517 0.000000
81962 50.852780 -15.030175 37.176155 0.000000
82136 41.605402 -19.630358 53.764842 0.000000
82137 41.205297 -20.015070 53.705486 0.000000
82138 41.339277 -19.602163 53.198675 0.000000
82158 43.011275 -16.420780 50.889263 0.000000
82161 43.103042 -15.442172 48.609985 0.000000
82168 44.587835 -14.861920 47.766214 0.000000
82169 43.972077 -15.102934 47.193655 0.000000
82170 44.514421 -14.924674 47.079508 0.000000
82171 44.510751 -15.005618 46.413805 0.000000
82172 45.117332 -14.730044 46.953490 0.000000
82173 45.709230 -14.559970 46.804643 0.000000
82174 45.685371 -14.564517 47.408250 0.000000
82175 46.714081 -14.931950 48.654730 0.000000
82176 46.769141 -14.663652 48.126917 0.000000
82177 47.171081 -14.949230 48.352470 0.000000
82178 47.596881 -14.967420 47.992680 0.000000
82179 47.524385 -15.366685 48.434656 0.000000
82180 46.272681 -16.676345 50.355057 0.000000
82181 46.447038 -16.194317 49.980656 0.000000
82182 46.680127 -16.741828 49.900297 0.000000
82183 47.360122 -17.515801 48.613637 0.000000
82184 47.343603 -16.892803 48.946032 0.000000
82185 47.644600 -17.043778 48.461138 0.000000
82186 47.900630 -16.550836 48.232845 0.000000
82187 47.876771 -17.227494 48.008204 0.000000
82188 48.041034 -17.370283 47.505959 0.000000
82189 47.711590 -17.825936 47.640196 0.000000
82191 46.946252 -19.019183 46.708760 0.000000
82195 44.329052 -21.742185 51.141298 0.000000
82196 44.659414 -21.072803 51.220744 0.000000
82197 44.368512 -21.619405 50.639053 0.000000
92300 28.727714 -28.704305 62.350487 0.000000
92301 28.897484 -29.227259 62.340443 0.000000
92302 29.008522 -29.682003 62.175158 0.000000
92303 28.568039 -29.494649 62.356880 0.000000
92304 28.198218 -29.691098 62.389754 0.000000
92921 45.673441 -14.754600 44.150965 0.000000
92922 46.317646 -14.379892 44.720784 0.000000
92923 46.939828 -14.105227 45.237640 0.000000
92924 46.433273 -14.295309 45.266861 0.000000
92925 46.666362 -14.244378 45.889645 0.000000
92926 46.717751 -14.263477 46.393716 0.000000
94012 34.464998 -29.502834 59.667587 0.000000
94013 34.810960 -29.023535 59.589968 0.000000
94014 34.931175 -29.619248 59.338845 0.000000
94015 35.416624 -29.616520 58.976316 0.000000
95865 51.982434 -11.133934 36.217324 0.000000
95866 52.270583 -11.346754 36.536935 0.000000
95867 51.878737 -11.290366 36.626425 0.000000
95868 51.814500 -11.527742 36.981649 0.000000
95869 51.755769 -11.781489 37.285736 0.000000
95875 49.867201 -13.735066 41.706403 0.000000
95876 49.778187 -13.644117 41.225161 0.000000
95877 50.183798 -13.807825 41.508244 0.000000
95878 50.441663 -13.945157 41.282691 0.000000
95879 50.639880 -14.128873 41.015131 0.000000
95880 50.774778 -14.307133 40.718350 0.000000
95881 50.671081 -14.555423 41.075401 0.000000
95882 50.478370 -15.115666 41.054398 0.000000
95916 43.371920 -20.216976 53.746579 0.000000
95917 43.070924 -19.703116 53.861638 0.000000
95918 43.444416 -19.549413 53.555726 0.000000
95919 43.544442 -18.880031 53.319214 0.000000
95920 43.624280 -18.273404 53.086355 0.000000
95921 43.729812 -17.673142 52.822448 0.000000
95922 44.039985 -18.158808 52.862628 0.000000
95923 44.451102 -18.066041 52.606026 0.000000
95924 44.867725 -18.011471 52.202404 0.000000
95925 45.233876 -17.887781 51.813393 0.000000
95926 45.078790 -18.573534 51.972285 0.000000
95927 45.179733 -19.160153 51.681896 0.000000
95928 45.228370 -19.745862 51.249966 0.000000
98333 30.921867 -28.214091 61.089397 0.000000
98334 31.151285 -28.676111 61.353303 0.000000
98335 31.625722 -28.775245 61.210848 0.000000
98336 32.079051 -28.915306 61.040998 0.000000
98337 32.543393 -29.045362 60.821837 0.000000
98338 32.223126 -29.450993 60.944202 0.000000
100195 46.569088 -14.678203 42.655189 0.000000
100197 46.993053 -14.504491 42.583048 0.000000
100198 47.410593 -14.314409 42.470728 0.000000
100199 47.801522 -14.130692 42.321881 0.000000
100200 48.213556 -13.986084 42.200429 0.000000
100201 48.404432 -13.907868 42.816820 0.000000
100202 48.997248 -13.829652 43.225008 0.000000
100203 49.565287 -13.995179 43.563795 0.000000
100204 49.855271 -14.340784 43.732732 0.000000
100205 49.618512 -14.142516 43.992986 0.000000
100206 49.643289 -14.404448 44.404827 0.000000
100207 49.592817 -14.670927 44.785619 0.000000
100208 48.766912 -14.742777 46.331620 0.000000
100209 49.051391 -14.916489 46.093282 0.000000
100210 48.986236 -15.268460 46.390063 0.000000
100211 49.016519 -15.867812 46.295093 0.000000
100212 48.920164 -16.468073 46.148986 0.000000
100213 48.701758 -17.156554 45.892384 0.000000
100214 48.735712 -16.876432 46.329794 0.000000
100215 48.503541 -17.338451 46.420198 0.000000
100216 48.205297 -17.734078 46.505123 0.000000
100231 39.768223 -24.734396 56.756394 0.000000
100232 39.856320 -24.115945 56.522622 0.000000
100233 40.215129 -24.585240 56.539059 0.000000
100234 40.626246 -24.433356 56.271500 0.000000
100235 41.053881 -24.280562 55.935452 0.000000
100237 42.166099 -25.159126 54.254302 0.000000
100240 42.858024 -23.659383 53.972132 0.000000
100241 43.012193 -22.969083 53.980351 0.000000
100242 43.056241 -23.563887 53.502762 0.000000
100243 43.288412 -23.480214 53.041610 0.000000
103476 35.847012 -27.216385 58.456721 0.000000
103477 35.498296 -27.059044 57.861333 0.000000
103478 36.032381 -26.875327 57.928907 0.000000
103480 36.277400 -26.333273 56.641335 0.000000
103482 36.730730 -26.007677 56.841319 0.000000
103483 37.201495 -25.763025 56.985601 0.000000
103484 37.614448 -25.568395 57.073265 0.000000
103485 38.062271 -25.331019 57.201109 0.000000
103486 37.987022 -25.885806 57.499716 0.000000
103487 38.329314 -26.388752 57.662261 0.000000
103488 38.618380 -26.920802 57.570944 0.000000
109030 53.926981 -11.439522 34.503300 0.000000
109031 53.859073 -11.987942 34.442117 0.000000
109032 53.594783 -12.559100 34.139857 0.000000
109037 52.460541 -13.312155 36.468447 0.000000
109065 49.333116 -13.273047 39.112993 0.000000
109066 48.741218 -13.454034 38.540434 0.000000
109067 49.209230 -13.181188 38.630838 0.000000
109068 49.131228 -13.032033 38.163294 0.000000
109069 48.995413 -12.888334 37.650091 0.000000
109071 49.491873 -12.595479 37.812636 0.000000
109072 49.998428 -12.369926 37.973354 0.000000
109073 50.502230 -12.242598 38.082935 0.000000
109074 50.917935 -12.202581 38.102112 0.000000
109075 50.922523 -12.405396 38.451857 0.000000
109076 51.285921 -12.671876 38.702979 0.000000
109077 51.483221 -13.095697 38.769641 0.000000
109078 50.745413 -15.124761 39.118472 0.000000
109079 51.018879 -14.773699 38.920314 0.000000
109080 50.568302 -15.290288 38.615315 0.000000
109081 50.341637 -15.431258 38.104851 0.000000
109182 40.057290 -22.025036 54.853343 0.000000
109187 41.823808 -18.782716 52.643467 0.000000
109188 41.462245 -19.249283 52.586850 0.000000
109189 41.569613 -18.885488 51.952195 0.000000
109190 41.375066 -19.015545 51.196089 0.000000
109200 43.783955 -15.794143 50.787901 0.000000
109201 43.327872 -15.782320 50.132243 0.000000
109202 43.767437 -15.521297 50.059189 0.000000
109203 43.701364 -15.331215 49.354220 0.000000
109204 43.640798 -15.249361 48.635554 0.000000
109205 43.538019 -15.199339 47.979896 0.000000
109206 44.139094 -15.057459 48.597200 0.000000
109207 44.611695 -14.904665 48.435569 0.000000
109208 45.138438 -14.765514 48.250195 0.000000
109209 45.707395 -14.641824 48.053863 0.000000
109210 45.697300 -14.771880 48.676646 0.000000
109211 46.196514 -14.923765 48.974340 0.000000
109212 46.626902 -15.280283 49.148756 0.000000
109213 46.531464 -17.831393 49.842767 0.000000
109214 46.782906 -17.316624 49.657393 0.000000
109215 46.796671 -17.896876 49.309475 0.000000
109216 47.033430 -17.958721 48.773443 0.000000
109217 47.216047 -18.116062 48.226452 0.000000
109218 47.339015 -18.257033 47.717815 0.000000
109219 46.915051 -18.714505 47.758908 0.000000
115521 29.915182 -27.963073 61.143274 0.000000
115523 29.689434 -28.214091 61.547809 0.000000
115524 30.198742 -28.363247 61.480234 0.000000
115525 30.405218 -28.848004 61.647345 0.000000
115526 30.551128 -29.384601 61.627255 0.000000
115527 30.625459 -29.909374 61.399875 0.000000
115528 30.650237 -30.335014 61.074786 0.000000
115529 30.231778 -30.174035 61.311297 0.000000
115530 29.841768 -30.457795 61.201717 0.000000
115532 29.031464 -30.118556 61.792539 0.000000
116974 46.742528 -14.452651 43.310846 0.000000
116975 47.393158 -14.122507 43.845052 0.000000
116976 48.021763 -13.909687 44.276069 0.000000
116977 48.604484 -13.916054 44.638599 0.000000
116978 48.180520 -13.901502 44.825799 0.000000
116979 48.304406 -13.992450 45.293343 0.000000
116980 48.431962 -14.103408 45.751756 0.000000
116981 47.524385 -14.016097 45.651307 0.000000
116982 48.032775 -14.061571 45.946261 0.000000
116983 48.453986 -14.332598 46.159944 0.000000
116984 48.462245 -14.617268 46.580003 0.000000
116985 48.470504 -14.946502 46.928835 0.000000
116986 48.383326 -15.227533 47.241140 0.000000
116999 40.949267 -26.255057 55.523612 0.000000
119518 33.535397 -27.711145 59.188172 0.000000
119519 33.725355 -27.554714 58.507859 0.000000
119520 34.091506 -27.709326 59.112379 0.000000
119521 34.620085 -27.682042 59.058502 0.000000
119522 35.152334 -27.664762 58.973576 0.000000
119523 35.167017 -28.564244 59.409160 0.000000
119524 35.434977 -28.073121 59.175388 0.000000
119525 35.662560 -27.641115 58.853951 0.000000
119526 36.163608 -27.598369 58.778158 0.000000
119527 36.651810 -27.606554 58.602829 0.000000
119528 37.111563 -27.576541 58.445763 0.000000
119529 37.586000 -27.571084 58.198293 0.000000
119530 37.397877 -28.175893 58.316092 0.000000
119531 37.503409 -28.776154 57.990090 0.000000
119532 37.514421 -29.285467 57.549028 0.000000
123842 53.124936 -11.159400 35.520574 0.000000
123843 53.246068 -11.568669 35.635634 0.000000
123844 53.238727 -12.073434 35.594541 0.000000
123845 53.093735 -11.856976 35.899540 0.000000
123846 52.937730 -12.123456 36.184450 0.000000
123847 52.782644 -12.414491 36.462054 0.000000
123848 52.508260 -11.732376 36.752443 0.000000
123849 52.604616 -12.206219 36.778012 0.000000
123850 52.653252 -12.778286 36.692174 0.000000
123851 52.469718 -13.082964 36.892159 0.000000
123852 52.267830 -13.343077 37.091230 0.000000
123853 52.028318 -13.623199 37.241903 0.000000
123867 48.030022 -14.104317 39.645373 0.000000
123868 48.531988 -13.835109 39.630762 0.000000
123869 48.990824 -13.605009 39.608846 0.000000
123870 49.606582 -13.539526 40.713784 0.000000
123871 49.518486 -13.489504 40.117483 0.000000
123872 49.397353 -13.409470 39.595148 0.000000
123873 49.839671 -13.233029 39.571406 0.000000
123874 50.228763 -13.133895 39.537619 0.000000
123875 50.591244 -13.092968 39.480089 0.000000
123876 50.936288 -13.090240 39.396077 0.000000
123877 50.906005 -13.416745 39.693771 0.000000
123878 51.062927 -13.826014 39.757693 0.000000
123879 51.062927 -14.336236 39.741256 0.000000
123880 50.856451 -14.480845 40.378650 0.000000
123881 50.893158 -14.670927 39.998770 0.000000
123882 50.844521 -14.913760 39.576885 0.000000
123883 50.450840 -15.436715 39.379640 0.000000
123884 49.886472 -15.873269 39.091990 0.000000
123960 41.753147 -20.783586 54.795813 0.000000
123961 41.395255 -20.531659 54.528254 0.000000
123962 41.821973 -20.290645 54.466158 0.000000
123963 41.889880 -19.803160 54.124632 0.000000
123964 42.000001 -19.294757 53.697267 0.000000
123965 42.702937 -19.335684 53.788585 0.000000
123966 42.400106 -19.026458 53.579468 0.000000
123967 42.085344 -18.849109 53.196849 0.000000
123968 42.191794 -18.387999 52.695517 0.000000
123969 42.251443 -17.965997 52.151267 0.000000
123970 42.349634 -17.532172 51.574142 0.000000
123971 42.373493 -17.176563 50.929442 0.000000
123972 42.675407 -17.138364 51.598797 0.000000
123973 43.023205 -16.795488 51.568663 0.000000
123974 43.422392 -16.489900 51.529396 0.000000
123975 43.802308 -17.167468 52.414260 0.000000
123976 43.842686 -16.674526 51.964066 0.000000
123977 43.877557 -16.220692 51.430774 0.000000
123978 44.297851 -15.995140 51.235355 0.000000
123979 44.735580 -15.835980 50.993364 0.000000
123980 45.179733 -15.745031 50.685625 0.000000
123981 45.650499 -15.687733 50.335880 0.000000
123982 45.594521 -16.177947 50.799772 0.000000
123983 45.901023 -16.680893 50.784248 0.000000
123984 46.141453 -17.216580 50.627182 0.000000
123985 45.605533 -17.837760 51.363199 0.000000
123986 45.949660 -17.800471 50.913005 0.000000
123987 46.280022 -17.804109 50.353231 0.000000
123988 46.248821 -18.412555 49.986135 0.000000
123989 46.097405 -18.998264 49.571555 0.000000
129507 32.608548 -27.675675 58.465853 0.000000
129511 31.117332 -27.951250 60.570715 0.000000
129514 31.929471 -27.715693 59.216480 0.000000
129515 32.447956 -27.697503 59.232917 0.000000
129516 32.984794 -27.742977 59.204609 0.000000
129517 33.333509 -27.982172 59.735162 0.000000
129518 33.607893 -28.374161 60.026464 0.000000
129519 33.868511 -28.886202 60.095865 0.000000
129520 33.045360 -29.207251 60.559757 0.000000
129521 33.527138 -29.333669 60.255670 0.000000
129522 34.004327 -29.405519 59.968021 0.000000
133451 48.315418 -13.998817 40.920161 0.000000
133452 48.939435 -13.781450 41.448888 0.000000
133453 48.655874 -13.874217 42.066192 0.000000
133454 49.070662 -13.787816 41.942001 0.000000
133455 49.478108 -13.715967 41.865295 0.000000
133456 49.953462 -13.848752 42.161162 0.000000
133457 50.271894 -14.176167 42.356581 0.000000
133458 50.324201 -14.672746 42.424156 0.000000
133459 50.207657 -15.222986 42.370279 0.000000
133460 50.223257 -15.012894 42.746506 0.000000
133461 50.066336 -15.299383 43.057898 0.000000
133462 49.846094 -15.619522 43.359244 0.000000
133463 49.995675 -14.845549 43.802133 0.000000
133464 49.877295 -15.402155 43.757387 0.000000
133469 49.073415 -14.126145 44.886981 0.000000
133470 49.365234 -14.495396 45.059571 0.000000
133471 49.481779 -14.975605 45.131712 0.000000
133472 49.228501 -15.102934 45.756321 0.000000
133473 49.360646 -15.323029 45.425753 0.000000
133474 49.455166 -15.556767 45.121667 0.000000
133475 49.271632 -16.152481 44.976472 0.000000
133518 38.778973 -23.508408 55.172954 0.000000
133520 39.591112 -22.825384 55.299885 0.000000
133521 39.917804 -23.509318 56.164659 0.000000
133522 39.938910 -22.981815 55.787519 0.000000
133523 39.991217 -22.479779 55.344630 0.000000
133524 40.421605 -22.150545 55.341890 0.000000
133525 40.821710 -21.850414 55.298058 0.000000
133526 41.267699 -21.569383 55.219525 0.000000
133527 41.188779 -25.564757 55.579315 0.000000
133528 41.362219 -24.870819 55.581142 0.000000
133529 41.481516 -24.162329 55.562878 0.000000
133530 42.105533 -24.620710 54.718194 0.000000
133531 41.885292 -24.067742 55.139166 0.000000
133532 41.578789 -23.486580 55.475214 0.000000
133533 41.638438 -22.716245 55.388462 0.000000
133534 41.666886 -22.030492 55.235963 0.000000
133535 41.720111 -21.378391 55.045110 0.000000
133536 42.151417 -21.242877 54.808598 0.000000
133537 42.584558 -21.131010 54.552910 0.000000
133538 42.967227 -20.989130 54.248823 0.000000
133539 43.123231 -22.231489 54.045186 0.000000
133540 43.234269 -21.573021 53.963000 0.000000
133541 43.314107 -20.926376 53.877162 0.000000
133542 43.649057 -20.829970 53.470801 0.000000
133543 43.997772 -20.696276 53.046175 0.000000
133544 44.264815 -20.653530 52.611505 0.000000
133545 44.489644 -20.584409 52.179575 0.000000
133546 44.319875 -21.276528 52.139395 0.000000
133547 44.229026 -21.860419 51.646282 0.000000
133548 44.001443 -22.389740 51.097466 0.000000
133549 43.607762 -23.143704 51.476432 0.000000
133550 43.661904 -22.993639 50.974188 0.000000
140275 33.890536 -27.466494 57.738054 0.000000
140278 35.156005 -27.049949 57.135361 0.000000
140293 38.242135 -24.138682 55.654195 0.000000
140294 38.565155 -24.225084 56.263281 0.000000
140295 38.976272 -24.436084 56.734478 0.000000
140296 38.448611 -25.147303 57.156364 0.000000
140297 38.905612 -24.953582 57.076918 0.000000
140298 39.328658 -24.824435 56.952726 0.000000
140299 39.683797 -25.299187 56.963684 0.000000
140300 39.982041 -25.903086 56.736304 0.000000
140301 40.189434 -26.475153 56.368296 0.000000
140302 38.004458 -27.562899 57.948997 0.000000
140303 38.410987 -27.568356 57.657695 0.000000
140304 38.827610 -27.509239 57.298819 0.000000
140306 38.953331 -28.056750 56.894283 0.000000
140307 39.218538 -27.400101 57.006603 0.000000
140308 39.625066 -27.303695 56.614853 0.000000
144852 27.119953 -28.491485 62.968705 0.000000
151496 53.917804 -12.526358 32.855937 0.000000
151580 51.003278 -11.540475 36.954254 0.000000
151581 51.361170 -11.730557 37.335047 0.000000
151582 51.702544 -12.043421 37.627262 0.000000
151583 51.301522 -12.218042 38.057366 0.000000
151584 51.661249 -12.288073 37.972441 0.000000
151585 51.963163 -12.451780 37.788894 0.000000
151586 52.082460 -12.906524 37.798025 0.000000
151587 52.020976 -13.405832 37.672008 0.000000
151588 51.779629 -13.943338 37.346918 0.000000
151589 51.198742 -13.236667 39.242664 0.000000
151590 51.403383 -13.384913 39.014371 0.000000
151591 51.561223 -13.545893 38.718503 0.000000
151592 51.265733 -14.431732 38.715763 0.000000
151593 51.484138 -14.107955 38.516692 0.000000
151594 51.686944 -13.791454 38.396153 0.000000
151595 51.647484 -14.031558 37.952352 0.000000
151596 51.545622 -14.262568 37.453759 0.000000
151598 50.895911 -14.879200 36.465707 0.000000
151768 44.336393 -15.289378 44.925335 0.000000
151805 41.076823 -20.429796 54.108195 0.000000
151806 40.811616 -20.425249 53.524678 0.000000
151844 43.400368 -15.278464 47.226529 0.000000
151847 43.844521 -15.322120 45.780977 0.000000
151848 44.414395 -15.129309 45.679615 0.000000
151849 44.980599 -14.921036 45.547205 0.000000
151850 45.572497 -14.630001 46.064974 0.000000
151851 46.222209 -14.404448 46.593700 0.000000
151852 46.754458 -14.327141 46.995496 0.000000
151853 46.315811 -14.531776 47.849312 0.000000
151854 46.784741 -14.450832 47.567142 0.000000
151855 47.286708 -14.430823 47.275840 0.000000
151856 47.718014 -14.678203 47.490436 0.000000
151857 48.020845 -15.061097 47.603669 0.000000
151858 48.245675 -15.595875 47.610974 0.000000
151859 46.094652 -15.702285 49.959653 0.000000
151860 46.536970 -15.731389 49.586166 0.000000
151861 47.001312 -15.771406 49.147843 0.000000
151862 47.011406 -16.813678 49.422708 0.000000
151863 47.236236 -16.320736 49.076616 0.000000
151864 47.442712 -15.837799 48.740568 0.000000
151865 47.781333 -15.940571 48.359776 0.000000
151866 48.083247 -16.088817 47.971677 0.000000
151867 48.352125 -16.240701 47.542486 0.000000
151868 48.327348 -16.918269 47.330630 0.000000
151869 48.149319 -17.520349 47.002802 0.000000
151870 47.837311 -18.120610 46.615617 0.000000
151871 47.425276 -18.412555 47.208265 0.000000
151872 47.450053 -18.570806 46.698715 0.000000
151877 44.735580 -20.477999 51.744905 0.000000
151878 44.967751 -20.387960 51.256358 0.000000
151879 45.076954 -20.323386 50.727631 0.000000
151880 44.415313 -21.492986 50.114893 0.000000
151881 44.829183 -20.867259 50.199818 0.000000
151882 45.193499 -20.254265 50.169683 0.000000
151883 45.309125 -20.171502 49.646435 0.000000
