#!ascii label  , from subject fsaverage vox2ras=TkReg 
1388
45 12.711589 -18.046941 65.675348 0.000000
222 7.076167 -27.086328 51.974111 0.000000
367 5.431699 -23.113691 66.474373 0.000000
368 5.406922 -18.827281 60.821837 0.000000
468 6.059387 -16.494448 53.331998 0.000000
850 8.995019 -20.247899 67.056977 0.000000
851 7.312926 -17.513073 65.331995 0.000000
860 15.210409 -20.047812 63.989632 0.000000
862 11.462638 -22.004117 65.122878 0.000000
863 8.073676 -24.441541 65.677174 0.000000
1023 4.871002 -13.162089 60.367077 0.000000
1024 6.030939 -17.373012 57.349043 0.000000
1025 5.970372 -12.021593 56.759134 0.000000
1813 3.114578 -26.313265 63.344932 0.000000
1814 4.558993 -24.254187 60.309547 0.000000
1815 4.869166 -20.789953 63.751294 0.000000
1816 5.570268 -15.150227 63.221654 0.000000
2052 5.762979 -22.936341 56.737218 0.000000
2053 6.714604 -21.696711 52.841625 0.000000
2054 6.329182 -20.325205 49.416316 0.000000
2056 4.958180 -15.113847 49.421795 0.000000
2770 10.894599 -19.059200 66.575735 0.000000
2771 9.868642 -17.862316 65.850677 0.000000
2780 14.119298 -19.131959 65.532893 0.000000
2781 13.281463 -20.892725 64.511966 0.000000
2782 12.198611 -20.133304 66.234209 0.000000
2783 10.310042 -21.276528 66.748325 0.000000
2944 5.184845 -12.509078 58.579086 0.000000
3985 3.938647 -24.763500 65.195019 0.000000
3986 4.108416 -23.575710 63.740336 0.000000
3987 5.028841 -21.839500 65.332908 0.000000
3988 7.936025 -15.160231 63.922970 0.000000
3989 6.402596 -16.250706 64.317460 0.000000
4025 6.726534 -23.886755 66.734627 0.000000
4026 6.331017 -26.198669 65.331082 0.000000
4027 4.989381 -25.542930 66.083536 0.000000
4028 3.540378 -27.182734 64.879061 0.000000
4503 4.982958 -21.656694 60.641029 0.000000
4504 5.142633 -23.548426 58.559909 0.000000
4505 5.538149 -20.960027 59.053936 0.000000
4506 6.194284 -16.926454 55.447818 0.000000
4507 7.167016 -19.566693 55.460603 0.000000
4508 7.317515 -19.017364 53.456190 0.000000
4509 6.461327 -21.073713 50.991538 0.000000
4510 6.779759 -18.301598 51.421642 0.000000
6136 7.166099 -21.599396 67.129118 0.000000
6137 6.415443 -20.241532 66.264344 0.000000
6138 8.081017 -18.875484 66.398580 0.000000
6139 8.850026 -16.521733 64.702819 0.000000
6154 16.117069 -20.528021 61.888422 0.000000
6155 14.741479 -21.634866 59.645671 0.000000
6156 13.895386 -21.342921 62.197988 0.000000
6157 12.149056 -22.444309 62.717583 0.000000
6160 9.797064 -23.155527 65.629689 0.000000
6161 8.546277 -22.510701 67.002187 0.000000
6447 4.737022 -16.024243 60.544233 0.000000
6448 5.705165 -18.020566 59.147992 0.000000
6449 4.691138 -15.395788 58.759894 0.000000
6450 4.833377 -14.846458 56.950900 0.000000
6451 5.205034 -14.218003 55.116337 0.000000
7213 14.448742 -17.273878 64.532969 0.000000
7227 19.253671 -20.387960 59.831045 0.000000
7229 20.368642 -19.281115 62.331311 0.000000
7231 17.141191 -19.295666 63.871832 0.000000
7232 15.927111 -18.226110 64.929286 0.000000
8071 2.866807 -27.940336 61.273857 0.000000
8072 3.711982 -26.971733 59.728770 0.000000
8073 3.705559 -25.275540 61.791626 0.000000
8074 4.583770 -22.568909 62.150503 0.000000
8075 5.044442 -19.832264 62.300263 0.000000
8076 5.829051 -19.041010 64.879061 0.000000
8077 5.368380 -17.930527 63.535785 0.000000
8078 5.026088 -16.960105 62.046401 0.000000
8079 5.037100 -14.132511 61.842764 0.000000
8724 4.893026 -26.325088 58.100584 0.000000
8725 6.087834 -25.633878 56.366470 0.000000
8726 6.850420 -24.876276 54.522775 0.000000
8727 6.464998 -20.216067 57.338998 0.000000
8728 6.384242 -22.270597 54.889870 0.000000
8729 6.911904 -24.179609 52.319290 0.000000
8730 6.092423 -23.567525 50.386105 0.000000
8731 5.640011 -22.890867 48.691257 0.000000
8734 6.875197 -11.422241 54.917265 0.000000
8735 5.703330 -13.612285 53.209633 0.000000
8737 5.415181 -12.846497 51.323933 0.000000
8738 5.559255 -15.858717 51.358633 0.000000
8739 5.882276 -17.688604 49.433666 0.000000
10450 11.700315 -18.600819 66.226904 0.000000
10451 11.234138 -17.978730 65.820542 0.000000
10452 12.096749 -17.543995 65.172190 0.000000
10460 13.447562 -18.532607 65.774883 0.000000
10461 13.188778 -19.601254 65.907293 0.000000
10462 12.493183 -19.082847 66.231469 0.000000
10463 11.558076 -19.559418 66.550167 0.000000
11220 6.505375 -27.904866 51.022586 0.000000
11222 6.835737 -26.571559 50.915745 0.000000
11665 4.638831 -23.926772 65.919165 0.000000
11666 4.467226 -23.335606 65.348432 0.000000
11667 5.177504 -22.455223 65.975781 0.000000
11697 16.375852 -21.546646 58.256736 0.000000
11705 6.113529 -23.498404 66.783939 0.000000
11706 5.858416 -24.726211 66.431454 0.000000
11707 5.191269 -24.312394 66.395840 0.000000
11708 4.385553 -25.114561 65.876245 0.000000
12183 5.250000 -20.302468 60.819098 0.000000
12184 5.266518 -21.310179 59.828306 0.000000
12185 5.568432 -19.922303 60.014593 0.000000
12186 6.168590 -16.690897 54.413194 0.000000
12187 6.992659 -17.951445 54.506338 0.000000
12188 6.888044 -17.703156 53.464408 0.000000
12189 7.128474 -18.711776 52.380473 0.000000
12190 6.602648 -17.432129 52.395997 0.000000
14065 8.070005 -20.931833 67.134597 0.000000
14066 7.645123 -20.219705 66.825031 0.000000
14067 8.515994 -19.567603 66.791244 0.000000
14069 9.399712 -17.247503 65.295468 0.000000
14071 9.139093 -15.532211 63.706548 0.000000
14095 15.579313 -20.327934 62.965052 0.000000
14096 14.954379 -20.910005 61.955084 0.000000
14097 14.702937 -20.662625 63.125771 0.000000
14098 12.313320 -21.417499 64.827011 0.000000
14099 12.716177 -21.688526 63.667282 0.000000
14100 11.835213 -22.276963 63.992371 0.000000
14104 10.643157 -22.570727 65.449794 0.000000
14105 9.675931 -20.755392 67.006753 0.000000
14106 9.425407 -21.894979 66.894433 0.000000
14107 8.819743 -21.379300 67.152860 0.000000
14108 7.836917 -22.125079 67.167471 0.000000
14583 4.651678 -14.534504 60.450176 0.000000
14584 4.686550 -15.713199 59.641105 0.000000
14585 4.581935 -14.231645 59.525133 0.000000
14586 5.518878 -12.267154 57.678698 0.000000
14587 4.808600 -13.613195 57.707007 0.000000
14588 5.072889 -13.280322 56.840406 0.000000
14589 4.975616 -14.527229 55.985677 0.000000
14590 5.441794 -13.007477 55.919929 0.000000
15903 17.695464 -19.629448 62.950442 0.000000
17710 2.910855 -27.102699 62.322179 0.000000
17711 3.214604 -26.603391 61.512195 0.000000
17712 3.311877 -25.707547 62.582433 0.000000
17713 4.549817 -22.180558 63.790560 0.000000
17714 4.346093 -23.045479 62.962313 0.000000
17715 4.648925 -21.664879 62.965052 0.000000
17716 4.814106 -21.211045 62.173332 0.000000
17717 4.910462 -20.250627 63.016190 0.000000
17718 6.910068 -18.905497 65.850677 0.000000
17719 6.136471 -19.643090 65.627863 0.000000
17720 6.533823 -18.243391 65.208717 0.000000
17721 5.993314 -15.636802 63.784168 0.000000
17722 5.785920 -17.037411 64.046248 0.000000
17723 5.518878 -16.436241 63.438076 0.000000
17724 5.246329 -17.414848 62.796115 0.000000
17725 5.180257 -15.980588 62.700232 0.000000
17726 4.930650 -15.535849 61.996177 0.000000
17727 5.252753 -14.655466 62.566909 0.000000
17808 13.592554 -22.279692 59.783560 0.000000
17809 14.040378 -22.359727 58.406497 0.000000
17830 8.519665 -24.792603 64.602370 0.000000
17831 8.140666 -25.836694 63.297447 0.000000
17832 7.657971 -25.590223 64.528403 0.000000
17833 5.538149 -27.064500 65.110094 0.000000
17834 6.173178 -27.342803 64.322939 0.000000
17840 3.193498 -26.703434 64.305589 0.000000
17842 2.868642 -27.523791 63.270052 0.000000
19263 4.128605 -25.624783 60.082168 0.000000
19264 4.256162 -26.632494 58.906915 0.000000
19265 4.643419 -25.272812 59.202783 0.000000
19266 5.429864 -23.209187 57.634866 0.000000
19267 5.529890 -24.499748 57.523459 0.000000
19268 5.955690 -24.217808 56.547278 0.000000
19269 6.547588 -25.270084 55.476127 0.000000
19270 6.246592 -23.902216 55.635019 0.000000
19271 5.852910 -17.645858 58.253997 0.000000
19272 6.285134 -19.103765 58.412889 0.000000
19273 6.595307 -18.729056 57.474148 0.000000
19274 7.095438 -20.707190 54.149288 0.000000
19275 6.768747 -20.950932 55.256052 0.000000
19276 6.652203 -21.994113 53.862551 0.000000
19277 6.675144 -23.267394 53.585860 0.000000
19278 6.615496 -23.009100 52.513796 0.000000
19279 6.549423 -23.894030 51.256358 0.000000
19280 6.354877 -22.693508 51.561357 0.000000
19281 6.314499 -20.716284 50.210776 0.000000
19282 5.908888 -22.006846 49.839115 0.000000
19283 5.885947 -21.667607 49.072963 0.000000
19291 7.138569 -11.019339 53.896339 0.000000
19292 6.247509 -12.504530 54.036967 0.000000
19293 6.413608 -12.147102 53.026999 0.000000
19297 4.854484 -13.558625 49.565163 0.000000
19299 5.035265 -14.005183 50.381539 0.000000
19300 5.311484 -14.436280 51.278274 0.000000
19301 5.231647 -15.463090 50.319443 0.000000
19302 5.734531 -16.790031 50.370581 0.000000
19303 5.298637 -16.480806 49.362439 0.000000
23416 9.985186 -19.599435 66.841469 0.000000
23417 9.459360 -18.966432 66.600391 0.000000
23418 10.402727 -18.474400 66.308176 0.000000
23434 14.675407 -19.603073 64.872669 0.000000
23435 14.263372 -20.482546 64.259017 0.000000
23436 13.748558 -20.086010 65.166711 0.000000
23437 12.907053 -20.620788 65.449794 0.000000
23438 11.766387 -21.134648 65.745662 0.000000
23439 10.916623 -21.693982 66.082622 0.000000
23440 11.301128 -20.648073 66.472547 0.000000
23441 10.633980 -20.166045 66.807681 0.000000
23727 5.474830 -11.827872 60.308634 0.000000
23728 4.991217 -12.816484 59.475821 0.000000
23729 5.736366 -11.578673 59.395462 0.000000
23730 6.117200 -11.307646 58.512425 0.000000
23731 6.584295 -11.055718 57.568204 0.000000
25603 3.433010 -25.499274 64.359466 0.000000
25604 3.544048 -24.955401 63.537611 0.000000
25605 3.953330 -24.111398 64.500095 0.000000
25606 4.497509 -22.723521 64.561277 0.000000
25607 4.920556 -21.289261 64.576801 0.000000
25608 7.618511 -16.223421 64.702819 0.000000
25609 6.823807 -16.802764 64.845274 0.000000
25610 7.144075 -15.617703 64.294631 0.000000
25611 6.707263 -14.988338 63.892835 0.000000
25612 6.275957 -14.376254 63.462731 0.000000
25613 5.811615 -13.770536 62.966879 0.000000
25675 7.360645 -24.276924 66.331005 0.000000
25676 7.115627 -25.341024 65.491800 0.000000
25677 6.516387 -25.049988 66.116410 0.000000
25678 5.671211 -25.890353 65.868940 0.000000
25679 4.845307 -26.785288 65.482668 0.000000
25680 4.144206 -27.622016 65.012385 0.000000
25681 4.185501 -26.398756 65.547503 0.000000
25682 3.658757 -25.970388 65.138402 0.000000
26535 4.779234 -22.860854 60.535101 0.000000
26536 4.886602 -23.889483 59.428336 0.000000
26537 5.023335 -22.561633 59.640192 0.000000
26538 5.217882 -22.259683 58.762634 0.000000
26539 5.528972 -21.929539 57.965434 0.000000
26540 6.167672 -17.157464 56.371949 0.000000
26541 6.785265 -18.446206 56.537233 0.000000
26542 6.926586 -18.180636 55.548267 0.000000
26543 7.278055 -19.353874 54.400410 0.000000
26544 7.141322 -20.369770 53.132927 0.000000
26545 6.610907 -21.396580 51.867270 0.000000
26546 7.016518 -20.105109 52.124785 0.000000
26547 6.830231 -19.734948 51.328498 0.000000
26548 6.637520 -19.305671 50.481988 0.000000
26558 4.937074 -14.716402 48.542410 0.000000
26559 5.157315 -16.174309 48.449266 0.000000
26560 5.333508 -15.795053 47.511439 0.000000
29674 6.386995 -22.271506 66.873430 0.000000
29675 5.940089 -21.596667 66.517292 0.000000
29676 6.744887 -20.893634 66.753804 0.000000
29677 7.222994 -19.547594 66.416843 0.000000
29678 7.706607 -18.255214 65.886290 0.000000
29679 8.967488 -18.347981 66.244254 0.000000
29680 8.580231 -17.691332 65.709135 0.000000
29681 8.069088 -16.991937 65.166711 0.000000
29682 8.431568 -15.825066 64.283673 0.000000
29716 16.542869 -20.773582 60.689427 0.000000
29717 15.950970 -21.285623 59.592707 0.000000
29718 15.459098 -21.108273 60.786223 0.000000
29721 13.593472 -21.103726 63.420725 0.000000
29722 12.991479 -21.824949 62.448197 0.000000
29723 12.413346 -22.602560 61.321342 0.000000
29729 9.328133 -24.122312 64.590499 0.000000
29730 8.889486 -23.790349 65.700003 0.000000
29731 10.054012 -22.280601 66.325526 0.000000
29732 9.145517 -22.914513 66.467981 0.000000
29733 8.278317 -23.529326 66.470721 0.000000
29734 7.635947 -23.193726 66.946483 0.000000
29735 6.925669 -22.835388 67.025016 0.000000
30399 5.154562 -17.377559 60.730520 0.000000
30400 5.597798 -18.400732 60.026464 0.000000
30401 5.161904 -17.040140 59.820087 0.000000
30402 5.171998 -16.707268 58.923352 0.000000
30403 5.270189 -16.437150 58.043967 0.000000
30404 4.625983 -13.896954 58.619266 0.000000
30405 4.769140 -15.113847 57.843982 0.000000
30406 5.357368 -16.172490 57.149058 0.000000
30407 5.404169 -15.957851 56.195707 0.000000
30408 5.450053 -15.695919 55.197609 0.000000
30409 5.439958 -15.458543 54.259781 0.000000
32191 13.590719 -17.715888 65.093657 0.000000
32229 18.149712 -20.654439 59.639279 0.000000
32232 22.061747 -19.040101 61.783407 0.000000
32234 21.620347 -18.792720 62.709364 0.000000
32235 21.001836 -19.432089 61.528632 0.000000
32236 19.790509 -19.938673 61.060175 0.000000
32237 18.690221 -20.198787 60.898544 0.000000
32238 17.622051 -20.528930 60.735086 0.000000
32240 16.686943 -19.975962 62.956834 0.000000
32241 16.218013 -19.627629 63.908359 0.000000
32243 16.588752 -18.800906 64.568583 0.000000
32244 15.720635 -19.228364 64.648942 0.000000
32245 15.051652 -18.725418 65.115573 0.000000
32246 14.408364 -18.040575 65.267160 0.000000
34528 3.668852 -26.110449 60.793529 0.000000
34529 4.126770 -24.772594 61.101268 0.000000
34530 3.841374 -24.447908 62.746804 0.000000
34531 4.189172 -23.910401 62.063751 0.000000
34532 4.516780 -23.393813 61.250115 0.000000
34533 4.773728 -22.035040 61.413573 0.000000
34534 5.021500 -20.757211 61.525893 0.000000
34535 5.193104 -19.373882 61.486626 0.000000
34536 5.639093 -21.040971 65.893596 0.000000
34537 5.460147 -20.454352 65.152100 0.000000
34538 5.290378 -19.913208 64.407864 0.000000
34539 6.125459 -17.544905 64.634331 0.000000
34540 5.553749 -18.420740 64.208793 0.000000
34541 5.132538 -19.323861 63.676414 0.000000
34542 5.153645 -18.857294 62.949528 0.000000
34543 5.160986 -18.412555 62.166027 0.000000
34544 5.160986 -17.883234 61.490279 0.000000
34545 4.885684 -16.484444 61.331387 0.000000
34546 4.755375 -15.061097 61.177974 0.000000
34547 4.898532 -13.618651 61.143274 0.000000
34548 5.530808 -13.242124 62.426281 0.000000
34549 5.329838 -12.695523 61.817195 0.000000
34550 5.332591 -12.200762 61.156058 0.000000
34673 7.739644 -27.101789 61.798931 0.000000
34675 6.897221 -26.432407 64.459002 0.000000
36423 5.102255 -24.876276 58.369970 0.000000
36424 5.515207 -25.990397 57.231244 0.000000
36428 7.201888 -25.893991 53.281774 0.000000
36429 5.914394 -19.523038 59.225612 0.000000
36430 5.985973 -20.585318 58.195554 0.000000
36431 5.974043 -21.638504 57.055002 0.000000
36432 6.836655 -19.922303 56.371949 0.000000
36433 6.382407 -21.318365 56.139090 0.000000
36434 6.053881 -22.592555 55.847788 0.000000
36435 6.504457 -23.564796 54.635095 0.000000
36436 7.048637 -24.547042 53.413271 0.000000
36437 7.184452 -25.520192 52.123872 0.000000
36438 6.824725 -25.124566 51.092900 0.000000
36441 6.110776 -22.344265 50.707541 0.000000
36442 5.779497 -23.246476 49.566076 0.000000
36449 7.028448 -10.720118 56.644987 0.000000
36451 7.438647 -10.208986 55.698941 0.000000
36452 6.444809 -11.766027 55.882488 0.000000
36453 5.886864 -12.710984 55.006756 0.000000
36454 5.484006 -13.915144 54.177596 0.000000
36455 5.439040 -15.132037 53.296385 0.000000
36462 5.685894 -13.330344 52.129351 0.000000
36463 5.473912 -14.830997 52.282763 0.000000
36464 5.805192 -16.163395 52.301027 0.000000
36465 6.179602 -17.122903 51.344022 0.000000
36466 6.346618 -17.981458 50.452766 0.000000
36467 6.364971 -18.947333 49.481151 0.000000
36469 6.212638 -18.555344 48.472096 0.000000
41170 12.234400 -18.279770 65.938341 0.000000
41171 11.944416 -18.039666 65.770317 0.000000
41172 12.342685 -17.824117 65.489060 0.000000
41180 13.015338 -18.305236 65.710961 0.000000
41181 12.965784 -18.801815 66.005003 0.000000
41182 12.543655 -18.558073 65.972129 0.000000
41183 12.147221 -18.789992 66.198595 0.000000
41938 6.928422 -27.762077 52.032554 0.000000
41940 6.825643 -27.508330 51.474606 0.000000
41941 6.693498 -27.252764 50.941313 0.000000
41942 6.981647 -26.804387 51.421642 0.000000
42385 5.021500 -23.519322 66.215032 0.000000
42386 4.904038 -23.198273 65.954778 0.000000
42387 5.336261 -22.756263 66.244254 0.000000
42415 17.250394 -21.101907 58.935223 0.000000
42416 16.987940 -21.371115 58.306961 0.000000
42417 16.728238 -21.266524 58.915133 0.000000
42425 5.789591 -23.326511 66.659747 0.000000
42426 5.654693 -23.903125 66.603131 0.000000
42427 5.316990 -23.752151 66.448804 0.000000
42428 4.901285 -24.132316 66.225990 0.000000
42903 5.354615 -19.543047 60.834622 0.000000
42904 5.390404 -20.094196 60.437392 0.000000
42905 5.510619 -19.379339 60.409083 0.000000
42906 6.158495 -16.604496 53.888120 0.000000
42907 6.545753 -17.181110 53.991309 0.000000
42908 6.504457 -17.067424 53.426968 0.000000
42909 6.738464 -17.559457 52.926550 0.000000
42910 6.359465 -16.963743 52.869020 0.000000
44785 8.547195 -20.595323 67.122726 0.000000
44786 8.337048 -20.204244 66.947396 0.000000
44787 8.804143 -19.861367 66.924567 0.000000
44815 15.425145 -20.207881 63.485561 0.000000
44816 15.145255 -20.505284 63.073720 0.000000
44817 14.889224 -20.407969 63.544917 0.000000
44818 11.857237 -21.729452 64.974031 0.000000
44819 12.133456 -21.864056 64.420649 0.000000
44820 11.646172 -22.185105 64.548493 0.000000
44821 11.408495 -22.569818 64.164048 0.000000
44822 11.194678 -22.467046 64.742999 0.000000
44823 10.791820 -22.719883 64.892759 0.000000
44824 11.019402 -22.267868 65.281770 0.000000
44825 9.338228 -20.522564 67.057890 0.000000
44826 9.243708 -21.070984 67.065196 0.000000
44827 8.871133 -20.829970 67.146468 0.000000
44828 8.397614 -21.149200 67.207651 0.000000
45303 4.712244 -13.848752 60.406344 0.000000
45304 4.600289 -14.415362 59.947018 0.000000
45305 4.697562 -13.683225 59.912318 0.000000
45306 5.728107 -12.142555 57.242202 0.000000
45307 5.242659 -12.802842 57.201109 0.000000
45308 5.481253 -12.618216 56.831274 0.000000
45309 5.238070 -13.142990 56.392039 0.000000
45310 5.722601 -12.495436 56.354599 0.000000
48430 2.992528 -26.713439 62.817118 0.000000
48431 3.101731 -26.439683 62.396146 0.000000
48432 3.210016 -26.027686 62.937657 0.000000
48433 4.720504 -21.453878 63.761339 0.000000
48434 4.603959 -21.896798 63.386025 0.000000
48435 4.729680 -21.239239 63.344932 0.000000
48436 4.781988 -20.942747 63.031714 0.000000
48437 4.846225 -20.480727 63.393330 0.000000
48438 7.059649 -18.220653 65.568506 0.000000
48439 6.673309 -18.573534 65.519195 0.000000
48440 6.918327 -17.866863 65.300034 0.000000
48441 5.782250 -15.420344 63.482821 0.000000
48442 5.717095 -16.037886 63.645366 0.000000
48443 5.554667 -15.797781 63.282836 0.000000
48444 5.376639 -16.207960 63.089244 0.000000
48445 5.327085 -15.564953 62.985142 0.000000
48446 5.179339 -15.306658 62.627179 0.000000
48447 5.392239 -14.908303 62.860038 0.000000
48550 8.247116 -24.662547 65.158492 0.000000
48551 8.051652 -25.196415 64.571322 0.000000
48552 7.856188 -25.011789 65.126531 0.000000
48553 5.150892 -27.506511 64.970379 0.000000
48554 5.497771 -27.656576 64.655334 0.000000
48560 3.125590 -26.482429 63.841698 0.000000
48561 3.019140 -27.094514 63.818868 0.000000
48562 2.988857 -26.860776 63.329408 0.000000
48563 2.872313 -27.267316 62.794289 0.000000
49983 4.356188 -24.931755 60.204533 0.000000
49984 4.381883 -25.405597 59.652977 0.000000
49985 4.562664 -24.784418 59.753426 0.000000
49986 5.558338 -23.049117 57.211154 0.000000
49987 5.635422 -23.699400 57.116184 0.000000
49988 5.762061 -23.549335 56.637682 0.000000
49989 6.079575 -24.055919 56.088865 0.000000
49990 5.947431 -23.412003 56.168311 0.000000
49991 5.936419 -17.506706 57.791018 0.000000
49992 6.230074 -18.161537 57.874117 0.000000
49993 6.322758 -18.006015 57.411139 0.000000
49994 6.944022 -21.186489 53.531983 0.000000
49995 6.876114 -21.331097 54.038794 0.000000
49996 6.732040 -21.862237 53.332912 0.000000
49997 6.602648 -22.507063 53.165801 0.000000
49998 6.605401 -22.347903 52.650772 0.000000
49999 6.486104 -22.847211 52.056297 0.000000
50000 6.504457 -22.210571 52.180488 0.000000
50001 6.289722 -20.548939 49.819938 0.000000
50002 6.073152 -21.191036 49.641869 0.000000
50003 6.057551 -21.067346 49.252858 0.000000
50010 7.401023 -10.211715 53.805022 0.000000
50011 7.123886 -10.838351 53.409618 0.000000
50012 6.794442 -11.571397 53.483585 0.000000
50013 6.764158 -11.397685 52.988646 0.000000
50017 4.886602 -14.370797 49.470193 0.000000
50018 4.933403 -13.780540 49.971525 0.000000
50019 4.975616 -14.583617 49.907602 0.000000
50020 5.099502 -14.777337 50.366015 0.000000
50021 5.060042 -15.276645 49.894818 0.000000
50022 5.246329 -15.970584 49.856465 0.000000
50023 5.086655 -15.798691 49.407184 0.000000
54385 10.425669 -19.334774 66.726409 0.000000
54386 10.232958 -18.991898 66.652442 0.000000
54387 10.656004 -18.759069 66.508161 0.000000
54388 11.336917 -17.571280 65.214196 0.000000
54415 14.493708 -19.344779 65.213282 0.000000
54416 14.200970 -19.885923 64.994121 0.000000
54417 13.971552 -19.613077 65.404135 0.000000
54418 12.684977 -19.926850 66.106365 0.000000
54419 12.985055 -20.117842 65.768491 0.000000
54420 12.498689 -20.357037 65.886290 0.000000
54421 12.354615 -20.836337 65.601381 0.000000
54422 12.025171 -20.599870 66.024179 0.000000
54423 11.518616 -20.880902 66.169374 0.000000
54424 11.763634 -20.365223 66.354748 0.000000
54425 11.235973 -19.312037 66.593999 0.000000
54426 11.120346 -19.827716 66.675271 0.000000
54427 10.742266 -19.642181 66.751978 0.000000
54428 10.269665 -19.940492 66.877995 0.000000
54904 5.594127 -11.692359 59.848395 0.000000
54907 6.390666 -10.881097 58.900523 0.000000
54908 6.629261 -10.694652 58.432979 0.000000
54909 6.352124 -11.161219 58.028443 0.000000
54910 6.855926 -10.560958 57.947171 0.000000
58030 3.665181 -25.150031 64.786831 0.000000
58031 3.709229 -24.826254 64.420649 0.000000
58032 3.944153 -24.455184 64.841621 0.000000
58033 4.736104 -22.602560 65.309165 0.000000
58034 4.447037 -23.033656 64.948462 0.000000
58035 4.743445 -22.270597 64.946636 0.000000
58036 4.726927 -21.946820 64.574062 0.000000
58037 4.971946 -21.508447 64.935678 0.000000
58038 7.820399 -15.664087 64.324766 0.000000
58039 7.401023 -15.931476 64.504661 0.000000
58040 7.534085 -15.367594 64.140305 0.000000
58042 7.099109 -14.688208 63.775949 0.000000
58044 6.512716 -14.669108 63.642626 0.000000
58045 6.683403 -14.017007 63.444468 0.000000
58046 6.408102 -13.715967 63.312971 0.000000
58150 7.070661 -24.070471 66.569343 0.000000
58151 6.930257 -24.665275 66.230556 0.000000
58152 6.635684 -24.455184 66.449718 0.000000
58153 5.412428 -25.146393 66.261604 0.000000
58154 5.771238 -25.261898 66.173026 0.000000
58155 5.342685 -25.700271 66.008655 0.000000
58156 5.289460 -26.322359 65.700003 0.000000
58157 4.912297 -26.146829 65.815063 0.000000
58158 4.491086 -26.621581 65.574899 0.000000
58159 4.573676 -25.982212 65.826021 0.000000
58160 4.106581 -24.964496 65.570333 0.000000
58161 4.003802 -25.547477 65.525587 0.000000
58162 3.748689 -25.369218 65.194106 0.000000
58163 3.489906 -25.743926 64.782265 0.000000
59583 4.867331 -22.204204 60.628245 0.000000
59584 4.907709 -22.728978 60.054772 0.000000
59585 4.992134 -22.081424 60.162527 0.000000
59586 5.372050 -21.125553 59.473995 0.000000
59587 5.233482 -21.782203 59.305971 0.000000
59588 5.346356 -21.600305 58.954400 0.000000
59589 5.347273 -22.108708 58.373622 0.000000
59590 5.527137 -21.446602 58.494161 0.000000
59591 6.222732 -17.058330 55.944584 0.000000
59592 6.547588 -17.631306 55.994809 0.000000
59593 6.604484 -17.522168 55.504435 0.000000
59594 7.224830 -18.488042 53.996788 0.000000
59595 7.213818 -18.609004 54.514556 0.000000
59596 7.319350 -19.170157 53.943824 0.000000
59597 7.263372 -19.862277 53.795890 0.000000
59598 7.278972 -19.703116 53.307343 0.000000
59599 7.123886 -20.223343 52.650772 0.000000
59600 7.246854 -19.543956 52.798706 0.000000
59601 6.953199 -18.510780 51.911102 0.000000
59602 7.043131 -19.223817 51.854486 0.000000
59603 6.877950 -18.994626 51.397900 0.000000
59604 6.744887 -19.542137 50.897481 0.000000
59605 6.728369 -18.789992 50.952272 0.000000
59620 4.862743 -13.884222 48.674820 0.000000
59621 4.981122 -14.462655 48.119611 0.000000
59622 5.061877 -15.251180 48.011857 0.000000
59623 5.135291 -15.028356 47.579926 0.000000
65230 6.780677 -21.925902 67.015884 0.000000
65231 6.568694 -21.574840 66.901738 0.000000
65232 6.946775 -21.245606 66.963834 0.000000
65233 7.880047 -19.540318 66.628699 0.000000
65234 7.454248 -19.862277 66.627786 0.000000
65235 7.698348 -19.140144 66.415017 0.000000
65236 7.432224 -18.851837 66.173940 0.000000
65237 7.882800 -18.520784 66.160242 0.000000
65238 9.713556 -18.360714 66.308176 0.000000
65239 9.271238 -18.615371 66.434194 0.000000
65240 9.424489 -18.108787 66.079883 0.000000
65242 8.932617 -17.464870 65.542938 0.000000
65243 8.752753 -17.100166 65.275378 0.000000
65244 8.318694 -17.312986 65.437010 0.000000
65245 8.456345 -16.755471 64.956681 0.000000
65246 8.320530 -16.359844 64.700993 0.000000
65247 8.685763 -16.158847 64.468134 0.000000
65320 16.270320 -20.643526 61.292121 0.000000
65321 16.045491 -20.901820 60.759741 0.000000
65322 15.701364 -20.820875 61.291208 0.000000
65323 14.435894 -21.105545 62.063751 0.000000
65324 14.619429 -21.241058 61.493932 0.000000
65325 14.113792 -21.421137 61.547809 0.000000
65328 13.760488 -20.642616 64.353074 0.000000
65329 13.909151 -20.814509 63.817042 0.000000
65330 13.433797 -21.062799 63.956757 0.000000
65331 12.392239 -22.101432 63.199738 0.000000
65332 12.793262 -21.818582 63.052717 0.000000
65333 12.551914 -22.164187 62.602523 0.000000
65334 12.740955 -22.173282 61.909425 0.000000
65335 12.333508 -22.546171 62.025398 0.000000
65337 11.903120 -22.882681 62.142284 0.000000
65339 11.270844 -23.493856 62.366011 0.000000
65345 10.030152 -23.297407 65.102789 0.000000
65347 9.582328 -23.631189 65.138402 0.000000
65348 9.148270 -23.943143 65.171276 0.000000
65349 9.366676 -23.453839 65.701830 0.000000
65350 10.633980 -21.444783 66.441499 0.000000
65351 10.500918 -21.976833 66.220511 0.000000
65352 10.177897 -21.809487 66.536469 0.000000
65353 8.971159 -22.203295 66.972052 0.000000
65354 9.306109 -22.414296 66.749238 0.000000
65355 8.878474 -22.710788 66.814987 0.000000
65356 8.709623 -23.204640 66.495376 0.000000
65357 8.426980 -23.038204 66.804942 0.000000
65358 7.985580 -23.361071 66.753804 0.000000
65359 8.123230 -22.837207 66.998534 0.000000
65360 7.509308 -21.837681 67.147381 0.000000
65361 7.364316 -22.472503 67.116333 0.000000
65362 7.096356 -22.196019 67.092591 0.000000
65363 6.653120 -22.546171 67.013145 0.000000
66783 4.922391 -16.673617 60.639203 0.000000
66784 5.171080 -17.185658 60.305895 0.000000
66785 4.902203 -16.507181 60.197227 0.000000
66786 4.681044 -15.572229 59.184519 0.000000
66787 4.859072 -16.247068 59.238396 0.000000
66788 4.904956 -16.102459 58.825643 0.000000
66789 5.220635 -16.579030 58.491422 0.000000
66790 4.924227 -15.942390 58.395538 0.000000
66791 5.068301 -12.697342 59.014669 0.000000
66792 4.743445 -13.345806 59.035672 0.000000
66793 4.821447 -13.217568 58.559909 0.000000
66794 4.758128 -14.196175 57.315256 0.000000
66795 4.663608 -14.322594 57.809282 0.000000
66796 4.793917 -14.958325 57.430315 0.000000
66797 5.021500 -15.677729 57.483279 0.000000
66798 5.041689 -15.524935 57.058654 0.000000
66799 5.390404 -16.058804 56.675122 0.000000
66800 5.089408 -15.413068 56.568281 0.000000
66801 5.071054 -14.376254 55.544615 0.000000
66802 5.132538 -15.102934 55.620408 0.000000
66803 5.185763 -14.978334 55.132774 0.000000
66804 5.439040 -15.562224 54.718194 0.000000
66805 5.241741 -14.864648 54.680754 0.000000
70630 14.037625 -17.483060 64.792310 0.000000
70631 13.679733 -17.282973 64.486397 0.000000
70632 14.041296 -17.123813 64.165874 0.000000
70715 19.484924 -20.446167 59.344324 0.000000
70716 19.189434 -20.682633 58.688667 0.000000
70717 18.964604 -20.595323 59.174474 0.000000
70719 18.640666 -20.534387 59.667587 0.000000
70731 20.693498 -18.859113 62.949528 0.000000
70732 21.153252 -18.690858 62.956834 0.000000
70733 21.005506 -19.001902 62.590652 0.000000
70734 21.322103 -19.136506 62.085667 0.000000
70735 20.843996 -19.347507 62.016266 0.000000
70736 20.490693 -19.647638 61.355130 0.000000
70737 20.176849 -19.528495 61.820848 0.000000
70740 18.556241 -20.035989 61.485713 0.000000
70741 18.135947 -20.376136 60.786223 0.000000
70742 17.939565 -20.246080 61.377959 0.000000
70745 17.441269 -19.462102 63.454513 0.000000
70746 17.158626 -19.781332 62.976010 0.000000
70747 16.916361 -19.624901 63.430770 0.000000
70748 16.366676 -19.831354 63.432597 0.000000
70749 16.722732 -19.462102 63.886443 0.000000
70754 16.761275 -18.279770 64.774960 0.000000
70755 16.284085 -18.498047 64.797789 0.000000
70756 16.117069 -19.062838 64.576801 0.000000
70757 15.774777 -18.750884 64.842534 0.000000
70758 15.326036 -18.965523 64.902804 0.000000
70759 15.482040 -18.481676 65.016950 0.000000
70760 14.857106 -17.458504 64.680903 0.000000
70761 14.824070 -17.854130 65.041606 0.000000
70762 14.397352 -17.662229 64.995034 0.000000
70763 13.951364 -17.885962 65.234285 0.000000
76165 2.888831 -28.381437 60.768873 0.000000
76167 3.035658 -27.684770 60.832795 0.000000
76168 3.421080 -25.903086 61.643692 0.000000
76169 3.411904 -26.342368 61.130489 0.000000
76170 3.678946 -25.701180 61.289381 0.000000
76171 3.893681 -25.424696 60.953334 0.000000
76172 3.913870 -25.005423 61.467450 0.000000
76173 3.855139 -24.250549 63.678240 0.000000
76174 3.674358 -24.689831 63.207043 0.000000
76175 3.965260 -24.020449 63.239004 0.000000
76176 4.457132 -22.788095 62.576954 0.000000
76177 4.263503 -23.461115 62.534948 0.000000
76178 4.417672 -23.212825 62.144111 0.000000
76179 4.387389 -23.640284 61.692090 0.000000
76180 4.512192 -22.983634 61.706701 0.000000
76181 4.654431 -22.719883 61.345998 0.000000
76182 4.671867 -22.308795 61.775189 0.000000
76183 4.934321 -20.514378 62.258257 0.000000
76184 4.891190 -21.000954 61.840937 0.000000
76185 5.041689 -20.288826 61.924949 0.000000
76186 5.144468 -20.064183 61.533198 0.000000
76187 5.125197 -19.598525 61.879291 0.000000
76188 6.146565 -20.930014 66.375751 0.000000
76189 5.749214 -21.328369 66.174853 0.000000
76190 6.019009 -20.633521 66.089015 0.000000
76191 5.955690 -19.372063 65.261681 0.000000
76192 5.805192 -20.039626 65.397743 0.000000
76193 5.649187 -19.776785 65.047085 0.000000
76194 5.366544 -20.216067 64.774047 0.000000
76195 5.547326 -19.457555 64.670858 0.000000
76196 6.618249 -16.519004 64.612415 0.000000
76197 6.461327 -17.155645 64.785918 0.000000
76198 6.266780 -16.870975 64.504661 0.000000
76199 5.554667 -17.481241 63.802431 0.000000
76200 5.692318 -17.698608 64.161308 0.000000
76201 5.475747 -18.171541 63.905620 0.000000
76202 5.336261 -18.832738 63.968629 0.000000
76203 5.297719 -18.625375 63.613405 0.000000
76204 5.144468 -19.094670 63.302013 0.000000
76205 5.263765 -18.347981 63.285576 0.000000
76206 5.166492 -17.163830 62.489290 0.000000
76207 5.180257 -17.909609 62.485637 0.000000
76208 5.124279 -17.656772 62.123108 0.000000
76209 5.157315 -18.156989 61.810803 0.000000
76210 5.088490 -17.408482 61.796192 0.000000
76211 5.052701 -17.175653 61.378872 0.000000
76212 4.976534 -16.686350 61.691177 0.000000
76213 4.940745 -14.843730 61.899380 0.000000
76214 4.821447 -15.316663 61.619036 0.000000
76215 4.885684 -14.581798 61.553288 0.000000
76216 4.809518 -14.293490 61.164277 0.000000
76217 4.960934 -13.838747 61.486626 0.000000
76219 5.689565 -13.488595 62.751370 0.000000
76458 15.322365 -21.513904 59.527872 0.000000
76459 15.560042 -21.578478 58.894131 0.000000
76460 15.008522 -21.745823 58.988187 0.000000
76528 7.776350 -26.234139 63.267312 0.000000
76529 7.981909 -26.406942 62.562343 0.000000
76533 6.747640 -25.729374 65.423312 0.000000
76534 7.009177 -25.880349 64.990468 0.000000
76535 6.620084 -26.312355 64.918328 0.000000
76565 2.745674 -28.160432 61.719485 0.000000
76567 2.739250 -28.625179 61.208109 0.000000
80826 4.599371 -26.483339 58.485029 0.000000
80827 4.367200 -27.182734 58.339835 0.000000
80828 4.712244 -26.999017 57.981871 0.000000
80830 5.047195 -26.875327 57.519806 0.000000
80831 5.032512 -23.707586 59.005538 0.000000
80832 4.961851 -24.379696 58.897783 0.000000
80833 5.154562 -24.190523 58.460374 0.000000
80834 5.813451 -25.065449 56.951813 0.000000
80835 5.570268 -25.216424 57.380091 0.000000
80836 5.843734 -25.809409 56.815750 0.000000
80837 5.719848 -26.546093 56.657772 0.000000
80840 6.310829 -26.161380 55.821306 0.000000
80841 6.695333 -25.088186 55.012235 0.000000
80842 6.758652 -25.787581 54.932789 0.000000
80843 6.924751 -25.546567 54.462506 0.000000
80844 7.089932 -26.103173 53.815066 0.000000
80845 7.071579 -25.382860 53.906384 0.000000
80846 5.659282 -18.195188 59.624668 0.000000
80847 5.780414 -18.933691 59.652977 0.000000
80848 5.903382 -18.729966 59.263052 0.000000
80849 6.409937 -19.670375 57.886902 0.000000
80850 6.162166 -19.860458 58.315179 0.000000
80851 6.214473 -20.402512 57.785539 0.000000
80852 5.981384 -21.097359 57.646737 0.000000
80853 6.204379 -20.931833 57.202936 0.000000
80854 7.033036 -19.029187 55.986590 0.000000
80855 6.912821 -19.160153 56.458700 0.000000
80856 6.993576 -19.770418 55.893447 0.000000
80857 6.576036 -21.638504 55.047849 0.000000
80858 6.604484 -21.148291 55.669719 0.000000
80859 6.352124 -21.801302 55.528178 0.000000
80860 6.141977 -21.981380 56.001201 0.000000
80861 6.178684 -22.446128 55.357414 0.000000
80862 6.217226 -23.064579 55.212220 0.000000
80863 6.352124 -22.956350 54.686233 0.000000
80864 6.872444 -23.753969 52.960337 0.000000
80865 6.877032 -23.887664 53.498196 0.000000
80866 7.026613 -24.350593 52.847104 0.000000
80867 7.178946 -25.024522 52.761266 0.000000
80868 7.100026 -24.805336 52.184141 0.000000
80869 7.032119 -25.331019 51.569576 0.000000
80870 6.910986 -24.657090 51.671851 0.000000
80871 6.333770 -23.740327 50.828080 0.000000
80875 5.964866 -24.017721 49.858291 0.000000
80876 6.537494 -21.251972 51.423468 0.000000
80877 6.330100 -21.894979 51.271882 0.000000
80878 6.257604 -21.708534 50.855475 0.000000
80879 5.753802 -22.477050 49.281166 0.000000
80880 5.809780 -22.645305 49.756929 0.000000
80881 5.669376 -23.095501 49.130493 0.000000
80883 5.598715 -23.532055 48.533278 0.000000
80903 7.590981 -10.021632 55.187564 0.000000
80904 7.159675 -10.831075 55.340977 0.000000
80905 6.938516 -11.012063 55.786605 0.000000
80906 6.673309 -11.568669 55.394854 0.000000
80907 6.164919 -12.226228 55.424989 0.000000
80908 6.364054 -12.102537 54.968403 0.000000
80909 5.950184 -13.055679 53.600471 0.000000
80910 5.806109 -13.161180 54.088105 0.000000
80911 5.617986 -13.755984 53.682657 0.000000
80912 5.416099 -14.540871 53.735621 0.000000
80913 5.514290 -14.360792 53.244334 0.000000
80925 5.269271 -12.620035 50.876478 0.000000
80927 5.621657 -12.050697 51.302930 0.000000
80929 5.783167 -12.310810 51.691028 0.000000
80930 5.946513 -12.526358 52.111087 0.000000
80931 5.582197 -13.089330 51.700160 0.000000
80932 5.392239 -15.181149 51.253618 0.000000
80933 5.426193 -14.638186 51.766821 0.000000
80934 5.491348 -15.346676 51.818872 0.000000
80935 5.560173 -15.512202 52.352165 0.000000
80936 5.672129 -16.028791 51.863617 0.000000
80937 6.019927 -16.677255 51.827091 0.000000
80938 5.815286 -16.517185 51.361373 0.000000
80939 5.803356 -17.253869 49.919474 0.000000
80940 6.002491 -17.434857 50.394323 0.000000
80941 6.096093 -17.831393 49.934998 0.000000
80942 6.372313 -18.447116 49.952348 0.000000
80943 6.208049 -18.280679 49.473846 0.000000
80945 5.376639 -16.827320 48.417305 0.000000
92536 11.313057 -18.817277 66.413191 0.000000
92537 11.072627 -18.540793 66.311829 0.000000
92538 11.551652 -18.274313 66.030572 0.000000
92539 11.637913 -17.746811 65.513716 0.000000
92540 11.780152 -17.390292 64.863537 0.000000
92554 13.821054 -18.839104 65.676261 0.000000
92555 13.648532 -19.350236 65.722833 0.000000
92556 13.287887 -19.095579 65.920078 0.000000
92557 12.803356 -19.321132 66.068925 0.000000
92558 12.351862 -19.557599 66.229643 0.000000
92559 11.904038 -19.807707 66.409538 0.000000
92560 11.985711 -19.335684 66.424149 0.000000
92561 11.726010 -19.036463 66.410451 0.000000
93925 6.498951 -26.979009 50.460985 0.000000
93926 6.604484 -26.332364 50.450027 0.000000
94723 4.259832 -24.336041 65.585857 0.000000
94724 4.246985 -23.987708 65.276291 0.000000
94725 4.558076 -23.586624 65.636994 0.000000
94726 4.785658 -22.905419 65.682653 0.000000
94727 5.064630 -22.160549 65.645213 0.000000
94795 6.399843 -23.725775 66.810421 0.000000
94796 6.319088 -24.274196 66.588520 0.000000
94797 5.950184 -24.116855 66.649702 0.000000
94798 5.472994 -24.543404 66.457936 0.000000
94799 5.084819 -24.926298 66.263430 0.000000
94800 4.646172 -25.374675 66.019613 0.000000
94801 4.759963 -24.708930 66.165721 0.000000
94802 4.494756 -24.543404 65.918251 0.000000
95655 5.138962 -20.968212 60.740565 0.000000
95656 5.121526 -21.505719 60.215491 0.000000
95657 5.261012 -20.827242 60.359772 0.000000
95658 5.383980 -20.620788 59.980805 0.000000
95659 5.581280 -20.457081 59.549788 0.000000
95660 6.172260 -16.802764 54.941921 0.000000
95661 6.647614 -17.429400 55.014062 0.000000
95662 6.589801 -17.289339 54.530994 0.000000
95663 6.946775 -17.819570 54.005006 0.000000
95664 7.215653 -18.381632 53.416010 0.000000
95665 7.263372 -18.895492 52.880891 0.000000
95666 7.077085 -18.187912 52.932942 0.000000
95667 6.888962 -18.021476 52.448961 0.000000
95668 6.717357 -17.870501 51.947629 0.000000
99043 7.613005 -21.261067 67.134597 0.000000
99044 7.369822 -20.915462 66.987576 0.000000
99045 7.829575 -20.575314 66.980271 0.000000
99046 8.084688 -19.898656 66.821379 0.000000
99047 8.312271 -19.222908 66.616828 0.000000
99049 9.665837 -17.521258 65.573985 0.000000
99051 9.547457 -16.733643 64.720169 0.000000
99052 9.273991 -16.372577 64.422475 0.000000
99053 9.039984 -16.004235 64.206053 0.000000
99054 9.400629 -15.868721 63.876398 0.000000
99097 15.880310 -20.376136 62.420802 0.000000
99098 15.510488 -20.735384 61.914904 0.000000
99099 15.272811 -20.615331 62.479245 0.000000
99100 14.745150 -20.809052 62.570562 0.000000
99101 14.271631 -21.019143 62.689274 0.000000
99102 12.790509 -21.161933 64.671771 0.000000
99103 13.028186 -21.276528 64.144871 0.000000
99104 12.598716 -21.538460 64.286413 0.000000
99105 12.303225 -21.985928 63.772297 0.000000
99106 11.958181 -22.374278 63.333974 0.000000
99113 10.467882 -22.976358 65.033387 0.000000
99114 10.205428 -22.879043 65.563027 0.000000
99115 10.010881 -21.023691 66.875256 0.000000
99116 9.869560 -21.564835 66.820466 0.000000
99117 9.523597 -21.364748 66.962920 0.000000
99118 9.062926 -21.681250 67.050585 0.000000
99119 8.631621 -21.990475 67.148294 0.000000
99120 8.205821 -22.296972 67.154687 0.000000
99121 8.340719 -21.741276 67.182995 0.000000
99122 7.916754 -21.477525 67.183908 0.000000
99975 4.642501 -15.299383 60.501314 0.000000
99976 4.709491 -15.874178 60.073949 0.000000
99977 4.614054 -15.105662 60.068470 0.000000
99978 4.557158 -14.978334 59.556180 0.000000
99979 4.575511 -14.819174 59.104160 0.000000
99980 5.339014 -12.395392 58.114281 0.000000
99981 4.962769 -13.055679 58.106976 0.000000
99982 5.081149 -12.914709 57.665001 0.000000
99983 4.926980 -13.443121 57.276902 0.000000
99984 4.851731 -14.057024 56.862322 0.000000
99985 4.880178 -14.710945 56.481529 0.000000
99986 4.982040 -13.878765 56.429479 0.000000
99987 5.109596 -13.721423 55.981111 0.000000
99988 5.259177 -13.568630 55.529091 0.000000
102336 19.839146 -20.169683 60.043814 0.000000
102346 20.082329 -19.112860 62.766894 0.000000
102351 17.999214 -19.754048 62.502074 0.000000
102353 17.948742 -19.352964 63.444468 0.000000
102354 17.648663 -19.113769 63.872746 0.000000
102360 15.583902 -17.947807 64.856232 0.000000
105604 2.873230 -27.511968 61.798018 0.000000
105605 3.020058 -27.244579 61.338693 0.000000
105606 3.029234 -26.839857 61.861027 0.000000
105607 3.252229 -26.150467 62.066491 0.000000
105608 3.484400 -25.471080 62.190682 0.000000
105609 4.371788 -22.885410 63.778689 0.000000
105610 4.222208 -23.333787 63.351324 0.000000
105611 4.437861 -22.613473 63.385112 0.000000
105612 4.517698 -22.338808 62.999753 0.000000
105613 4.623230 -22.126898 62.565996 0.000000
105614 4.692056 -21.880427 62.157808 0.000000
105615 4.740692 -21.413861 62.614394 0.000000
105616 4.834295 -20.753573 62.566909 0.000000
105617 4.970110 -20.040536 62.631744 0.000000
105618 6.608154 -19.557599 66.084449 0.000000
105619 6.231909 -19.935945 65.955691 0.000000
105620 6.509963 -19.258378 65.776710 0.000000
105621 6.308993 -18.956428 65.417833 0.000000
105622 6.152071 -18.640836 65.066262 0.000000
105623 6.201626 -15.946937 64.038030 0.000000
105624 6.054798 -16.628142 64.219751 0.000000
105625 5.893288 -16.338926 63.911099 0.000000
105626 5.643681 -16.746376 63.720246 0.000000
105627 5.457394 -17.161102 63.486474 0.000000
105628 5.324332 -17.663138 63.176908 0.000000
105629 5.351862 -16.920997 63.133989 0.000000
105630 5.244494 -16.637237 62.834469 0.000000
105631 5.084819 -16.470801 62.380622 0.000000
105632 4.974699 -16.230697 62.021745 0.000000
105633 5.040771 -15.757764 62.368751 0.000000
105634 5.037100 -15.102024 62.271041 0.000000
105635 5.132538 -14.351698 62.208033 0.000000
105780 14.189041 -21.938634 59.677632 0.000000
105781 14.418459 -22.009574 59.065807 0.000000
105782 13.875197 -22.216028 59.161690 0.000000
105820 8.713293 -24.952673 63.949452 0.000000
105822 8.303094 -25.311920 63.949452 0.000000
105823 7.919507 -25.691176 63.920231 0.000000
105824 7.547850 -26.095897 63.876398 0.000000
105826 6.244756 -26.753456 64.831576 0.000000
105838 3.318301 -26.957181 64.618807 0.000000
105839 3.309124 -27.536524 64.498269 0.000000
105840 3.113660 -27.276411 64.211532 0.000000
105844 2.755768 -27.945793 62.752283 0.000000
105845 2.783298 -27.701141 62.263736 0.000000
108399 3.899187 -26.270519 59.927841 0.000000
108400 3.970766 -26.806206 59.297753 0.000000
108401 4.174489 -26.106811 59.507782 0.000000
108402 4.471814 -25.884896 59.097768 0.000000
108403 4.757210 -25.786672 58.653053 0.000000
108404 5.298637 -23.390175 58.086886 0.000000
108405 5.315155 -24.048643 58.007440 0.000000
108406 5.487677 -23.871293 57.545375 0.000000
108407 5.736366 -24.344226 57.038565 0.000000
108408 6.029103 -24.834439 56.535407 0.000000
108409 6.347536 -25.424696 55.974719 0.000000
108410 6.276875 -24.739853 56.010333 0.000000
108411 6.427373 -24.567960 55.540962 0.000000
108412 6.558600 -24.371511 55.109945 0.000000
108413 5.811615 -17.847764 58.699625 0.000000
108414 6.031856 -18.514418 58.817424 0.000000
108415 6.127294 -18.367990 58.321572 0.000000
108416 6.425538 -18.922777 57.921602 0.000000
108417 6.631096 -19.511215 57.433055 0.000000
108418 7.167934 -20.166955 54.807685 0.000000
108419 7.006424 -20.318839 55.335498 0.000000
108420 6.974305 -20.827242 54.691712 0.000000
108421 6.742134 -21.458425 54.574826 0.000000
108422 6.561353 -22.121441 54.401323 0.000000
108423 6.482433 -22.768996 54.215036 0.000000
108424 6.598978 -22.625297 53.736534 0.000000
108425 6.690745 -23.141885 53.069005 0.000000
108426 6.763241 -23.612999 52.382299 0.000000
108427 6.777006 -24.030453 51.769561 0.000000
108428 6.609072 -23.478395 51.859965 0.000000
108429 6.442973 -23.302864 51.434426 0.000000
108430 6.218144 -23.147342 50.936748 0.000000
108431 6.363136 -20.900910 50.590655 0.000000
108432 6.173178 -21.526637 50.450027 0.000000
108433 6.112612 -21.358382 50.038186 0.000000
108434 5.893288 -21.835862 49.451930 0.000000
108435 5.758390 -22.288787 48.874805 0.000000
108448 7.425800 -10.452729 54.275305 0.000000
108449 7.069743 -11.251258 54.407715 0.000000
108450 6.543000 -11.970662 54.460679 0.000000
108451 6.733875 -11.780579 53.992222 0.000000
108452 6.362218 -12.336275 53.539288 0.000000
108453 6.030939 -12.909252 53.086355 0.000000
108462 5.060042 -13.200288 50.469203 0.000000
108463 5.177504 -13.413108 50.891089 0.000000
108464 5.328002 -13.652302 51.274621 0.000000
108465 5.179339 -14.231645 50.805251 0.000000
108466 5.242659 -14.954687 50.829906 0.000000
108467 5.425275 -15.679548 50.830820 0.000000
108468 5.633587 -16.353477 50.848170 0.000000
108469 5.442711 -16.169761 50.345925 0.000000
108470 5.486759 -16.657246 49.840028 0.000000
108471 5.582197 -17.121084 49.388921 0.000000
116074 9.485973 -19.912298 66.957441 0.000000
116075 9.273991 -19.548504 66.876169 0.000000
116076 9.790640 -19.252011 66.758370 0.000000
116077 9.950315 -18.708138 66.457023 0.000000
116078 10.159544 -18.134252 66.077143 0.000000
116079 10.822103 -18.227020 66.089928 0.000000
116081 10.304536 -17.622211 65.583117 0.000000
116116 14.988333 -19.873190 64.460828 0.000000
116117 14.695595 -20.277912 64.101039 0.000000
116118 14.479025 -20.085101 64.594152 0.000000
116119 14.009177 -20.301559 64.721996 0.000000
116120 13.569612 -20.549848 64.892759 0.000000
116121 13.487939 -19.879557 65.644300 0.000000
116122 13.317252 -20.322477 65.316471 0.000000
116123 13.108023 -20.727198 65.053477 0.000000
116124 12.599633 -20.990040 65.195932 0.000000
116125 12.070137 -21.324731 65.331995 0.000000
116126 11.629654 -21.588482 65.462578 0.000000
116127 11.177242 -21.870423 65.635168 0.000000
116128 11.276351 -21.443874 65.876245 0.000000
116129 11.054274 -21.155566 66.316394 0.000000
116130 10.775302 -20.980945 66.649702 0.000000
116131 11.439696 -20.109657 66.542861 0.000000
116132 10.908364 -20.432525 66.673445 0.000000
116133 10.441269 -20.732655 66.783939 0.000000
116134 10.143944 -20.457990 66.922741 0.000000
116135 9.815417 -20.207881 66.965660 0.000000
116799 5.148139 -12.478155 60.354293 0.000000
116800 4.911379 -12.995653 59.908665 0.000000
116801 5.227058 -12.310810 59.915057 0.000000
116802 5.322496 -12.164382 59.452079 0.000000
116803 5.444547 -12.029778 59.011017 0.000000
116804 6.221814 -10.954765 59.353456 0.000000
116805 5.914394 -11.454983 58.951660 0.000000
116806 5.619822 -11.906998 58.531601 0.000000
116807 5.818957 -11.788765 58.089626 0.000000
116808 6.073152 -11.652342 57.645824 0.000000
116809 6.300734 -11.548660 57.147232 0.000000
121177 3.261405 -25.909453 63.865440 0.000000
121178 3.348584 -25.602956 63.460905 0.000000
121179 3.511930 -25.200963 63.962236 0.000000
121180 3.718406 -24.541585 64.031638 0.000000
121181 4.028579 -23.836733 64.132086 0.000000
121182 4.202019 -23.715771 64.942983 0.000000
121183 4.211196 -23.436559 64.550319 0.000000
121184 4.284609 -23.170079 64.167700 0.000000
121185 4.540640 -22.409748 64.187790 0.000000
121186 4.718668 -21.724905 64.201488 0.000000
121187 4.880178 -21.054613 64.133000 0.000000
121188 7.434059 -16.835505 65.037040 0.000000
121189 7.046801 -17.112899 65.101875 0.000000
121190 7.214735 -16.483534 64.843448 0.000000
121191 6.992659 -16.210688 64.615155 0.000000
121192 6.761405 -15.901463 64.362206 0.000000
121193 7.370740 -14.970148 63.943973 0.000000
121194 6.962376 -15.263913 64.038943 0.000000
121195 6.549423 -15.573138 64.072730 0.000000
121196 6.322758 -15.306658 63.856308 0.000000
121197 6.163083 -15.022899 63.615231 0.000000
121198 5.905218 -14.759148 63.382372 0.000000
121199 5.684059 -14.519043 63.093810 0.000000
121200 6.042868 -14.103408 63.229872 0.000000
121345 7.735973 -24.407890 66.029658 0.000000
121346 7.568039 -24.917203 65.580378 0.000000
121347 7.248689 -24.826254 65.949299 0.000000
121348 6.802701 -25.249165 65.863461 0.000000
121349 6.384242 -25.681171 65.772144 0.000000
121350 6.200708 -24.852629 66.317308 0.000000
121351 6.090587 -25.452890 66.010482 0.000000
121352 6.006162 -26.081346 65.676261 0.000000
121353 5.576691 -26.517899 65.509150 0.000000
121354 5.189434 -26.952634 65.341127 0.000000
121355 4.802176 -27.405558 65.153926 0.000000
121357 4.469979 -27.212747 65.256202 0.000000
121358 4.149712 -27.013569 65.306426 0.000000
121359 3.825774 -26.795292 65.242504 0.000000
121360 4.208443 -25.828508 65.745662 0.000000
121361 3.864316 -26.199579 65.417833 0.000000
121362 3.570661 -26.594296 65.026082 0.000000
121363 3.399056 -26.350554 64.733867 0.000000
121364 3.283430 -26.110449 64.332071 0.000000
123351 4.689303 -23.518412 60.441957 0.000000
123352 4.739775 -24.047734 59.888575 0.000000
123353 4.832459 -23.371985 59.968934 0.000000
123354 4.958180 -23.193726 59.555267 0.000000
123355 5.073807 -23.075493 59.087723 0.000000
123356 5.099502 -21.974104 59.692243 0.000000
123357 5.092161 -22.420662 59.182693 0.000000
123358 5.184845 -22.902690 58.653966 0.000000
123359 5.283036 -22.729888 58.212904 0.000000
123360 5.421605 -22.584370 57.766363 0.000000
123361 5.612480 -22.438852 57.345390 0.000000
123362 6.118118 -17.256598 56.885152 0.000000
123363 6.433797 -17.889600 56.970990 0.000000
123364 6.491610 -17.755906 56.505272 0.000000
123365 6.885291 -18.344344 56.016725 0.000000
123366 7.110121 -18.898221 55.481606 0.000000
123367 6.993576 -18.046032 55.027759 0.000000
123368 7.181699 -18.765436 54.992146 0.000000
123369 7.214735 -19.414809 54.946487 0.000000
123370 7.237677 -20.005066 54.304527 0.000000
123371 7.135816 -20.551667 53.621474 0.000000
123372 6.911904 -21.056432 52.962164 0.000000
123373 6.669638 -21.533913 52.339380 0.000000
123374 6.890797 -20.893634 52.468137 0.000000
123375 6.820136 -20.757211 51.985983 0.000000
123376 6.732958 -20.604418 51.533962 0.000000
123377 7.144075 -19.402076 52.332075 0.000000
123378 6.922916 -19.923212 51.730294 0.000000
123379 6.622837 -20.437982 51.139472 0.000000
123380 6.577871 -20.235166 50.789727 0.000000
123381 6.543000 -20.048721 50.378799 0.000000
123382 6.467751 -19.831354 49.945956 0.000000
123403 4.851731 -14.113412 49.068397 0.000000
123404 4.936156 -14.945592 48.971601 0.000000
123405 5.050865 -15.695009 48.898547 0.000000
123406 5.010488 -15.476732 48.451093 0.000000
123409 5.501442 -15.567681 47.093206 0.000000
129326 7.085344 -27.297329 52.540278 0.000000
131008 5.963949 -22.660767 66.699927 0.000000
131009 5.751967 -22.337899 66.499029 0.000000
131010 6.167672 -21.938634 66.722756 0.000000
131011 6.321841 -21.256519 66.666139 0.000000
131012 6.582459 -20.551667 66.535556 0.000000
131013 7.199135 -20.529840 66.793070 0.000000
131014 7.025695 -20.205153 66.602217 0.000000
131015 6.806371 -19.899566 66.366619 0.000000
131016 6.992659 -19.205627 66.158416 0.000000
131017 7.325774 -18.555344 65.893596 0.000000
131018 7.457918 -17.876867 65.597728 0.000000
131019 8.951888 -19.245645 66.730975 0.000000
131020 8.803225 -18.892764 66.536469 0.000000
131021 8.488464 -18.616280 66.345616 0.000000
131022 9.241872 -17.717707 65.811410 0.000000
131023 8.805978 -17.955083 65.997697 0.000000
131024 8.361825 -18.213377 66.126455 0.000000
131025 8.158102 -17.969635 65.824195 0.000000
131026 7.884636 -17.568552 65.572159 0.000000
131027 7.713031 -17.222037 65.289989 0.000000
131028 7.847929 -16.599039 64.889106 0.000000
131029 8.021369 -16.007873 64.508313 0.000000
131030 8.195726 -15.469457 64.108344 0.000000
131031 8.772024 -15.683186 64.022506 0.000000
131122 16.821841 -20.897272 60.162527 0.000000
131123 16.454772 -21.155566 59.538830 0.000000
131124 16.231778 -21.064618 60.083081 0.000000
131125 15.621526 -21.196493 60.158874 0.000000
131126 15.170032 -21.303813 60.258410 0.000000
131127 15.277399 -20.977307 61.429097 0.000000
131128 14.872706 -21.267433 60.899457 0.000000
131129 14.582722 -21.566654 60.361598 0.000000
131130 13.998165 -21.822220 60.396299 0.000000
131132 12.963031 -22.395197 60.590805 0.000000
131133 14.404694 -20.614422 63.661803 0.000000
131134 14.123886 -20.869078 63.246309 0.000000
131135 13.810960 -21.216502 62.810726 0.000000
131136 13.170425 -21.380210 63.537611 0.000000
131137 13.240168 -21.536641 62.948615 0.000000
131138 13.441138 -21.557559 62.324005 0.000000
131139 13.131883 -21.927721 61.808976 0.000000
131140 12.797850 -22.263321 61.220893 0.000000
131141 12.517043 -22.730797 60.611807 0.000000
131145 11.576429 -23.159165 62.281086 0.000000
131156 9.540116 -24.222355 63.985979 0.000000
131158 8.923440 -24.443360 64.601457 0.000000
131159 8.668327 -24.316942 65.172190 0.000000
131160 8.461851 -24.110488 65.708222 0.000000
131161 10.726665 -22.159640 65.803192 0.000000
131162 10.366938 -22.427938 65.940168 0.000000
131163 9.893419 -22.736254 66.028745 0.000000
131164 9.761274 -22.105070 66.660660 0.000000
131165 9.599764 -22.631663 66.415930 0.000000
131166 9.434583 -23.051846 66.087188 0.000000
131167 9.013372 -23.374714 66.133760 0.000000
131168 8.608679 -23.675754 66.141065 0.000000
131169 8.172785 -24.035001 66.095407 0.000000
131170 7.827740 -23.880388 66.418670 0.000000
131171 7.524908 -23.706676 66.669792 0.000000
131172 7.169769 -23.540240 66.851513 0.000000
131173 7.740561 -22.646215 67.122726 0.000000
131174 7.271631 -23.006372 67.055151 0.000000
131175 6.810042 -23.387446 66.929133 0.000000
131176 6.509046 -23.180993 66.912696 0.000000
131177 6.251180 -22.912694 66.853340 0.000000
132975 5.352779 -18.102420 60.788963 0.000000
132976 5.528972 -18.602638 60.444697 0.000000
132977 5.361956 -17.899605 60.383514 0.000000
132978 5.418852 -17.713160 59.940626 0.000000
132979 5.435370 -17.542176 59.489519 0.000000
132980 4.884767 -16.370758 59.736075 0.000000
132981 5.171998 -16.873704 59.404594 0.000000
132982 5.480336 -17.379378 59.028367 0.000000
132983 5.510619 -17.183839 58.578173 0.000000
132984 5.603304 -17.030135 58.153548 0.000000
132985 5.637258 -16.880070 57.712486 0.000000
132986 4.683797 -13.513151 59.463950 0.000000
132987 4.589276 -14.048839 59.078591 0.000000
132988 4.585606 -14.609992 58.670403 0.000000
132989 4.701232 -13.753255 58.164506 0.000000
132990 4.604877 -14.464474 58.227515 0.000000
132991 4.720504 -15.237538 58.297829 0.000000
132992 4.967357 -15.804148 57.935300 0.000000
132993 5.325249 -16.315279 57.580076 0.000000
132994 5.709754 -16.768203 57.242202 0.000000
132995 5.743708 -16.634509 56.780137 0.000000
132996 5.785003 -16.550836 56.335422 0.000000
132997 5.782250 -16.446245 55.843222 0.000000
132998 5.100420 -15.277555 56.108042 0.000000
132999 5.396828 -15.809605 55.726336 0.000000
133000 5.783167 -16.346202 55.336411 0.000000
133001 5.796932 -16.217964 54.808598 0.000000
133002 5.758390 -16.119739 54.299961 0.000000
133003 5.715260 -15.997868 53.827851 0.000000
137845 13.158495 -17.875048 65.409614 0.000000
137846 12.877688 -17.605840 65.107354 0.000000
137847 13.275040 -17.452137 64.815139 0.000000
137848 13.321841 -17.120175 64.111084 0.000000
137955 17.548637 -20.877264 59.528785 0.000000
137971 21.858024 -18.967342 62.219904 0.000000
137975 20.148401 -19.918665 60.710430 0.000000
137976 19.611563 -20.047812 60.577107 0.000000
137977 19.603304 -19.767690 61.703961 0.000000
137979 18.962769 -20.304287 60.323245 0.000000
137980 18.395648 -20.527111 60.220057 0.000000
137981 17.848716 -20.648982 60.137871 0.000000
137982 17.335737 -20.763578 60.162527 0.000000
137983 17.130179 -20.608056 60.768873 0.000000
137986 17.415575 -19.982329 62.364185 0.000000
137987 16.889749 -20.101472 62.349574 0.000000
137988 16.360252 -20.271546 62.399799 0.000000
137989 16.158364 -20.164226 62.906609 0.000000
137990 15.890404 -20.005975 63.423465 0.000000
137991 15.728894 -19.840449 63.929362 0.000000
137993 17.763372 -18.687220 64.223404 0.000000
137994 17.321972 -18.852747 64.246233 0.000000
137996 17.031070 -18.604457 64.532969 0.000000
137997 16.855795 -19.029187 64.258104 0.000000
137998 16.401547 -19.226545 64.311981 0.000000
137999 15.893157 -19.432999 64.347595 0.000000
138000 15.434321 -19.655823 64.384122 0.000000
138001 15.219586 -19.392072 64.750304 0.000000
138002 14.960803 -19.136506 65.026995 0.000000
138003 14.618511 -18.942786 65.288163 0.000000
138004 15.154431 -18.138800 65.026082 0.000000
138005 14.691007 -18.361624 65.261681 0.000000
138006 14.275302 -18.588995 65.462578 0.000000
138007 13.903645 -18.294322 65.556635 0.000000
138008 13.472339 -18.106968 65.479016 0.000000
144612 3.203592 -27.048130 60.949681 0.000000
144613 3.424751 -26.769827 60.610894 0.000000
144614 3.677111 -26.536089 60.254757 0.000000
144615 3.887258 -25.854883 60.437392 0.000000
144616 4.124017 -25.234614 60.556104 0.000000
144617 4.362612 -24.498839 60.693080 0.000000
144618 3.411904 -25.341024 63.057283 0.000000
144619 3.568825 -25.068178 62.713930 0.000000
144620 3.744101 -24.848082 62.303916 0.000000
144621 4.101075 -23.726685 62.876475 0.000000
144622 4.030414 -24.142320 62.446371 0.000000
144623 3.968013 -24.571598 61.989784 0.000000
144624 4.147876 -24.340588 61.590728 0.000000
144625 4.369953 -24.079566 61.202630 0.000000
144626 4.540640 -23.830366 60.777092 0.000000
144627 4.645254 -23.093682 60.907675 0.000000
144628 4.757210 -22.439761 61.002645 0.000000
144629 4.897614 -21.821311 61.011777 0.000000
144630 4.789329 -21.645780 61.776102 0.000000
144631 4.913215 -21.436598 61.398049 0.000000
144632 4.989381 -21.231054 61.102181 0.000000
144633 5.155480 -20.497098 61.159711 0.000000
144634 5.230729 -19.831354 61.156058 0.000000
144635 5.301390 -19.104674 61.146926 0.000000
144636 5.572103 -22.012303 66.257951 0.000000
144637 5.426193 -21.717629 65.952952 0.000000
144638 5.313319 -21.439326 65.647039 0.000000
144639 5.876770 -20.320658 65.788581 0.000000
144640 5.538149 -20.676267 65.563941 0.000000
144641 5.238988 -21.086445 65.264420 0.000000
144642 5.149056 -20.867259 64.903717 0.000000
144643 5.115102 -20.635340 64.468134 0.000000
144644 5.064630 -20.344304 64.108344 0.000000
144645 6.688909 -17.453956 65.045259 0.000000
144646 6.312664 -17.877777 64.911022 0.000000
144647 5.977714 -18.294322 64.735693 0.000000
144648 5.952019 -17.285701 64.351248 0.000000
144649 5.812533 -17.993282 64.422475 0.000000
144650 5.653776 -18.739970 64.535709 0.000000
144651 5.428946 -19.155606 64.328419 0.000000
144652 5.201364 -19.602163 64.053554 0.000000
144653 4.971946 -20.059635 63.703809 0.000000
144654 5.005899 -19.790427 63.364109 0.000000
144655 5.027924 -19.573060 62.981489 0.000000
144656 5.084819 -19.325680 62.625352 0.000000
144657 5.224305 -18.146985 62.895651 0.000000
144658 5.159151 -18.631741 62.614394 0.000000
144659 5.125197 -19.122864 62.236341 0.000000
144660 5.173833 -18.907316 61.848243 0.000000
144661 5.236235 -18.639017 61.489366 0.000000
144662 5.268354 -18.357076 61.170669 0.000000
144663 5.164657 -17.638582 61.107660 0.000000
144664 4.997640 -16.931911 61.005385 0.000000
144665 4.818694 -16.227059 60.967945 0.000000
144666 4.904956 -15.983316 61.693003 0.000000
144667 4.776481 -15.753216 61.307645 0.000000
144668 4.689303 -15.522207 60.861104 0.000000
144669 4.687467 -14.811898 60.825490 0.000000
144670 4.753540 -14.063390 60.769786 0.000000
144671 4.862743 -13.374000 60.797181 0.000000
144672 5.518878 -14.211637 62.792463 0.000000
144673 5.379392 -13.886950 62.534948 0.000000
144674 5.264683 -13.676859 62.145937 0.000000
144676 5.447300 -12.945631 62.155982 0.000000
144677 5.175669 -13.359448 61.846416 0.000000
144678 5.110514 -13.142990 61.489366 0.000000
144679 5.067383 -12.916528 61.142361 0.000000
144680 5.100420 -12.688247 60.755176 0.000000
144681 5.380309 -11.997946 60.725954 0.000000
144690 12.497772 -17.410301 64.838882 0.000000
144961 16.144599 -21.410223 58.914220 0.000000
144962 15.877557 -21.657603 58.376362 0.000000
144963 15.471946 -21.950458 57.689656 0.000000
144964 14.599240 -22.104161 58.318832 0.000000
145051 7.429471 -25.431972 65.048911 0.000000
145052 7.291820 -25.968569 64.522011 0.000000
145053 7.155087 -26.577016 63.846264 0.000000
145056 7.028448 -27.250036 63.202477 0.000000
150231 4.065286 -27.342803 58.738891 0.000000
150237 4.791164 -24.600701 59.310537 0.000000
150238 4.876508 -25.100010 58.772679 0.000000
150239 5.029759 -25.615688 58.239386 0.000000
150240 5.336261 -24.667094 57.906078 0.000000
150241 5.296801 -25.424696 57.805629 0.000000
150242 5.217882 -26.152285 57.675046 0.000000
150243 5.387651 -26.714348 57.079657 0.000000
150244 5.523466 -27.286415 56.560062 0.000000
150249 6.551259 -25.943104 55.430468 0.000000
150254 7.235842 -26.470606 52.625203 0.000000
150255 5.679470 -19.141054 60.086733 0.000000
150256 5.770320 -19.729492 59.635626 0.000000
150257 5.806109 -20.281550 59.109639 0.000000
150258 6.103435 -19.344779 58.817424 0.000000
150259 5.976796 -20.071458 58.729759 0.000000
150260 5.773991 -20.817237 58.564475 0.000000
150261 5.739119 -21.296537 58.040314 0.000000
150262 5.718013 -21.754009 57.517980 0.000000
150263 5.783167 -22.268778 56.940855 0.000000
150264 6.651285 -18.551706 56.988340 0.000000
150265 6.788936 -19.343869 56.924418 0.000000
150266 6.647614 -20.068730 56.889717 0.000000
150267 6.826560 -20.472542 55.808522 0.000000
150268 6.640273 -20.631702 56.283371 0.000000
150269 6.433797 -20.767216 56.760047 0.000000
150270 6.162166 -21.471158 56.603895 0.000000
150271 5.983220 -22.123260 56.483356 0.000000
150272 5.920818 -22.749896 56.312593 0.000000
150273 6.130965 -23.267394 55.698028 0.000000
150274 6.404431 -23.751241 55.124555 0.000000
150275 6.697168 -24.221446 54.555649 0.000000
150276 6.626508 -23.415640 54.129198 0.000000
150277 6.830231 -24.053191 54.031488 0.000000
150278 6.950446 -24.698926 53.968479 0.000000
150279 7.212900 -25.190958 53.330172 0.000000
150280 7.241348 -25.706637 52.714694 0.000000
150281 7.184452 -26.221406 52.068168 0.000000
150282 7.079838 -25.990397 51.544007 0.000000
150283 6.883456 -25.834875 51.010715 0.000000
150284 6.652203 -25.581128 50.553215 0.000000
150291 6.426455 -22.024126 51.726642 0.000000
150292 6.230074 -22.512520 51.153169 0.000000
150293 6.078658 -22.959988 50.526733 0.000000
150294 6.003409 -22.178739 50.305746 0.000000
150295 5.933666 -22.789914 50.139548 0.000000
150296 5.912559 -23.403817 49.981569 0.000000
150297 5.803356 -23.833095 49.461061 0.000000
150315 7.095438 -10.410892 57.433968 0.000000
150316 6.816466 -10.913838 57.099747 0.000000
150317 6.505375 -11.380405 56.693385 0.000000
150324 7.242265 -10.455457 56.163746 0.000000
150325 6.746723 -11.203965 56.266934 0.000000
150326 6.196120 -11.886080 56.294329 0.000000
150327 5.957525 -12.375383 55.873357 0.000000
150328 5.669376 -12.853773 55.479779 0.000000
150329 5.435370 -13.424931 55.073418 0.000000
150330 6.085999 -12.601846 54.537386 0.000000
150331 5.638175 -13.281232 54.581218 0.000000
150332 5.337179 -14.066119 54.641487 0.000000
150333 5.317908 -14.731863 54.162072 0.000000
150334 5.428946 -15.333034 53.760276 0.000000
150335 5.653776 -15.851441 53.312822 0.000000
150355 6.032774 -12.761006 52.560368 0.000000
150356 5.729942 -13.496780 52.648946 0.000000
150357 5.451888 -13.897864 51.730294 0.000000
150358 5.544573 -14.077033 52.244410 0.000000
150359 5.559255 -14.215275 52.758526 0.000000
150360 5.470241 -14.962873 52.829754 0.000000
150361 5.607892 -15.670453 52.816969 0.000000
150362 5.925407 -16.352568 52.806924 0.000000
150363 6.193367 -16.850057 52.336641 0.000000
150364 6.386078 -17.294796 51.849007 0.000000
150365 6.498951 -17.714069 51.416163 0.000000
150366 5.940089 -16.952829 50.878305 0.000000
150367 6.284216 -17.553090 50.897481 0.000000
150368 6.558600 -18.142438 50.943140 0.000000
150369 6.551259 -18.604457 50.470117 0.000000
150370 6.497116 -19.112860 50.001659 0.000000
150371 6.413608 -19.644000 49.463801 0.000000
150372 5.158233 -16.344383 48.930508 0.000000
150373 5.436287 -16.980114 48.905853 0.000000
150377 6.035527 -18.122429 48.967035 0.000000
150378 6.272286 -18.757250 48.978906 0.000000
150380 6.333770 -20.162407 48.907679 0.000000
