#!ascii label  , from subject fsaverage vox2ras=TkReg 
1489
47 20.260357 -21.282895 51.119382 0.000000
170 32.237809 -18.507142 57.646737 0.000000
234 37.539198 -9.495039 31.619502 0.000000
376 29.557290 -15.561315 41.033395 0.000000
377 33.532644 -16.823682 49.721315 0.000000
500 47.762062 -3.519713 22.310624 0.000000
714 37.359335 -10.651906 35.068554 0.000000
716 32.770058 -12.880148 34.410156 0.000000
859 16.728238 -24.714387 50.807990 0.000000
867 26.619822 -19.633995 55.094421 0.000000
868 28.980074 -20.493460 51.934845 0.000000
869 22.686681 -20.666263 48.223713 0.000000
1098 43.012193 -6.050814 27.771394 0.000000
1451 23.489644 -19.606711 56.937202 0.000000
1452 18.667279 -21.500262 55.266097 0.000000
1596 42.703855 -7.088538 31.468829 0.000000
1828 14.546933 -23.480214 55.067026 0.000000
1829 11.046015 -26.783469 55.493477 0.000000
1834 31.946907 -11.944287 39.607020 0.000000
1836 31.155874 -15.581323 45.601995 0.000000
1837 32.014814 -20.347033 44.597506 0.000000
1839 31.106319 -21.062799 48.501317 0.000000
2634 37.087704 -10.509117 36.859284 0.000000
2635 34.862350 -11.596863 34.666758 0.000000
2636 34.541165 -11.160309 36.561590 0.000000
2646 39.853567 -9.386811 36.870242 0.000000
2777 19.472077 -23.096411 48.898547 0.000000
2778 18.056109 -24.955401 49.202634 0.000000
2779 18.437861 -23.104596 50.676494 0.000000
2787 23.162035 -19.682198 52.869933 0.000000
2788 24.544049 -19.694931 51.559531 0.000000
2789 21.453330 -20.846341 49.640043 0.000000
2790 20.654956 -22.718064 47.434732 0.000000
3579 37.893420 -9.066671 29.844295 0.000000
3618 39.998559 -8.721976 33.441281 0.000000
3620 40.169246 -8.210844 31.668813 0.000000
3621 40.295884 -7.699713 29.844295 0.000000
4015 17.920294 -21.335645 57.305211 0.000000
4016 16.608023 -22.571637 55.035978 0.000000
4017 15.866545 -21.952277 57.170974 0.000000
4018 11.162559 -24.225084 60.244712 0.000000
4019 11.758128 -24.566141 57.590121 0.000000
4020 10.165968 -26.408761 57.703354 0.000000
4022 8.780283 -28.402355 58.067710 0.000000
4024 8.084688 -27.568356 60.403604 0.000000
4033 32.288281 -13.761441 47.835615 0.000000
4034 32.360777 -16.103369 47.735166 0.000000
4035 31.702806 -17.929618 45.395618 0.000000
4036 32.753540 -18.498956 47.087727 0.000000
4040 26.954772 -20.612603 48.683039 0.000000
4041 30.071186 -20.816328 50.337707 0.000000
4042 28.085344 -21.181942 47.332457 0.000000
4043 29.050735 -21.755828 45.744450 0.000000
4637 30.463949 -13.759622 40.246240 0.000000
4638 30.342817 -13.955161 37.446454 0.000000
4639 29.447169 -15.866902 38.385195 0.000000
4741 50.490300 -2.426510 20.225852 0.000000
4742 48.262193 -4.154535 20.291600 0.000000
5892 37.466702 -10.130771 33.350877 0.000000
5894 35.216571 -11.530470 32.887898 0.000000
5916 39.947169 -9.177629 35.124257 0.000000
6167 29.599502 -19.601254 56.738131 0.000000
6168 30.776875 -19.744953 54.913613 0.000000
6169 27.912822 -20.015980 53.545681 0.000000
6170 25.865496 -20.069640 50.154159 0.000000
6171 23.984269 -20.918190 46.639359 0.000000
6584 45.523860 -5.407807 29.562125 0.000000
6586 45.593603 -4.842106 27.427128 0.000000
6587 45.480730 -4.613825 25.018180 0.000000
6588 45.636734 -4.902132 22.694157 0.000000
7223 21.653383 -20.103291 53.938345 0.000000
7224 19.486760 -21.344740 53.288166 0.000000
7225 20.902727 -20.286097 56.080647 0.000000
7242 25.052439 -19.548504 56.204838 0.000000
7565 42.914002 -6.611058 29.638831 0.000000
8110 17.555978 -22.949983 52.890023 0.000000
8111 15.514159 -24.184157 52.776790 0.000000
8112 13.727452 -25.465623 53.014214 0.000000
8113 13.583377 -22.990001 57.382830 0.000000
8114 12.650105 -24.831711 55.236876 0.000000
8123 5.983220 -28.718857 63.192432 0.000000
8128 34.183273 -10.647359 39.115733 0.000000
8131 30.881490 -13.611376 42.615009 0.000000
8133 31.503671 -13.584091 45.200200 0.000000
8134 30.218013 -15.422163 43.267927 0.000000
8135 30.457526 -17.555819 43.546445 0.000000
8136 31.403645 -19.952316 43.025023 0.000000
8137 30.940221 -22.190562 42.689889 0.000000
8141 31.819350 -19.923212 53.206894 0.000000
8142 32.751705 -19.826807 51.112990 0.000000
8143 33.282119 -19.262925 48.981646 0.000000
8144 31.918459 -20.981855 46.502383 0.000000
8145 30.066597 -22.025945 44.256893 0.000000
8888 32.103829 -12.257150 36.828236 0.000000
8889 31.117332 -14.519043 34.995500 0.000000
10314 37.003278 -10.198982 37.851903 0.000000
10315 35.782775 -10.842899 36.696740 0.000000
10316 35.668983 -10.521850 37.725885 0.000000
10326 38.350420 -9.900670 37.870166 0.000000
10457 19.792344 -22.085971 49.907602 0.000000
10458 19.002229 -23.021833 49.837288 0.000000
10459 19.305061 -22.199657 50.802511 0.000000
10467 21.591899 -20.315201 51.844441 0.000000
10468 22.278317 -20.106928 51.277361 0.000000
10469 20.836655 -21.050975 50.345925 0.000000
10470 20.327347 -21.914988 49.123188 0.000000
11259 37.697038 -9.238564 30.738291 0.000000
11298 38.725748 -9.127607 32.592030 0.000000
11299 40.088491 -8.461863 32.546372 0.000000
11300 38.804668 -8.820200 31.665161 0.000000
11301 38.871658 -8.558268 30.783036 0.000000
11698 10.319219 -24.999966 60.304068 0.000000
11699 10.621133 -25.207329 58.911481 0.000000
11700 9.780546 -26.151376 58.935223 0.000000
11701 9.437336 -27.401011 57.822066 0.000000
11702 9.041820 -27.108156 59.011930 0.000000
11703 8.400367 -28.134057 59.111465 0.000000
11713 32.859990 -15.222076 48.981646 0.000000
11714 32.989382 -16.458068 48.714086 0.000000
11715 32.598454 -17.345727 47.474912 0.000000
11716 33.147221 -17.686785 48.416392 0.000000
11719 32.826036 -18.478038 56.746349 0.000000
11720 26.012324 -20.878173 46.968101 0.000000
11721 27.557683 -20.887268 47.974417 0.000000
11722 26.589539 -21.210136 46.269524 0.000000
11723 27.185108 -21.579387 45.667744 0.000000
12317 29.920688 -14.659104 40.628859 0.000000
12318 29.764683 -14.776428 39.263667 0.000000
12416 47.732696 -3.274152 23.528796 0.000000
12418 49.036708 -2.518368 23.586326 0.000000
12420 49.025696 -2.770296 22.343498 0.000000
12421 49.140405 -3.023133 21.236734 0.000000
12422 47.980468 -3.796197 21.278740 0.000000
13659 37.430913 -10.448181 34.243046 0.000000
13660 36.287494 -10.825618 33.118931 0.000000
13661 36.206739 -11.029343 33.965441 0.000000
13662 33.719849 -12.168930 34.516998 0.000000
13663 33.979550 -12.298986 33.596520 0.000000
13664 33.127950 -13.148447 33.528945 0.000000
13698 38.583509 -10.051645 35.888582 0.000000
13700 38.656923 -9.912494 35.056682 0.000000
13701 38.672523 -9.720592 34.216564 0.000000
14090 17.386209 -24.927207 49.929519 0.000000
14094 15.914264 -25.423787 50.956837 0.000000
14117 28.191794 -19.732220 55.944584 0.000000
14118 28.824987 -19.864096 55.296232 0.000000
14119 27.308994 -19.796794 54.378494 0.000000
14120 23.474043 -19.990514 49.842767 0.000000
14121 25.212114 -19.876828 50.752287 0.000000
14122 24.154956 -20.110566 49.028218 0.000000
14123 24.781726 -20.377955 48.178967 0.000000
14124 23.300604 -20.753573 47.343415 0.000000
14126 22.139749 -21.627590 46.835691 0.000000
14717 30.059256 -18.610823 41.795893 0.000000
14813 44.244626 -5.727946 28.644387 0.000000
14814 45.577085 -5.150422 28.533893 0.000000
14815 44.259309 -5.475109 27.576889 0.000000
14817 44.354747 -5.339595 25.259257 0.000000
14818 44.468538 -5.442367 24.132403 0.000000
14819 45.446776 -4.726602 23.808227 0.000000
15887 22.553619 -19.813164 55.464256 0.000000
15888 21.280808 -20.196058 55.011322 0.000000
15889 22.200315 -19.890471 56.555496 0.000000
15929 24.252229 -19.532133 56.580152 0.000000
15930 23.278579 -19.654914 54.956532 0.000000
16621 44.086786 -6.263634 30.525522 0.000000
16622 42.861695 -6.894817 30.577572 0.000000
16624 40.507867 -7.504173 28.895509 0.000000
17800 19.071054 -21.428412 54.248823 0.000000
17801 18.547064 -22.154183 53.072657 0.000000
17802 18.109334 -22.136902 54.121892 0.000000
17803 15.579313 -23.063669 54.973882 0.000000
17804 15.999607 -23.331058 53.907297 0.000000
17805 15.068170 -23.787620 53.976698 0.000000
17806 14.556109 -24.805336 52.863541 0.000000
17807 14.044049 -24.387882 53.959348 0.000000
17810 13.101600 -22.957259 58.614700 0.000000
17811 11.311222 -25.622055 56.426739 0.000000
17812 12.209623 -24.708021 56.411215 0.000000
17813 11.818695 -25.726646 55.326367 0.000000
17814 12.271107 -26.018591 54.252476 0.000000
17850 31.466047 -12.788290 42.218692 0.000000
17855 31.680782 -14.660923 46.690497 0.000000
17856 31.836786 -13.625018 46.474988 0.000000
17857 31.229287 -14.505401 45.473238 0.000000
17858 30.819088 -14.477207 44.201189 0.000000
17859 30.673178 -15.429439 44.472401 0.000000
17860 30.229943 -16.428055 43.493481 0.000000
17861 30.747510 -16.495357 44.568284 0.000000
17862 31.978108 -19.091032 45.033089 0.000000
17863 31.469717 -18.884579 44.220366 0.000000
17864 31.753278 -20.093286 43.814917 0.000000
17865 31.506424 -21.145562 42.825039 0.000000
17866 31.512848 -21.315636 43.601235 0.000000
17875 29.943629 -20.229709 53.580381 0.000000
17876 31.345832 -19.812255 54.117327 0.000000
17877 30.457526 -20.399783 52.698257 0.000000
17878 30.623624 -20.959117 49.472932 0.000000
17879 31.478894 -20.584409 50.826254 0.000000
17880 31.974437 -20.558034 49.735013 0.000000
17881 33.126115 -19.614896 50.017183 0.000000
17882 32.420425 -20.488003 48.720479 0.000000
17883 32.689303 -20.186054 47.639283 0.000000
17884 31.526613 -21.111002 47.533355 0.000000
17885 28.310174 -22.284239 44.321728 0.000000
17886 29.588490 -21.956824 44.963688 0.000000
19667 32.999476 -11.162128 39.388771 0.000000
19668 33.093079 -11.316741 38.003489 0.000000
19669 31.983614 -12.032507 38.224477 0.000000
19670 30.045491 -15.077468 36.649255 0.000000
19671 30.609859 -14.199813 36.199061 0.000000
19984 50.562796 -2.766658 19.118174 0.000000
23172 37.273991 -10.660092 35.943373 0.000000
23173 36.083771 -11.140301 34.832955 0.000000
23174 35.952544 -11.072999 35.717819 0.000000
23175 34.660462 -11.451345 35.611891 0.000000
23176 33.497772 -11.927007 35.428343 0.000000
23195 39.695727 -9.383173 37.881124 0.000000
23196 38.456870 -10.070744 36.872069 0.000000
23431 18.746199 -24.005897 48.991691 0.000000
23432 18.146041 -24.052281 49.784324 0.000000
23433 17.616545 -23.914949 50.733110 0.000000
23447 24.867987 -19.536680 53.941997 0.000000
23448 25.609466 -19.669465 53.280861 0.000000
23449 23.841112 -19.614896 52.204231 0.000000
23450 22.841768 -19.987786 50.529473 0.000000
23451 22.052570 -20.691728 48.942379 0.000000
23452 21.502885 -21.641232 47.602756 0.000000
23453 20.905480 -21.746733 48.372560 0.000000
23454 20.054799 -22.909966 48.107740 0.000000
23864 42.011931 -6.591049 26.853656 0.000000
24510 23.004196 -19.630358 57.864072 0.000000
24946 41.277793 -7.958917 33.480547 0.000000
24947 41.349372 -7.809761 32.529935 0.000000
24948 41.409938 -7.654239 31.572017 0.000000
24949 41.514552 -7.403220 30.656105 0.000000
24950 40.228894 -7.949822 30.753815 0.000000
24951 38.991873 -8.295427 29.870777 0.000000
25657 18.335082 -21.411132 56.350033 0.000000
25658 17.638569 -22.093247 55.133687 0.000000
25659 17.255900 -21.899526 56.094344 0.000000
25660 16.130834 -22.386102 55.946411 0.000000
25661 15.135160 -22.719883 56.058731 0.000000
25663 12.262848 -23.679392 58.746197 0.000000
25664 11.417672 -24.421533 58.848472 0.000000
25665 10.925800 -25.463804 57.605644 0.000000
25666 10.567908 -26.615214 56.537233 0.000000
25668 9.914526 -27.555623 56.779224 0.000000
25691 32.217620 -14.884657 47.881273 0.000000
25692 31.718406 -15.793234 46.691410 0.000000
25693 31.298113 -16.700901 45.603822 0.000000
25694 31.951495 -17.015584 46.486859 0.000000
25695 32.239644 -18.196097 46.235737 0.000000
25696 32.405743 -19.365697 45.808372 0.000000
25702 28.010095 -20.577133 50.411674 0.000000
25703 29.542607 -20.689909 51.184217 0.000000
25704 28.544180 -20.809962 49.652827 0.000000
25705 29.084689 -20.997316 48.876631 0.000000
25706 29.537101 -21.241058 47.968025 0.000000
25707 30.042738 -21.402947 47.167173 0.000000
25708 28.572628 -21.525727 46.495078 0.000000
25709 27.775171 -21.937725 45.013912 0.000000
26777 31.103566 -12.855592 39.832573 0.000000
26778 31.029235 -12.932899 38.471947 0.000000
26779 30.318039 -13.837838 38.831736 0.000000
26780 29.813320 -14.895571 37.931349 0.000000
26966 50.409545 -2.186406 21.379189 0.000000
26967 49.329445 -3.311440 20.161017 0.000000
29106 37.443761 -9.826093 32.464186 0.000000
29107 36.491217 -10.315396 31.383904 0.000000
29108 36.382014 -10.575510 32.284291 0.000000
29111 35.067908 -11.621419 33.743541 0.000000
29112 34.246592 -12.349918 32.667824 0.000000
29162 41.146566 -8.560087 37.076619 0.000000
29163 41.227321 -8.402746 36.114136 0.000000
29164 41.194285 -8.310888 35.211008 0.000000
29165 39.937075 -8.989365 34.269528 0.000000
29166 38.667935 -9.415005 33.388317 0.000000
29747 30.930126 -19.116498 57.186498 0.000000
29748 31.543131 -19.121045 56.371949 0.000000
29749 30.175800 -19.692203 55.755558 0.000000
29750 29.415968 -20.064183 54.375754 0.000000
29751 28.483614 -20.259722 52.763092 0.000000
29752 26.369298 -19.795884 52.757613 0.000000
29753 26.928160 -20.093286 51.872749 0.000000
29754 27.475092 -20.343395 51.118469 0.000000
29755 26.416099 -20.353399 49.341436 0.000000
29756 25.408496 -20.558943 47.549792 0.000000
29757 24.611956 -21.199222 45.934390 0.000000
30726 46.835213 -4.149987 27.258191 0.000000
30727 44.299686 -5.319587 26.418073 0.000000
30728 45.490824 -4.683856 26.241831 0.000000
30729 46.704904 -3.968090 26.139555 0.000000
30730 46.561747 -3.886236 24.860201 0.000000
30731 46.511275 -3.948991 23.588152 0.000000
30732 46.624149 -4.157263 22.414726 0.000000
30733 46.884768 -4.503777 21.429413 0.000000
32219 20.917410 -20.546210 52.520188 0.000000
32220 19.859334 -21.354744 52.189620 0.000000
32221 20.538412 -20.683543 53.587687 0.000000
32222 20.105270 -20.728108 54.630529 0.000000
32223 19.695989 -20.818147 55.624974 0.000000
32224 21.662559 -20.008704 57.442187 0.000000
32226 19.296802 -20.926376 56.566454 0.000000
32227 18.966440 -20.942747 57.468669 0.000000
32266 31.533037 -18.517146 58.455808 0.000000
32267 30.283168 -19.151968 58.130719 0.000000
32268 28.914919 -19.558508 57.464103 0.000000
32269 27.445727 -19.611258 56.590197 0.000000
32271 26.697824 -19.539409 57.250420 0.000000
32272 25.788412 -19.549413 55.578402 0.000000
32273 24.137520 -19.553051 54.630529 0.000000
32274 22.415968 -19.852272 53.387702 0.000000
33149 45.426587 -5.636998 30.511824 0.000000
33150 44.196907 -6.000792 29.604131 0.000000
33151 42.963556 -6.312746 28.720180 0.000000
33152 41.629261 -7.124918 29.708233 0.000000
33153 41.742135 -6.916645 28.743923 0.000000
33154 41.843079 -6.722015 27.786918 0.000000
34636 18.921474 -22.152364 51.950369 0.000000
34637 18.093734 -23.009100 51.795130 0.000000
34638 17.089801 -23.768521 51.746731 0.000000
34639 17.009046 -22.776271 53.941084 0.000000
34640 16.522680 -23.589352 52.806011 0.000000
34641 16.105139 -24.430627 51.750384 0.000000
34642 15.201233 -25.163674 51.816132 0.000000
34643 14.370740 -25.844879 52.059949 0.000000
34646 14.648794 -22.488874 57.175540 0.000000
34647 14.078002 -23.275580 56.119000 0.000000
34649 13.103435 -23.864017 56.289763 0.000000
34650 13.576036 -24.139592 55.120903 0.000000
34651 13.090588 -25.258260 54.047925 0.000000
34674 7.062402 -28.164070 61.788887 0.000000
34690 35.531333 -10.235362 38.943143 0.000000
34696 32.046933 -11.939739 40.761269 0.000000
34697 31.265994 -12.782833 41.028829 0.000000
34698 30.639225 -13.690501 41.407795 0.000000
34699 30.160200 -14.565427 41.846118 0.000000
34706 31.158627 -13.594095 43.862402 0.000000
34707 30.446513 -14.494487 43.013152 0.000000
34708 29.839932 -15.474914 42.161162 0.000000
34709 29.793131 -16.361663 42.455204 0.000000
34710 30.018878 -17.463961 42.671626 0.000000
34711 30.445596 -18.677216 42.584874 0.000000
34712 31.055847 -17.679509 44.510755 0.000000
34713 30.922785 -18.786354 43.366550 0.000000
34714 31.009046 -19.813164 42.350189 0.000000
34715 31.383456 -21.069165 42.084456 0.000000
34716 31.235711 -22.173282 42.015968 0.000000
34726 33.910724 -17.195662 50.671014 0.000000
34727 32.113005 -19.162881 55.524525 0.000000
34728 32.594783 -19.195623 54.446069 0.000000
34729 32.980205 -19.151968 53.552986 0.000000
34730 30.973257 -20.531659 51.812480 0.000000
34731 32.284610 -19.945040 52.175009 0.000000
34732 33.347274 -18.987351 52.469051 0.000000
34733 33.617987 -18.744518 51.352241 0.000000
34734 33.703331 -18.423469 50.324009 0.000000
34735 33.512455 -18.056036 49.300343 0.000000
34736 33.098585 -18.850928 48.019162 0.000000
34737 32.685633 -19.709483 46.693236 0.000000
34738 32.104746 -20.671720 45.499720 0.000000
34739 30.556634 -21.543008 46.295093 0.000000
34740 30.946645 -21.563926 45.371876 0.000000
34741 31.333902 -21.526637 44.436788 0.000000
34742 30.519010 -22.189653 43.454214 0.000000
36908 34.322759 -10.863817 37.756019 0.000000
36909 33.269272 -11.572307 36.647428 0.000000
36910 32.377295 -12.538181 35.611891 0.000000
36911 31.151285 -13.055679 37.110407 0.000000
36912 31.401810 -13.321249 35.809136 0.000000
36913 31.841375 -13.663216 34.647581 0.000000
37294 47.272943 -4.903951 20.592034 0.000000
41034 36.951889 -10.063469 38.347755 0.000000
41035 36.315024 -10.366328 37.752367 0.000000
41036 36.269141 -10.219900 38.286573 0.000000
41046 37.608941 -9.927046 38.353234 0.000000
41177 19.996068 -21.673064 50.481988 0.000000
41178 19.572103 -22.186015 50.366928 0.000000
41179 19.795097 -21.708534 50.997930 0.000000
41187 20.858679 -20.768125 51.396073 0.000000
41188 21.196382 -20.658077 51.064592 0.000000
41189 20.566859 -21.139196 50.765071 0.000000
41190 20.334688 -21.574840 50.167857 0.000000
41979 37.605271 -9.381354 31.210401 0.000000
41980 37.148270 -9.622368 30.601315 0.000000
41981 37.040903 -9.745148 31.047856 0.000000
42018 38.108155 -9.290405 32.115355 0.000000
42019 38.766126 -8.971175 32.132705 0.000000
42020 38.154039 -9.126697 31.625894 0.000000
42021 38.206346 -8.992093 31.199443 0.000000
42418 9.931961 -25.378312 60.332377 0.000000
42419 9.964080 -25.644792 59.564399 0.000000
42420 9.619035 -26.010406 59.608231 0.000000
42421 9.392370 -26.623400 58.940702 0.000000
42422 9.273991 -26.430588 59.666674 0.000000
42423 8.904169 -26.918983 59.663022 0.000000
42432 33.472995 -16.195227 49.784324 0.000000
42433 33.194023 -15.985135 49.301256 0.000000
42434 33.261930 -16.638147 49.173412 0.000000
42435 33.098585 -17.067424 48.542410 0.000000
42436 33.330756 -17.264783 49.011781 0.000000
42437 32.829707 -18.086049 57.736228 0.000000
42439 32.556241 -18.453482 57.311603 0.000000
42440 25.580100 -21.158295 46.049450 0.000000
42441 26.281201 -21.003682 46.577263 0.000000
42442 25.945333 -21.329278 45.811112 0.000000
42443 26.234400 -21.486620 45.528942 0.000000
43037 29.709623 -15.122942 40.827018 0.000000
43038 29.602255 -15.180240 40.149444 0.000000
43136 47.728108 -3.376924 22.892315 0.000000
43137 48.345701 -2.913995 23.522404 0.000000
43138 48.370478 -3.023133 22.917884 0.000000
43140 48.402597 -3.154099 22.338933 0.000000
43141 48.425538 -3.291432 21.767287 0.000000
43142 47.848323 -3.654317 21.780071 0.000000
44379 37.388700 -10.567324 34.659452 0.000000
44380 36.810567 -10.723756 34.123420 0.000000
44381 36.788543 -10.816523 34.509692 0.000000
44382 33.245412 -12.519082 34.444857 0.000000
44383 33.383981 -12.646410 33.972747 0.000000
44384 32.941663 -13.016571 33.977313 0.000000
44385 32.754458 -13.579544 33.546295 0.000000
44386 32.527793 -13.434935 33.979139 0.000000
44418 37.966833 -10.385427 35.469436 0.000000
44419 38.675276 -9.972520 35.469436 0.000000
44420 38.009964 -10.322672 35.056682 0.000000
44421 38.033824 -10.234452 34.611054 0.000000
44810 17.040247 -24.835349 50.371494 0.000000
44811 16.970504 -25.360123 50.043665 0.000000
44812 16.662166 -25.162764 50.478335 0.000000
44813 16.233613 -25.564757 50.591568 0.000000
44814 16.283168 -25.104557 50.877391 0.000000
44837 27.442974 -19.690384 55.587534 0.000000
44838 27.795360 -19.751319 55.249660 0.000000
44839 26.956608 -19.698569 54.765679 0.000000
44840 23.025302 -20.301559 48.990778 0.000000
44841 23.831018 -20.067821 49.407184 0.000000
44842 23.335475 -20.323386 48.490359 0.000000
44843 23.727321 -20.396145 48.158878 0.000000
44844 22.972995 -20.681724 47.775345 0.000000
44845 22.708705 -21.080079 47.147083 0.000000
44846 22.359072 -21.127372 47.456648 0.000000
45437 30.357499 -19.230183 41.715534 0.000000
45533 43.610515 -5.881649 28.227067 0.000000
45534 44.263897 -5.581519 28.125705 0.000000
45535 43.612350 -5.759778 27.702906 0.000000
45539 44.587835 -5.547868 23.589978 0.000000
46607 23.024384 -19.694931 56.213970 0.000000
46608 22.329707 -19.861367 55.935452 0.000000
46609 22.717882 -19.764962 56.570107 0.000000
46649 23.846618 -19.567603 56.799313 0.000000
46650 23.340981 -19.639452 55.930887 0.000000
47336 42.677243 -7.112185 31.977466 0.000000
47340 43.391191 -6.798412 31.497137 0.000000
47341 43.449922 -6.719287 30.999458 0.000000
47342 42.780939 -7.012141 31.027766 0.000000
48520 18.880179 -21.414770 54.809511 0.000000
48521 18.591112 -21.767651 54.183988 0.000000
48522 18.387389 -21.807668 54.701757 0.000000
48523 15.143419 -23.191907 55.088942 0.000000
48524 15.301259 -23.435649 54.438763 0.000000
48525 14.782774 -23.648469 54.478030 0.000000
48526 14.540509 -24.102303 53.936518 0.000000
48527 14.315679 -23.884026 54.549257 0.000000
48530 12.871264 -22.930884 59.244789 0.000000
48531 11.169901 -26.203217 55.916276 0.000000
48532 11.531463 -25.727555 55.864225 0.000000
48533 11.422260 -26.294165 55.381157 0.000000
48534 11.696644 -26.420584 54.874346 0.000000
48575 31.395386 -15.112938 46.125243 0.000000
48576 31.461458 -14.586345 46.076845 0.000000
48577 31.154038 -15.027446 45.536247 0.000000
48578 30.929209 -14.971058 44.960948 0.000000
48579 30.920032 -15.472185 45.065050 0.000000
48580 30.689696 -15.967855 44.494317 0.000000
48581 30.929209 -16.029700 45.034915 0.000000
48582 32.061616 -19.714030 44.816667 0.000000
48583 31.840457 -19.592159 44.366473 0.000000
48584 31.887258 -20.194239 44.209408 0.000000
48585 31.737678 -20.708099 43.679768 0.000000
48586 31.805585 -20.807233 44.158270 0.000000
48595 29.471028 -20.417063 52.731131 0.000000
48596 30.208836 -20.339757 53.097313 0.000000
48597 29.717882 -20.500736 52.259934 0.000000
48598 30.822759 -21.010958 49.006301 0.000000
48599 31.317384 -20.812690 49.686615 0.000000
48600 31.577085 -20.839065 49.164280 0.000000
48601 32.215785 -20.536206 49.242813 0.000000
48602 31.785397 -20.853617 48.594461 0.000000
48603 32.017567 -20.838156 48.083084 0.000000
48604 31.326561 -21.106454 47.961632 0.000000
50387 32.466309 -11.540475 39.476436 0.000000
50388 32.476403 -11.576854 38.803428 0.000000
50389 31.943236 -11.983395 38.945883 0.000000
53979 37.181306 -10.599156 36.402698 0.000000
53980 36.603173 -10.884735 35.803657 0.000000
53981 36.525171 -10.809248 36.244719 0.000000
53982 35.146828 -10.986597 36.667518 0.000000
53983 35.234007 -11.137572 36.145184 0.000000
53984 34.591637 -11.325836 36.086741 0.000000
53985 34.107106 -11.638699 35.518747 0.000000
53986 34.003409 -11.521376 35.999989 0.000000
54016 40.289461 -9.003917 38.453683 0.000000
54018 37.694285 -10.219900 37.356963 0.000000
54019 38.399057 -10.015266 37.353311 0.000000
54020 37.768616 -10.319944 36.867503 0.000000
54021 37.872313 -10.382698 36.399959 0.000000
54410 18.733351 -23.042751 50.332228 0.000000
54411 18.566335 -23.544788 49.812633 0.000000
54412 18.274515 -23.592990 50.182467 0.000000
54413 17.900105 -24.043186 50.228126 0.000000
54414 18.053356 -23.518412 50.762332 0.000000
54437 24.001705 -19.557599 53.451624 0.000000
54438 24.383456 -19.544866 53.136580 0.000000
54439 23.524515 -19.639452 52.571326 0.000000
54440 21.856188 -20.429796 50.490206 0.000000
54441 22.591243 -20.023256 50.957751 0.000000
54442 22.148008 -20.343395 50.123111 0.000000
54443 22.419639 -20.287007 49.733187 0.000000
54444 21.730467 -20.785405 49.261077 0.000000
54445 21.434059 -21.174666 48.622769 0.000000
54446 21.145910 -21.271981 48.988038 0.000000
54447 19.889618 -22.531620 48.968861 0.000000
54448 20.167672 -22.389740 48.593548 0.000000
54449 19.773073 -23.005462 48.530539 0.000000
56933 40.635423 -8.440035 33.909738 0.000000
56935 40.666624 -8.340901 33.455891 0.000000
56936 40.127033 -8.333625 32.107136 0.000000
56937 40.741873 -8.142633 32.540893 0.000000
56938 40.766650 -8.015305 32.091612 0.000000
56939 41.382408 -7.737002 32.044127 0.000000
56940 40.804275 -7.925266 31.628634 0.000000
56941 40.852911 -7.825222 31.169308 0.000000
56942 40.195858 -8.082607 31.202182 0.000000
56943 38.331149 -8.725614 30.262528 0.000000
56944 38.920294 -8.425483 30.334669 0.000000
56945 38.425669 -8.661040 29.803202 0.000000
58120 18.095569 -21.437507 56.702517 0.000000
58121 17.757866 -21.735819 56.139090 0.000000
58122 17.544966 -21.703987 56.597502 0.000000
58124 16.465784 -22.025945 56.494314 0.000000
58125 15.961982 -22.179648 56.536320 0.000000
58126 15.639880 -22.511611 56.008506 0.000000
58127 15.424227 -22.435214 56.533580 0.000000
58128 11.504851 -23.875841 60.157048 0.000000
58129 11.715915 -23.888573 59.485866 0.000000
58131 10.374279 -25.823961 58.246691 0.000000
58132 10.789984 -25.332838 58.262215 0.000000
58133 10.574332 -25.879440 57.660435 0.000000
58134 10.731253 -26.042238 57.074178 0.000000
58135 10.365102 -26.510623 57.114358 0.000000
58136 10.230205 -27.083600 56.671469 0.000000
58137 10.005375 -26.993561 57.165495 0.000000
58138 9.086786 -27.927603 57.944431 0.000000
58139 9.351075 -27.970349 57.419357 0.000000
58145 8.232433 -27.907595 59.730596 0.000000
58147 7.936943 -28.405993 59.778994 0.000000
58149 7.735055 -28.121324 60.405431 0.000000
58175 32.607630 -15.648625 48.337859 0.000000
58176 32.547982 -15.060188 48.461138 0.000000
58177 32.290116 -15.494013 47.833788 0.000000
58178 31.968931 -15.362137 47.292277 0.000000
58179 32.051521 -15.962398 47.250271 0.000000
58180 31.793656 -16.375305 46.632054 0.000000
58181 32.116676 -16.539013 47.082248 0.000000
58182 32.668197 -17.922342 47.290451 0.000000
58183 32.394731 -17.766820 46.822907 0.000000
58184 32.500263 -18.360714 46.648491 0.000000
58185 32.402990 -18.771802 46.145333 0.000000
58186 32.578265 -18.919139 46.474075 0.000000
58195 27.493446 -20.576224 49.610822 0.000000
58196 28.305585 -20.677177 50.048231 0.000000
58197 27.774253 -20.698095 49.209939 0.000000
58198 27.794442 -21.040062 47.628325 0.000000
58199 28.297326 -20.960027 48.507709 0.000000
58200 28.575381 -21.110092 48.147920 0.000000
58201 29.319613 -21.141015 48.452006 0.000000
58202 28.807552 -21.246515 47.714163 0.000000
58203 29.076430 -21.359291 47.366244 0.000000
58204 28.326692 -21.359291 46.901439 0.000000
58206 27.475092 -21.756737 45.318912 0.000000
59987 30.780546 -13.266680 40.048082 0.000000
59988 30.668590 -13.332163 39.321197 0.000000
59989 30.377688 -13.794182 39.523008 0.000000
59990 29.546277 -15.296654 38.831736 0.000000
59991 29.771107 -14.838273 38.589746 0.000000
59992 29.584820 -15.364866 38.191603 0.000000
60303 48.671474 -3.547907 20.689743 0.000000
60304 49.221160 -3.157737 20.656869 0.000000
60305 48.790772 -3.749813 20.174714 0.000000
60306 48.943105 -3.951719 19.673383 0.000000
60307 48.422785 -4.365535 19.805793 0.000000
64014 37.455690 -9.981615 32.921686 0.000000
64015 36.901417 -10.168060 32.381088 0.000000
64016 36.891322 -10.321763 32.810279 0.000000
64017 35.734138 -11.206693 33.001132 0.000000
64018 35.806634 -11.090279 32.587465 0.000000
64019 35.303750 -11.464987 32.476971 0.000000
64021 34.829314 -11.881532 32.397525 0.000000
64022 35.475355 -11.377677 34.758075 0.000000
64023 35.541427 -11.373129 34.305142 0.000000
64024 34.966965 -11.629604 34.195561 0.000000
64025 33.694154 -12.772829 33.095188 0.000000
64026 34.109859 -12.325362 33.132628 0.000000
64027 33.867594 -12.789200 32.691566 0.000000
64028 34.044704 -12.825579 32.297076 0.000000
64133 40.401417 -8.986637 37.441888 0.000000
64134 41.061223 -8.581006 37.576125 0.000000
64135 40.490431 -8.948438 36.956081 0.000000
64136 39.938910 -9.256754 35.557101 0.000000
64137 40.583116 -8.872951 36.052953 0.000000
64138 40.590457 -8.826567 35.610978 0.000000
64139 41.196120 -8.387285 35.642026 0.000000
64140 40.549162 -8.775636 35.172655 0.000000
64141 40.570268 -8.678321 34.758988 0.000000
64142 39.944416 -9.084861 34.698719 0.000000
64143 38.035659 -9.947054 33.795591 0.000000
64144 38.661511 -9.567798 33.798331 0.000000
64145 38.053095 -9.764248 33.371880 0.000000
64146 38.049424 -9.595992 32.950907 0.000000
65387 30.232696 -19.383887 57.033999 0.000000
65388 30.554799 -19.408443 56.530841 0.000000
65389 29.918852 -19.619444 56.342727 0.000000
65390 28.375328 -19.956863 54.375754 0.000000
65391 29.110383 -19.965958 54.723673 0.000000
65392 28.675407 -20.076006 53.960261 0.000000
65393 28.984662 -20.150584 53.674438 0.000000
65394 28.169770 -20.175140 53.001430 0.000000
65395 25.093734 -19.665827 52.416087 0.000000
65396 26.010488 -19.709483 53.086355 0.000000
65397 25.421343 -19.734948 52.071821 0.000000
65398 25.532381 -19.989605 50.444548 0.000000
65399 26.151810 -19.932307 51.455429 0.000000
65400 26.431700 -20.078734 51.083768 0.000000
65401 27.190614 -20.223343 51.485564 0.000000
65402 26.669377 -20.226981 50.667362 0.000000
65403 26.962114 -20.346123 50.263740 0.000000
65404 26.129786 -20.183325 49.766061 0.000000
65405 24.334820 -20.621698 47.344328 0.000000
65406 25.100158 -20.449805 47.843833 0.000000
65407 24.645910 -20.725379 46.969927 0.000000
65408 24.954248 -20.855436 46.649404 0.000000
65409 24.288936 -21.056432 46.276830 0.000000
65417 21.018354 -22.145997 47.524223 0.000000
65418 21.358810 -22.114165 47.107816 0.000000
65419 20.923834 -22.649853 47.072203 0.000000
67478 46.187337 -5.220453 29.999534 0.000000
67481 45.611957 -5.001266 27.960421 0.000000
67482 46.237809 -4.823917 28.455360 0.000000
67483 46.253409 -4.662937 27.901978 0.000000
67484 46.896697 -4.300052 27.867277 0.000000
67485 46.229550 -4.518329 27.345856 0.000000
67486 43.143420 -5.906206 26.111247 0.000000
67487 43.661904 -5.638817 26.531306 0.000000
67489 44.923703 -4.992172 25.119542 0.000000
67490 44.903514 -4.987624 25.722236 0.000000
67491 45.483483 -4.625649 25.619960 0.000000
67492 46.102911 -4.320061 26.191606 0.000000
67493 46.057028 -4.270949 25.563344 0.000000
67494 46.636996 -3.912611 25.498508 0.000000
67495 46.010226 -4.258216 24.934168 0.000000
67496 45.522025 -4.782990 23.233841 0.000000
67497 45.966178 -4.337341 23.675817 0.000000
67498 46.021238 -4.410100 23.088647 0.000000
67499 46.536052 -4.031754 23.000069 0.000000
67500 46.104747 -4.521058 22.525220 0.000000
70697 21.269796 -20.294283 53.223331 0.000000
70698 20.699004 -20.636250 53.046175 0.000000
70699 21.054143 -20.357037 53.798629 0.000000
70700 21.032119 -20.259722 55.481606 0.000000
70701 20.651285 -20.467085 54.877999 0.000000
70702 20.480598 -20.473452 55.362893 0.000000
70703 19.818039 -20.839975 54.979361 0.000000
70704 20.219979 -20.567129 55.765602 0.000000
70706 22.373755 -19.758595 57.677785 0.000000
70709 20.817384 -20.214248 57.621168 0.000000
70711 19.869429 -20.709009 56.672382 0.000000
70712 19.740955 -20.713556 57.186498 0.000000
70713 19.183010 -20.938199 57.059567 0.000000
70810 30.910855 -18.813639 58.284131 0.000000
70815 28.221159 -19.590340 57.085136 0.000000
70820 25.464473 -19.515762 56.876933 0.000000
70822 25.827872 -19.538499 56.625811 0.000000
70823 26.227976 -19.538499 56.381080 0.000000
70824 25.389224 -19.537590 55.840483 0.000000
70825 24.995543 -19.521219 55.140079 0.000000
70826 24.586262 -19.543047 55.427729 0.000000
70827 22.505900 -19.822259 54.494467 0.000000
70828 22.824332 -19.737677 54.142895 0.000000
70829 22.103042 -19.967777 53.772147 0.000000
70830 21.655218 -20.181506 52.944813 0.000000
72542 36.054406 -10.787420 31.302631 0.000000
72903 43.516912 -6.444622 30.074415 0.000000
72904 44.133588 -6.121754 30.068936 0.000000
72905 43.549031 -6.296375 29.616915 0.000000
72906 43.577479 -6.146310 29.164895 0.000000
72907 42.934191 -6.459173 29.174940 0.000000
72908 40.875853 -7.578751 30.234220 0.000000
72909 41.548506 -7.272254 30.164819 0.000000
72910 40.936419 -7.435962 29.786765 0.000000
72911 40.623493 -7.416863 28.387785 0.000000
72912 41.118118 -7.208590 28.834327 0.000000
72913 41.207132 -7.112185 28.330256 0.000000
72914 41.807290 -6.810235 28.256289 0.000000
72915 41.286052 -7.031240 27.841708 0.000000
76435 19.605139 -21.331097 52.716520 0.000000
76436 19.359203 -21.659422 52.086431 0.000000
76437 19.167410 -21.766741 52.569500 0.000000
76438 18.020320 -22.542533 52.921984 0.000000
76439 18.320399 -22.587098 52.434350 0.000000
76440 17.789067 -22.921789 52.366775 0.000000
76441 17.528448 -23.404727 51.763168 0.000000
76442 17.295360 -23.404727 52.243497 0.000000
76443 17.177898 -22.296063 55.116337 0.000000
76444 17.297195 -22.392468 54.568434 0.000000
76445 16.810829 -22.707150 54.497206 0.000000
76446 15.765601 -23.703038 53.368525 0.000000
76447 16.323545 -23.422007 53.393181 0.000000
76448 15.999607 -23.915858 52.768571 0.000000
76449 16.296015 -24.003169 52.248976 0.000000
76450 15.798637 -24.384244 52.186880 0.000000
76451 15.662821 -24.781689 51.763168 0.000000
76452 15.315024 -24.686193 52.226147 0.000000
76453 14.133063 -25.169131 52.911026 0.000000
76454 14.454248 -25.322834 52.388691 0.000000
76455 14.058731 -25.680262 52.553976 0.000000
76457 13.645779 -26.037690 52.663556 0.000000
76461 13.799948 -22.678956 57.862246 0.000000
76463 14.041296 -22.740801 57.255900 0.000000
76464 14.367987 -22.853578 56.658685 0.000000
76465 13.816466 -23.153708 56.728086 0.000000
76466 11.982958 -24.084113 58.126153 0.000000
76468 12.251836 -24.101393 57.592860 0.000000
76469 12.369298 -24.795332 55.796650 0.000000
76470 12.584033 -24.316032 56.354599 0.000000
76471 12.813451 -24.348774 55.772908 0.000000
76472 13.375983 -23.924043 55.741860 0.000000
76473 13.069481 -24.534309 55.142819 0.000000
76474 13.290640 -24.645266 54.576652 0.000000
76475 12.855664 -25.009970 54.650619 0.000000
76531 7.398270 -27.670219 61.765144 0.000000
76532 7.248689 -27.365541 62.481984 0.000000
76538 6.320923 -28.212273 63.185127 0.000000
76539 6.562271 -28.405084 62.519424 0.000000
76575 33.576692 -10.803791 40.436180 0.000000
76584 32.133194 -11.924278 41.309173 0.000000
76585 31.655087 -12.360832 40.890027 0.000000
76586 31.734007 -12.356284 41.489068 0.000000
76587 31.149450 -13.217568 42.393108 0.000000
76588 31.030153 -13.226663 41.819636 0.000000
76589 30.762193 -13.647755 42.001357 0.000000
76590 30.353829 -14.162524 41.596822 0.000000
76591 30.493315 -14.107046 42.178513 0.000000
76603 31.668852 -13.582272 45.862249 0.000000
76609 31.312796 -13.583181 44.526278 0.000000
76610 30.496985 -14.947411 43.690726 0.000000
76611 30.636472 -14.470840 43.623151 0.000000
76612 30.303357 -14.938316 43.113601 0.000000
76613 30.100551 -14.971967 42.532823 0.000000
76614 30.035397 -15.438534 42.740114 0.000000
76615 29.776613 -15.908739 42.314575 0.000000
76616 29.984007 -15.886001 42.857913 0.000000
76617 30.322628 -16.951920 43.578406 0.000000
76618 30.085868 -16.907355 43.105382 0.000000
76619 30.213425 -17.511254 43.094424 0.000000
76620 30.194154 -18.086959 42.654275 0.000000
76621 30.424489 -18.111515 43.081640 0.000000
76622 31.477059 -17.286611 45.457714 0.000000
76623 31.165050 -17.184748 45.039481 0.000000
76624 31.364185 -17.772277 44.956383 0.000000
76625 31.405480 -19.410262 43.587537 0.000000
76626 31.202675 -18.815458 43.811265 0.000000
76627 31.174227 -19.317494 43.241445 0.000000
76628 30.952151 -19.283843 42.849694 0.000000
76629 31.221028 -19.890471 42.708153 0.000000
76630 31.247641 -20.420701 42.199516 0.000000
76631 31.398139 -20.487094 42.520039 0.000000
76632 31.304537 -21.728543 42.739200 0.000000
76633 31.346749 -21.667607 42.381237 0.000000
76634 31.088884 -22.185105 42.347449 0.000000
76636 30.704379 -22.583460 42.300878 0.000000
76660 31.170556 -19.425723 55.661501 0.000000
76661 31.847798 -19.162881 55.959195 0.000000
76662 31.457788 -19.461193 55.247834 0.000000
76663 31.579838 -19.907751 53.611429 0.000000
76664 31.950577 -19.566693 54.350185 0.000000
76665 32.224044 -19.593978 53.832417 0.000000
76666 32.791165 -19.163791 54.072581 0.000000
76667 32.441532 -19.545775 53.384962 0.000000
76668 29.820661 -20.762668 50.817122 0.000000
76669 30.266650 -20.651711 51.509307 0.000000
76670 30.523598 -20.708099 51.111163 0.000000
76671 32.117594 -20.276093 50.981493 0.000000
76672 31.922130 -20.287916 51.540354 0.000000
76673 32.501181 -19.900475 51.658154 0.000000
76674 32.859990 -19.502120 52.355817 0.000000
76675 33.052701 -19.416628 51.825264 0.000000
76676 33.490431 -18.880031 51.961327 0.000000
76677 33.230730 -19.320223 51.263663 0.000000
76678 33.247248 -19.461193 49.489370 0.000000
76679 33.528055 -19.034644 50.113066 0.000000
76680 33.520714 -18.864570 49.617214 0.000000
76681 33.661118 -18.253395 49.810806 0.000000
76682 33.429864 -18.633560 49.192589 0.000000
76683 33.312402 -18.457120 48.660209 0.000000
76684 33.200446 -19.084666 48.456572 0.000000
76685 32.360777 -20.600780 47.031110 0.000000
76686 32.737940 -19.932307 47.182697 0.000000
76687 32.410331 -20.427977 46.553521 0.000000
76688 32.401154 -20.219705 46.048537 0.000000
76689 32.055192 -20.837246 45.987354 0.000000
76690 29.519665 -21.556650 46.460377 0.000000
76691 30.309780 -21.468430 46.796425 0.000000
76692 29.795884 -21.658512 46.075932 0.000000
76693 29.851862 -22.005027 44.665081 0.000000
76694 30.281333 -21.782203 45.216637 0.000000
76695 30.529104 -21.801302 44.826712 0.000000
76696 31.179733 -21.535732 44.927161 0.000000
76697 30.684190 -21.814944 44.382910 0.000000
76698 30.915444 -21.818582 43.996639 0.000000
76699 30.343734 -22.127808 43.830441 0.000000
82037 34.848585 -10.450000 38.962320 0.000000
82038 34.934846 -10.560958 38.292965 0.000000
82039 34.251181 -10.741036 38.420809 0.000000
82040 32.575512 -11.733286 37.459238 0.000000
82041 33.152727 -11.439522 37.311305 0.000000
82042 32.650761 -11.879713 36.799015 0.000000
82043 32.791165 -12.030688 36.113223 0.000000
82044 32.230467 -12.378112 36.172579 0.000000
82045 30.644731 -13.434935 37.970615 0.000000
82046 31.063189 -12.967459 37.814462 0.000000
82047 30.703462 -13.522246 37.293954 0.000000
82048 30.845701 -14.361702 35.569885 0.000000
82049 30.985187 -13.742342 35.969855 0.000000
82050 31.188910 -13.905140 35.376293 0.000000
82051 31.590850 -13.486776 35.217401 0.000000
82052 31.457788 -14.106136 34.806473 0.000000
82992 51.060174 -2.249160 19.137351 0.000000
82993 51.052833 -2.463799 18.508175 0.000000
82994 51.536446 -1.969948 18.531917 0.000000
83004 47.038019 -4.697498 21.021225 0.000000
83005 46.812272 -5.296850 20.771929 0.000000
92292 37.045491 -10.343590 37.362442 0.000000
92293 36.445334 -10.692833 36.718656 0.000000
92294 36.371920 -10.544587 37.201724 0.000000
92295 35.715785 -10.687376 37.209942 0.000000
92296 35.069744 -10.834713 37.159718 0.000000
92316 37.658496 -10.088934 37.841858 0.000000
92549 19.615234 -22.569818 49.382528 0.000000
92550 19.214211 -23.110963 49.328651 0.000000
92551 19.374804 -22.665314 49.792543 0.000000
92552 19.150892 -22.615292 50.292048 0.000000
92553 18.900367 -22.638939 50.802511 0.000000
92567 22.318695 -19.974143 52.300114 0.000000
92568 22.697693 -19.865005 52.035294 0.000000
92569 21.882801 -20.210610 51.540354 0.000000
92570 21.508391 -20.570767 50.777856 0.000000
92571 21.168852 -20.936380 50.095716 0.000000
92572 20.886209 -21.320184 49.481151 0.000000
92573 20.546671 -21.462063 49.697573 0.000000
92574 20.110776 -22.046863 49.563337 0.000000
93993 37.784217 -9.143068 30.284444 0.000000
94064 39.354353 -8.917516 32.990174 0.000000
94065 40.041689 -8.596467 32.981042 0.000000
94066 39.389225 -8.771088 32.557330 0.000000
94067 39.441532 -8.620113 32.117181 0.000000
94068 39.494757 -8.493695 31.666987 0.000000
94069 39.519534 -8.352724 31.204922 0.000000
94070 38.841375 -8.681959 31.204009 0.000000
94071 38.265077 -8.862946 30.760207 0.000000
94777 17.723912 -21.326550 57.789192 0.000000
94778 17.423834 -21.467520 57.262292 0.000000
94779 17.174227 -21.439326 57.724357 0.000000
94785 10.174227 -25.705728 58.915133 0.000000
94786 9.949397 -26.304170 58.275000 0.000000
94787 9.785134 -26.912616 57.738968 0.000000
94788 9.601600 -26.725262 58.380015 0.000000
94789 9.242790 -27.230937 58.425673 0.000000
94790 8.912428 -27.755710 58.514251 0.000000
94792 8.730729 -27.610192 59.070373 0.000000
94793 8.556371 -27.429205 59.684024 0.000000
94794 8.404956 -27.102699 60.389907 0.000000
94810 33.155480 -15.374870 49.458322 0.000000
94811 32.911380 -15.804148 48.828233 0.000000
94812 32.632408 -16.242520 48.151572 0.000000
94813 32.455297 -16.730005 47.574447 0.000000
94814 32.801259 -16.894622 48.094956 0.000000
94815 32.870085 -17.513982 47.944282 0.000000
94816 32.922392 -18.080592 47.720555 0.000000
94822 26.461983 -20.681724 47.833788 0.000000
94823 27.250263 -20.724470 48.356123 0.000000
94824 26.740037 -20.846341 47.422861 0.000000
94825 27.017174 -20.989130 47.102337 0.000000
94826 27.320923 -21.180123 46.773595 0.000000
94827 27.571448 -21.307451 46.532518 0.000000
94828 26.891453 -21.355653 46.001965 0.000000
94829 26.530808 -21.713991 45.189242 0.000000
95897 30.170294 -14.226188 40.412438 0.000000
95898 30.094127 -14.271663 39.722079 0.000000
95899 29.822497 -14.728225 39.930283 0.000000
95900 29.558207 -15.229352 39.486481 0.000000
96076 47.791427 -3.173199 24.178975 0.000000
96077 48.526482 -2.774843 24.859288 0.000000
96078 48.433797 -2.820318 24.210936 0.000000
96085 49.679996 -2.517459 21.845820 0.000000
96086 49.075250 -2.897624 21.798335 0.000000
96087 48.553095 -3.386018 21.225776 0.000000
96088 48.126377 -3.968090 20.778321 0.000000
98313 37.467620 -10.281745 33.779154 0.000000
98314 36.864710 -10.458186 33.238556 0.000000
98315 36.837180 -10.593699 33.679619 0.000000
98316 36.255376 -10.934757 33.538077 0.000000
98317 35.683666 -11.274905 33.427583 0.000000
98318 34.294311 -11.867890 34.574527 0.000000
98319 34.393420 -11.924278 34.098765 0.000000
98320 33.851076 -12.267154 34.042148 0.000000
98321 33.534479 -12.730993 33.523466 0.000000
98322 33.328003 -13.235758 33.117104 0.000000
98384 39.179996 -9.759700 36.353387 0.000000
98385 39.881097 -9.343155 36.416396 0.000000
98387 39.270845 -9.624187 35.493179 0.000000
98388 39.267174 -9.566889 35.039332 0.000000
98389 39.284610 -9.462298 34.658539 0.000000
98390 38.648664 -9.832459 34.643015 0.000000
98391 38.032906 -10.102577 34.201953 0.000000
99088 17.711065 -24.948125 49.535028 0.000000
99095 15.874804 -25.950379 50.725805 0.000000
99096 15.491217 -25.770301 51.100205 0.000000
99137 28.904825 -19.700388 56.361904 0.000000
99138 29.186550 -19.783151 55.870617 0.000000
99139 28.499214 -19.824078 55.537309 0.000000
99140 28.098191 -19.867733 54.827775 0.000000
99141 27.637520 -19.915027 53.911863 0.000000
99142 23.997116 -19.757686 50.724892 0.000000
99143 24.918459 -19.769509 51.312061 0.000000
99144 24.360514 -19.900475 50.345925 0.000000
99145 24.697300 -19.926850 49.957827 0.000000
99146 24.974437 -20.083282 49.482977 0.000000
99147 25.273598 -20.191511 49.071137 0.000000
99148 24.453199 -20.230619 48.596287 0.000000
99149 24.000787 -20.479818 47.747037 0.000000
99150 23.631883 -20.834518 47.021065 0.000000
99151 23.351075 -21.224687 46.409240 0.000000
99152 22.999607 -21.161023 46.716979 0.000000
99153 22.467358 -21.542098 46.545302 0.000000
100217 29.805979 -18.056036 41.758453 0.000000
100391 44.877819 -5.583338 29.113757 0.000000
100392 45.547720 -5.285936 29.067186 0.000000
100393 44.903514 -5.435092 28.579552 0.000000
100394 44.926456 -5.279569 28.027996 0.000000
100395 44.931044 -5.144965 27.481919 0.000000
100397 43.790378 -5.642455 25.385275 0.000000
100398 43.854615 -5.716123 24.841938 0.000000
100400 44.942974 -5.021275 24.530546 0.000000
100401 45.456870 -4.657481 24.406354 0.000000
100402 44.960410 -5.102219 23.965292 0.000000
100403 45.046671 -5.175888 23.420128 0.000000
100404 45.189828 -5.255013 22.895054 0.000000
102323 22.107630 -19.954135 54.727326 0.000000
102324 21.543262 -20.137851 54.634182 0.000000
102325 21.929602 -19.983238 55.290753 0.000000
102326 21.757997 -20.039626 55.795737 0.000000
102327 21.461589 -20.072368 56.153701 0.000000
102399 24.558731 -19.509396 56.256889 0.000000
102400 24.132014 -19.546685 55.500782 0.000000
102401 23.829182 -19.589431 55.855093 0.000000
102402 22.889487 -19.722216 55.159256 0.000000
103646 44.054668 -6.398238 30.992153 0.000000
103647 43.480205 -6.586502 30.532827 0.000000
103648 42.924096 -6.759304 30.115507 0.000000
103650 40.393158 -7.601489 29.388622 0.000000
105766 19.316990 -21.357472 53.886294 0.000000
105767 18.998558 -21.748552 53.168541 0.000000
105768 18.807683 -21.764922 53.683570 0.000000
105769 18.311222 -22.118713 53.573989 0.000000
105770 17.833115 -22.509792 53.510067 0.000000
105771 16.060173 -22.859035 54.966577 0.000000
105772 16.240955 -22.984544 54.395844 0.000000
105773 15.776613 -23.166441 54.477116 0.000000
105774 15.527924 -23.546607 53.932866 0.000000
105775 15.260881 -23.968608 53.356654 0.000000
105776 15.009439 -24.475192 52.785008 0.000000
105777 14.784610 -24.275105 53.420576 0.000000
105778 14.337703 -24.530671 53.452537 0.000000
105779 13.856843 -24.900832 53.472627 0.000000
105783 13.592554 -22.591646 58.577260 0.000000
105784 13.304405 -23.000915 57.980958 0.000000
105785 11.536969 -25.104557 57.015735 0.000000
105786 11.975616 -24.647995 56.964598 0.000000
105787 11.732433 -25.187320 56.414868 0.000000
105788 11.959098 -25.264627 55.808522 0.000000
105789 12.161904 -25.344661 55.249660 0.000000
105790 12.461065 -25.442886 54.692625 0.000000
105791 12.049948 -25.886715 54.750155 0.000000
105856 31.813844 -12.364470 42.074411 0.000000
105857 31.921212 -12.351737 42.678931 0.000000
105858 31.589015 -12.785562 42.860652 0.000000
105859 31.267830 -13.196650 42.982104 0.000000
105865 31.992790 -14.226188 47.271274 0.000000
105866 32.035003 -13.694139 47.116948 0.000000
105867 31.762455 -14.131602 46.614703 0.000000
105868 31.534872 -14.066119 45.949001 0.000000
105869 31.350420 -14.016097 45.360005 0.000000
105870 31.154038 -14.007912 44.710739 0.000000
105871 31.018223 -14.467202 44.838583 0.000000
105872 30.707132 -14.956506 44.323554 0.000000
105873 30.433666 -15.414887 43.877013 0.000000
105874 30.193236 -15.885092 43.381160 0.000000
105875 30.436419 -15.914195 43.923585 0.000000
105876 30.469455 -16.448974 44.033165 0.000000
105877 30.565811 -17.001941 44.066040 0.000000
105878 31.845045 -18.501685 45.222116 0.000000
105879 31.536707 -18.376176 44.779227 0.000000
105880 31.743184 -18.971889 44.629467 0.000000
105881 31.636734 -19.499391 43.975636 0.000000
105882 31.564238 -20.030532 43.370202 0.000000
105883 31.527531 -20.567129 42.888047 0.000000
105884 31.642240 -20.629883 43.275232 0.000000
105885 31.533037 -21.231054 43.224095 0.000000
105886 31.210016 -21.762194 43.109035 0.000000
105901 30.351993 -20.031441 54.189467 0.000000
105902 31.039329 -19.790427 54.547431 0.000000
105903 30.630048 -20.084191 53.806848 0.000000
105904 30.894337 -20.126937 53.405965 0.000000
105905 31.144862 -20.200606 52.917418 0.000000
105906 30.312533 -20.850888 49.954174 0.000000
105907 30.825512 -20.743569 50.715760 0.000000
105908 31.043918 -20.779948 50.201644 0.000000
105909 31.752360 -20.572586 50.247303 0.000000
105910 32.355271 -20.209700 50.412587 0.000000
105911 32.934322 -19.737677 50.608006 0.000000
105912 32.597536 -20.174230 49.914908 0.000000
105913 32.815024 -20.078734 49.355133 0.000000
105914 32.957263 -19.915936 48.806317 0.000000
105915 33.022418 -19.699478 48.359776 0.000000
105916 32.616807 -20.346123 48.206363 0.000000
105917 32.200184 -20.752664 47.593624 0.000000
105918 31.755113 -21.075532 47.039328 0.000000
105919 28.653383 -22.010484 44.982865 0.000000
105920 29.317777 -21.874970 45.336262 0.000000
105921 28.895648 -22.130536 44.634946 0.000000
105922 29.161773 -22.263321 44.249587 0.000000
105923 29.448087 -22.316071 43.985680 0.000000
105924 29.721553 -22.387921 43.698944 0.000000
105925 29.141584 -22.701694 43.382987 0.000000
109127 33.573939 -10.882006 39.240838 0.000000
109128 33.636340 -10.962951 38.585180 0.000000
109129 33.050866 -11.212150 38.713937 0.000000
109130 32.520452 -11.638699 38.094806 0.000000
109131 32.031333 -12.128003 37.517682 0.000000
109132 30.148270 -14.501763 37.066574 0.000000
109133 30.444678 -14.055205 36.809973 0.000000
109134 30.317122 -14.628182 36.391740 0.000000
109697 49.984663 -3.034957 19.651467 0.000000
109698 50.522418 -2.583851 19.675209 0.000000
115506 37.353829 -10.694652 35.476742 0.000000
115507 36.735318 -10.878369 34.943449 0.000000
115508 36.673834 -10.904744 35.373553 0.000000
115509 36.022287 -11.123930 35.271278 0.000000
115510 35.406529 -11.335840 35.211922 0.000000
115511 35.863530 -10.982959 36.183537 0.000000
115512 35.319350 -11.254896 35.670334 0.000000
115513 34.761406 -11.511371 35.159871 0.000000
115514 34.197038 -11.776032 35.045724 0.000000
115515 33.605140 -12.050697 34.975410 0.000000
115516 33.101338 -12.382659 34.901443 0.000000
115560 40.328921 -9.008464 37.941393 0.000000
115561 39.783824 -9.431375 37.353311 0.000000
115562 39.017568 -9.691489 37.868340 0.000000
115563 39.081805 -9.759700 37.354224 0.000000
115564 39.132277 -9.786075 36.846500 0.000000
115565 38.515601 -10.080749 36.372564 0.000000
115566 37.917279 -10.411802 35.892235 0.000000
116109 18.382801 -24.620710 49.011781 0.000000
116110 18.857237 -23.482033 49.399879 0.000000
116111 18.446120 -24.111398 49.365178 0.000000
116112 18.074463 -24.440632 49.481151 0.000000
116113 17.774384 -24.526124 49.829070 0.000000
116114 17.479812 -24.417895 50.287482 0.000000
116115 17.149450 -24.384244 50.720326 0.000000
116147 25.804012 -19.553051 54.638748 0.000000
116148 26.133456 -19.636724 54.249736 0.000000
116149 25.287363 -19.564874 53.742926 0.000000
116150 24.778055 -19.601254 52.875412 0.000000
116151 24.242135 -19.631267 52.014291 0.000000
116152 23.051914 -19.794975 51.742166 0.000000
116153 23.335475 -19.758595 51.354067 0.000000
116154 23.702544 -19.765871 51.141298 0.000000
116155 23.187730 -19.971415 50.225386 0.000000
116156 22.710541 -20.242442 49.338696 0.000000
116157 22.351731 -20.634431 48.594461 0.000000
116158 22.057158 -21.118277 47.846573 0.000000
116159 21.757997 -21.127372 48.277590 0.000000
116160 21.184452 -21.666698 48.026468 0.000000
116161 20.743052 -22.220575 47.876707 0.000000
116162 20.627426 -21.800392 48.825493 0.000000
116163 20.462245 -22.288787 48.294940 0.000000
117122 42.476272 -6.280005 27.290152 0.000000
117123 43.029629 -5.959865 27.223491 0.000000
117124 42.521238 -6.246354 26.766905 0.000000
118626 23.251049 -19.646728 57.396528 0.000000
118627 23.751180 -19.543047 58.203772 0.000000
119645 41.767830 -7.651510 33.931654 0.000000
119646 41.857762 -7.578751 33.472328 0.000000
119647 40.704248 -8.245405 32.996566 0.000000
119648 41.306241 -7.877972 33.023961 0.000000
119650 41.971553 -7.491441 32.502540 0.000000
119651 42.029366 -7.433234 32.002121 0.000000
119652 42.072497 -7.353199 31.504442 0.000000
119653 42.108286 -7.262250 31.027766 0.000000
119654 41.485187 -7.525092 31.134608 0.000000
119655 40.902465 -7.707898 30.706330 0.000000
119656 40.262848 -7.819765 30.303621 0.000000
119657 39.532381 -8.209935 30.745596 0.000000
119658 39.593865 -8.088973 30.298142 0.000000
119659 39.647090 -7.990749 29.829684 0.000000
119660 39.127688 -8.232672 29.401407 0.000000
121303 18.509439 -21.437507 55.829524 0.000000
121304 18.159806 -21.723996 55.140993 0.000000
121305 18.033168 -21.718539 55.787519 0.000000
121306 17.440352 -21.995932 55.605797 0.000000
121307 16.946644 -22.219666 55.591187 0.000000
121308 16.921867 -21.930449 56.500706 0.000000
121309 16.672260 -22.203295 56.011246 0.000000
121310 16.465784 -22.457042 55.552833 0.000000
121311 15.846356 -22.686232 55.508088 0.000000
121312 15.371920 -22.875405 55.531830 0.000000
121313 14.810304 -23.098230 55.543702 0.000000
121316 12.103173 -23.549335 59.446600 0.000000
121317 11.857237 -23.948600 58.862169 0.000000
121318 11.588359 -24.527033 58.172724 0.000000
121320 11.163477 -24.934483 58.218383 0.000000
121321 11.362612 -25.015427 57.629387 0.000000
121322 11.071710 -25.592042 57.002951 0.000000
121323 10.915706 -26.142281 56.485182 0.000000
121324 10.792737 -26.693430 55.997548 0.000000
121327 10.189827 -27.667490 56.278805 0.000000
121329 9.655742 -27.511968 57.317082 0.000000
121382 32.497510 -14.455379 48.489446 0.000000
121383 32.219455 -14.338055 47.871228 0.000000
121384 31.939565 -14.760967 47.307801 0.000000
121385 31.694547 -15.220257 46.772682 0.000000
121386 31.420163 -15.676820 46.127069 0.000000
121387 31.176980 -16.138839 45.569121 0.000000
121388 31.500918 -16.242520 46.145333 0.000000
121389 31.606451 -16.851876 46.008357 0.000000
121390 31.816597 -17.432129 45.938956 0.000000
121391 32.287363 -17.162921 47.037502 0.000000
121392 32.145124 -17.605840 46.407413 0.000000
121393 32.001049 -18.050579 45.819330 0.000000
121394 32.131359 -18.641746 45.650393 0.000000
121395 32.199266 -19.231093 45.407490 0.000000
121396 32.235973 -19.852272 45.235813 0.000000
121408 28.542345 -20.542573 51.236268 0.000000
121409 29.255376 -20.618060 51.494696 0.000000
121410 28.800210 -20.654439 50.801598 0.000000
121411 29.040640 -20.760849 50.433590 0.000000
121412 29.327872 -20.823604 50.064668 0.000000
121413 28.041296 -20.828151 48.851975 0.000000
121414 28.834164 -20.902729 49.339609 0.000000
121415 29.582067 -20.918190 49.605342 0.000000
121416 29.843603 -21.002773 49.196241 0.000000
121417 30.025302 -21.090993 48.728697 0.000000
121418 30.327216 -21.190127 48.264806 0.000000
121419 30.539198 -21.261976 47.804567 0.000000
121420 29.755507 -21.331097 47.553444 0.000000
121421 29.230598 -21.496624 46.832038 0.000000
121422 28.828658 -21.645780 46.107893 0.000000
121423 27.885292 -21.504809 46.097848 0.000000
121424 28.133063 -21.660331 45.801980 0.000000
121425 28.401023 -21.827677 45.402011 0.000000
121426 28.019272 -22.100523 44.663254 0.000000
123917 31.527531 -12.382659 39.703816 0.000000
123918 31.487153 -12.409034 39.017110 0.000000
123919 31.051259 -12.897429 39.133083 0.000000
123920 30.641060 -13.371271 38.646362 0.000000
123921 30.297851 -13.908778 38.150510 0.000000
123922 30.040903 -14.307133 39.020763 0.000000
123923 30.016125 -14.366249 38.344102 0.000000
123924 30.059256 -14.429004 37.703969 0.000000
123925 29.898663 -14.972877 37.284823 0.000000
124360 50.451758 -2.306458 20.831285 0.000000
124361 49.747903 -2.607498 21.271434 0.000000
124362 49.816729 -2.724822 20.739055 0.000000
124363 49.892896 -2.863064 20.213981 0.000000
124365 49.114710 -4.174543 19.193054 0.000000
129468 37.485973 -9.639648 32.033169 0.000000
129469 36.998690 -9.885209 31.545535 0.000000
129470 36.939959 -10.022542 31.962855 0.000000
129471 36.447169 -10.434539 31.861493 0.000000
129473 36.326036 -10.708295 32.696132 0.000000
129474 35.889225 -10.961132 32.169232 0.000000
129479 36.144337 -11.107559 34.405591 0.000000
129480 35.609335 -11.339478 33.867732 0.000000
129481 35.130310 -11.594134 33.310697 0.000000
129482 34.484269 -11.945196 33.612957 0.000000
129483 34.604484 -11.939739 33.201116 0.000000
129484 34.721028 -11.920640 32.798407 0.000000
129485 34.401679 -12.384478 32.281552 0.000000
129623 40.545491 -8.916606 36.498581 0.000000
129624 41.208050 -8.497333 36.581680 0.000000
129629 41.213556 -8.199931 34.800081 0.000000
129630 40.602387 -8.563725 34.331624 0.000000
129631 39.963687 -8.852942 33.864079 0.000000
129632 39.299293 -9.347703 34.264049 0.000000
129633 39.317646 -9.218556 33.850382 0.000000
129634 39.332329 -9.060305 33.410233 0.000000
129635 38.690876 -9.264030 32.983781 0.000000
129636 38.069613 -9.439561 32.535414 0.000000
131207 31.574332 -18.794539 57.486019 0.000000
131208 31.923965 -18.784535 57.096094 0.000000
131209 31.280677 -19.067385 56.891544 0.000000
131210 30.877819 -19.374792 56.137264 0.000000
131211 30.489644 -19.659461 55.435034 0.000000
131212 29.571055 -19.834992 55.515393 0.000000
131213 29.827085 -19.893199 55.164735 0.000000
131214 30.088621 -19.889561 54.720933 0.000000
131215 29.696776 -20.140579 53.965740 0.000000
131216 29.211327 -20.300649 53.115577 0.000000
131217 28.779104 -20.389779 52.375907 0.000000
131218 26.534479 -19.695841 53.998614 0.000000
131219 26.877688 -19.806798 53.584947 0.000000
131220 27.135554 -19.955044 53.033391 0.000000
131221 25.809518 -19.816802 51.836222 0.000000
131222 26.642764 -19.955954 52.263587 0.000000
131223 27.444809 -20.051450 52.692778 0.000000
131224 27.669639 -20.200606 52.238018 0.000000
131225 27.995412 -20.324296 51.895578 0.000000
131226 28.228501 -20.445257 51.512959 0.000000
131227 27.704510 -20.459809 50.695670 0.000000
131228 27.214474 -20.426158 49.942303 0.000000
131229 26.701495 -20.456171 49.029131 0.000000
131230 25.595701 -20.272455 48.824580 0.000000
131231 25.877426 -20.397964 48.478488 0.000000
131232 26.187599 -20.534387 48.115045 0.000000
131233 25.712245 -20.651711 47.188176 0.000000
131234 25.349765 -20.920919 46.412892 0.000000
131235 24.993708 -21.332007 45.696965 0.000000
131246 21.816728 -21.602124 47.225616 0.000000
131247 21.659806 -22.102342 46.722458 0.000000
133487 29.455428 -16.049709 41.189547 0.000000
133866 47.498690 -3.781645 27.259105 0.000000
133867 43.625198 -5.657916 27.121216 0.000000
133868 44.276744 -5.384160 26.997937 0.000000
133869 44.910856 -5.054017 26.905707 0.000000
133870 44.334558 -5.288664 25.832730 0.000000
133871 44.895255 -5.009452 26.326756 0.000000
133872 45.542214 -4.744791 26.847264 0.000000
133873 46.136865 -4.410100 26.756860 0.000000
133874 46.771894 -4.046306 26.712114 0.000000
133875 47.417017 -3.671597 26.704809 0.000000
133876 47.355533 -3.573373 26.109421 0.000000
133877 47.267437 -3.516075 25.470200 0.000000
133878 47.192188 -3.490609 24.795366 0.000000
133879 45.955166 -4.290958 24.277597 0.000000
133880 46.521370 -3.901697 24.214588 0.000000
133881 47.142633 -3.512437 24.105921 0.000000
133882 47.125198 -3.611571 23.525143 0.000000
133883 47.153645 -3.705248 22.929755 0.000000
133884 47.201364 -3.828029 22.342585 0.000000
133885 47.245413 -4.007198 21.800161 0.000000
133886 46.743446 -4.317333 21.898784 0.000000
137927 20.582460 -20.900001 51.818872 0.000000
137928 20.072234 -21.259248 51.652675 0.000000
137929 20.363136 -20.941837 52.304680 0.000000
137930 20.196120 -20.982764 52.903721 0.000000
137931 19.889618 -21.029148 53.353915 0.000000
137932 20.885291 -20.419792 54.268913 0.000000
137933 20.252098 -20.740841 54.081713 0.000000
137934 19.789591 -21.003682 53.964827 0.000000
137935 19.568432 -21.086445 54.470724 0.000000
137936 19.392240 -21.089174 54.947400 0.000000
137937 19.225223 -21.143743 55.460603 0.000000
137938 22.603173 -19.754048 57.236723 0.000000
137939 21.869036 -19.924122 56.877846 0.000000
137940 21.289067 -20.146946 56.784703 0.000000
137941 21.445071 -20.000519 57.908818 0.000000
137942 21.013765 -20.164226 57.236723 0.000000
137943 20.588883 -20.370680 56.466006 0.000000
137944 20.096094 -20.581680 56.368296 0.000000
137945 19.544573 -20.949113 56.066036 0.000000
137946 18.987546 -21.175575 55.937279 0.000000
137947 18.815942 -21.201950 56.413042 0.000000
137948 18.639749 -21.180123 56.901589 0.000000
137949 18.446120 -21.162842 57.354522 0.000000
137951 18.871920 -20.852707 58.075928 0.000000
137952 18.280939 -21.110092 57.927994 0.000000
138037 32.528711 -18.117881 58.134371 0.000000
138064 31.887258 -18.498047 58.028443 0.000000
138065 31.278842 -18.825462 57.828458 0.000000
138066 30.584164 -19.091941 57.758144 0.000000
138067 29.957394 -19.412081 57.364567 0.000000
138069 29.583902 -19.408443 57.874117 0.000000
138070 29.265470 -19.575788 57.123490 0.000000
138071 28.537756 -19.713121 56.674209 0.000000
138072 27.831149 -19.658552 56.404823 0.000000
138073 27.041034 -19.627629 55.887054 0.000000
138080 27.058469 -19.593069 56.949074 0.000000
138081 26.671212 -19.602163 56.193880 0.000000
138082 26.232565 -19.573969 55.439600 0.000000
138083 25.357106 -19.556689 54.778463 0.000000
138084 24.491741 -19.523948 54.297221 0.000000
138085 23.639224 -19.573060 53.698180 0.000000
138086 23.741086 -19.583974 54.772071 0.000000
138087 23.280415 -19.654914 53.949303 0.000000
138088 22.806896 -19.782242 53.137493 0.000000
138089 21.993839 -20.017799 52.634335 0.000000
138090 21.217489 -20.462538 52.111087 0.000000
140183 36.596750 -10.196254 30.952886 0.000000
140622 46.149713 -5.335048 30.489908 0.000000
140623 45.501836 -5.525131 30.025103 0.000000
140624 44.739251 -5.940766 30.533740 0.000000
140625 44.808994 -5.821623 30.050672 0.000000
140626 44.854878 -5.705209 29.580388 0.000000
140627 44.225355 -5.867098 29.131108 0.000000
140628 43.597667 -6.011706 28.704656 0.000000
140629 42.989251 -6.167228 28.269986 0.000000
140630 42.125722 -7.173120 30.572093 0.000000
140631 42.245937 -7.052159 30.103636 0.000000
140632 42.299162 -6.905731 29.631526 0.000000
140633 41.030939 -7.304086 29.331092 0.000000
140634 41.684322 -7.019417 29.226991 0.000000
140635 42.311092 -6.752938 29.164895 0.000000
140636 42.359728 -6.624700 28.714701 0.000000
140637 42.390929 -6.487367 28.252636 0.000000
140638 42.423048 -6.369134 27.788744 0.000000
140639 41.917410 -6.642890 27.321200 0.000000
144934 19.560173 -21.763103 51.478259 0.000000
144935 19.109597 -22.186924 51.365939 0.000000
144936 18.710409 -22.546171 51.377810 0.000000
144937 18.692056 -22.197838 52.459919 0.000000
144938 18.466309 -22.598012 51.854486 0.000000
144939 18.258915 -23.027290 51.299277 0.000000
144940 17.785396 -23.451110 51.213439 0.000000
144941 17.298113 -23.935867 51.172346 0.000000
144942 16.880572 -24.205075 51.257271 0.000000
144943 17.845963 -22.099613 54.609526 0.000000
144944 17.511930 -22.490693 53.969393 0.000000
144945 17.306372 -22.798099 53.461669 0.000000
144946 16.518092 -23.070036 53.913689 0.000000
144947 16.756686 -23.158256 53.373091 0.000000
144948 17.110908 -23.161894 52.960337 0.000000
144949 16.828265 -23.649379 52.307419 0.000000
144950 16.590588 -24.112307 51.736686 0.000000
144951 16.401547 -24.561594 51.279187 0.000000
144952 15.979418 -24.904470 51.345849 0.000000
144953 15.527006 -25.300097 51.373244 0.000000
144954 15.128737 -25.655706 51.486477 0.000000
144955 14.847011 -24.925388 52.325683 0.000000
144956 14.786445 -25.454709 51.947629 0.000000
144957 14.727714 -26.061337 51.645369 0.000000
144966 15.238857 -22.216937 57.178280 0.000000
144967 14.884636 -22.629844 56.570107 0.000000
144968 14.597405 -22.965445 56.104389 0.000000
144969 14.306503 -23.381080 55.581142 0.000000
144970 12.607892 -23.274670 58.647574 0.000000
144971 12.846487 -23.384718 58.005614 0.000000
144972 13.061222 -23.394722 57.360914 0.000000
144973 12.404169 -24.185976 56.936289 0.000000
144974 12.893288 -23.787620 56.953639 0.000000
144975 13.324594 -23.491128 56.808445 0.000000
144976 13.661379 -23.452020 56.305287 0.000000
144977 13.884374 -23.624822 55.695288 0.000000
144978 14.065155 -23.810358 55.074331 0.000000
144979 13.821054 -24.239635 54.547431 0.000000
144980 13.594389 -24.753495 54.022357 0.000000
144981 13.428291 -25.290092 53.518286 0.000000
144982 12.701495 -25.602046 54.150201 0.000000
144983 13.011668 -25.766663 53.611429 0.000000
144984 13.351206 -25.854883 53.150277 0.000000
145047 7.901154 -27.390097 61.039172 0.000000
145048 7.560698 -27.869396 61.078439 0.000000
145049 7.214735 -28.411450 61.089397 0.000000
145050 6.911904 -28.968056 61.161537 0.000000
145057 6.902727 -27.893952 62.488376 0.000000
145096 36.209492 -10.079839 38.922140 0.000000
145104 32.984794 -11.148486 39.934848 0.000000
145105 32.486498 -11.514100 40.053561 0.000000
145114 31.984531 -11.939739 40.200582 0.000000
145115 31.566991 -12.389026 40.294638 0.000000
145116 31.185239 -12.810118 40.442572 0.000000
145117 30.850289 -13.241215 40.640731 0.000000
145118 31.360515 -12.785562 41.618738 0.000000
145119 30.927373 -13.233029 41.226074 0.000000
145120 30.533692 -13.729609 40.823365 0.000000
145121 30.239120 -14.212546 40.976778 0.000000
145122 30.026220 -14.612720 41.216942 0.000000
145123 29.811485 -15.091110 41.387705 0.000000
145143 31.397221 -13.172094 43.624064 0.000000
145144 31.016388 -13.612285 43.225008 0.000000
145145 30.973257 -14.008821 44.079737 0.000000
145146 30.802570 -14.010640 43.440517 0.000000
145147 30.638307 -14.047929 42.787599 0.000000
145148 30.291427 -14.521772 42.434201 0.000000
145149 29.952806 -15.022899 41.974875 0.000000
145150 29.682093 -15.525845 41.574906 0.000000
145151 29.602255 -15.979679 41.765759 0.000000
145152 29.595832 -16.429874 41.919172 0.000000
145154 30.012455 -16.368029 43.014065 0.000000
145155 29.879392 -16.939187 42.593093 0.000000
145156 29.808732 -17.467599 42.196776 0.000000
145157 29.981254 -18.041485 42.205908 0.000000
145158 30.249214 -18.633560 42.211387 0.000000
145159 30.512586 -19.239278 42.114591 0.000000
145160 31.026482 -16.584487 45.091532 0.000000
145161 30.842030 -17.090162 44.564632 0.000000
145162 30.751180 -17.615845 44.041384 0.000000
145163 31.266912 -18.307964 44.405740 0.000000
145164 30.969586 -18.225201 43.994812 0.000000
145165 30.696120 -18.152442 43.578406 0.000000
145166 30.669508 -18.728147 42.991236 0.000000
145167 30.730074 -19.264744 42.484425 0.000000
145168 30.843865 -19.774056 42.009576 0.000000
145169 31.129261 -20.367042 41.899082 0.000000
145170 31.337573 -20.994587 41.787675 0.000000
145171 31.425669 -21.555741 41.726492 0.000000
145172 31.455952 -21.094631 42.440593 0.000000
145174 31.371527 -22.122351 41.702750 0.000000
145204 33.751049 -17.008308 50.182467 0.000000
145205 32.218538 -18.838195 56.619418 0.000000
145206 32.500263 -18.830919 56.160093 0.000000
145207 32.709492 -18.839104 55.673372 0.000000
145208 31.735842 -19.535771 54.805858 0.000000
145209 32.365365 -19.198351 55.000364 0.000000
145210 32.945334 -18.815458 55.162909 0.000000
145213 33.502360 -18.625375 53.731055 0.000000
145214 30.025302 -20.607146 51.922060 0.000000
145215 30.729156 -20.468904 52.206970 0.000000
145216 31.400892 -20.270636 52.463572 0.000000
145217 31.232958 -20.554396 51.360460 0.000000
145218 31.656005 -20.291554 52.039860 0.000000
145219 32.075381 -19.978691 52.678167 0.000000
145220 32.648926 -19.542137 52.939334 0.000000
145221 33.174752 -19.069204 52.991385 0.000000
145222 33.645517 -18.548978 53.135666 0.000000
145223 33.767568 -18.414374 52.610592 0.000000
145226 33.397746 -19.194713 50.673754 0.000000
145227 33.679471 -18.605366 50.817122 0.000000
145228 33.890536 -18.009652 50.978754 0.000000
145229 33.822628 -17.833212 50.481988 0.000000
145230 33.709754 -17.652224 50.010791 0.000000
145231 33.546409 -17.463051 49.474759 0.000000
145232 33.340850 -17.863225 48.811796 0.000000
145233 33.125197 -18.261580 48.179881 0.000000
145234 32.938910 -18.657207 47.549792 0.000000
145235 32.989382 -19.470288 47.789956 0.000000
145236 32.921474 -19.269291 47.375376 0.000000
145237 32.755376 -19.095579 46.914224 0.000000
145238 32.577347 -19.549413 46.243042 0.000000
145239 32.369953 -20.000519 45.662265 0.000000
145240 32.086393 -20.500736 45.050439 0.000000
145241 30.802570 -21.320184 47.357112 0.000000
145242 31.046671 -21.326550 46.869478 0.000000
145243 31.241217 -21.329278 46.475901 0.000000
145244 30.067515 -21.737638 45.634870 0.000000
145245 30.779628 -21.561197 45.849465 0.000000
145246 31.458705 -21.301994 45.955393 0.000000
145247 31.609204 -21.242877 45.453148 0.000000
145248 31.727583 -21.101907 44.983778 0.000000
145249 31.762455 -20.975488 44.551847 0.000000
145250 31.440352 -21.407494 44.034992 0.000000
145251 31.092554 -21.814035 43.540966 0.000000
145252 30.709885 -22.186924 43.057898 0.000000
145253 29.972077 -22.456132 43.327283 0.000000
145254 30.270320 -22.503425 42.982104 0.000000
145255 30.482303 -22.557995 42.648796 0.000000
151688 35.587311 -10.379060 38.278354 0.000000
151689 34.998165 -10.680100 37.723145 0.000000
151690 34.437468 -10.988416 37.133236 0.000000
151691 33.694154 -11.062994 37.887516 0.000000
151692 33.779497 -11.192141 37.217248 0.000000
151693 33.885030 -11.354939 36.586246 0.000000
151694 33.376639 -11.767846 35.996337 0.000000
151695 32.941663 -12.206219 35.474915 0.000000
151696 32.558076 -12.732812 34.961712 0.000000
151697 31.482565 -12.471789 38.313055 0.000000
151698 31.512848 -12.570013 37.625436 0.000000
151699 31.593603 -12.643682 36.946949 0.000000
151700 30.821841 -13.636841 36.604509 0.000000
151701 31.261406 -13.173913 36.433746 0.000000
151702 31.699135 -12.769191 36.315034 0.000000
151703 31.866152 -12.919256 35.676726 0.000000
151704 32.065286 -13.080235 35.075859 0.000000
151705 32.276351 -13.254857 34.517911 0.000000
152848 47.395911 -4.156353 21.348141 0.000000
152849 47.575774 -4.330975 20.887902 0.000000
152850 47.772156 -4.537428 20.421271 0.000000
152852 47.523467 -5.135870 20.183846 0.000000
