#!ascii label  , from subject fsaverage vox2ras=TkReg
694
152 20.920163 -18.433473 -21.997406 0.000000
336 24.015470 -13.196650 -28.922904 0.000000
337 23.691532 -4.877576 -31.270670 0.000000
816 20.814631 -7.051249 -28.080960 0.000000
1365 21.835999 -22.654400 -20.900686 0.000000
1367 24.614709 -20.961846 -24.083092 0.000000
1756 21.030284 -15.368504 -25.812640 0.000000
1757 19.141715 -9.965244 -26.380633 0.000000
1758 22.905087 -8.631027 -30.383067 0.000000
1759 28.778186 -6.133577 -30.078067 0.000000
2445 24.139355 -1.217802 -31.928154 0.000000
3285 21.108286 -20.377955 -21.455895 0.000000
3286 23.087704 -21.884975 -22.570878 0.000000
3287 21.670818 -19.432999 -23.304156 0.000000
3886 19.471159 -11.930644 -25.082102 0.000000
3887 19.450970 -9.698764 -25.444631 0.000000
3888 21.930520 -6.023529 -30.026016 0.000000
3889 21.025695 -7.343194 -29.388622 0.000000
3890 23.185895 -6.657441 -30.953799 0.000000
3891 25.780153 -7.606036 -30.129205 0.000000
3892 25.785659 -5.385070 -30.675282 0.000000
5467 23.376770 0.276484 -29.826945 0.000000
5468 22.965653 -1.379691 -30.094504 0.000000
5469 24.257735 0.514769 -32.650473 0.000000
5543 22.021369 -14.116141 -27.606110 0.000000
5544 24.089801 -17.101985 -26.800692 0.000000
5545 25.747116 -15.825066 -27.744912 0.000000
6079 22.619691 -4.732058 -30.308187 0.000000
7070 26.475748 -12.045240 -28.932036 0.000000
7935 20.839408 -16.453521 -22.745294 0.000000
7936 20.766912 -16.973747 -23.964379 0.000000
7937 20.071317 -14.581798 -24.483061 0.000000
7938 19.742790 -12.557281 -26.208043 0.000000
7939 20.615496 -11.300370 -27.894672 0.000000
7940 19.698742 -8.096249 -27.285587 0.000000
7941 20.379654 -9.031201 -28.554896 0.000000
7942 23.148270 -10.801972 -29.677185 0.000000
7943 25.967358 -9.871567 -29.617828 0.000000
9892 22.826167 -3.137729 -30.392199 0.000000
9893 24.009964 -3.081340 -31.532751 0.000000
9894 26.581280 0.714856 -33.169155 0.000000
9895 26.725354 -1.192337 -31.934546 0.000000
9896 26.419770 -3.273242 -31.001284 0.000000
9897 29.071841 -4.018112 -31.088949 0.000000
9982 22.686681 -18.307964 -25.249212 0.000000
10961 21.319350 -18.169722 -21.311614 0.000000
10963 21.179864 -19.051924 -20.932647 0.000000
10965 20.964211 -19.354783 -21.672317 0.000000
10966 21.324856 -19.923212 -22.332540 0.000000
10967 21.055978 -18.842742 -22.608318 0.000000
11568 22.725223 -5.498756 -30.779384 0.000000
11569 22.412297 -6.263634 -30.624144 0.000000
11570 23.429078 -5.757959 -31.096254 0.000000
11571 24.511013 -6.122663 -30.941928 0.000000
11572 24.613792 -5.102219 -31.127302 0.000000
13147 24.001705 1.209617 -31.474308 0.000000
13148 23.560305 0.440191 -31.372032 0.000000
13149 24.364185 1.350588 -32.800234 0.000000
13223 22.947300 -13.721423 -28.442576 0.000000
13224 23.845701 -15.110209 -27.994208 0.000000
13225 24.809256 -14.501763 -28.405136 0.000000
13971 22.392108 -5.485113 -29.700927 0.000000
13972 22.735318 -4.888490 -29.703667 0.000000
15611 21.011012 -21.864056 -20.022215 0.000000
15613 21.250525 -22.967264 -19.837754 0.000000
15615 22.389355 -23.824909 -20.516241 0.000000
15617 23.145517 -23.473848 -21.339009 0.000000
15618 23.824594 -21.427503 -23.373557 0.000000
15619 24.678946 -22.653491 -22.726118 0.000000
17416 20.377819 -15.532211 -23.648422 0.000000
17417 20.202544 -14.449922 -23.966205 0.000000
17418 19.061878 -10.845627 -25.680230 0.000000
17419 19.377557 -12.098899 -25.587999 0.000000
17420 19.265601 -11.200327 -26.248223 0.000000
17421 19.935501 -11.794221 -26.918491 0.000000
17422 19.587704 -10.494565 -27.062773 0.000000
17424 19.897877 -8.148999 -26.774210 0.000000
17425 20.148401 -7.448695 -27.653595 0.000000
17426 21.763503 -7.922537 -30.062543 0.000000
17427 20.619167 -8.091702 -29.024267 0.000000
17428 21.548768 -8.846576 -29.658921 0.000000
17429 21.492790 -9.897942 -29.256212 0.000000
17430 22.876639 -9.673299 -30.040627 0.000000
17431 24.555978 -10.409073 -29.856166 0.000000
17432 24.394468 -9.310414 -30.217783 0.000000
17433 27.264945 -6.833882 -29.798637 0.000000
17434 27.429209 -7.989839 -29.448892 0.000000
22165 23.241873 -1.274191 -31.261538 0.000000
22166 22.883981 -2.297363 -30.242438 0.000000
22167 23.151941 -2.166397 -31.267018 0.000000
22168 23.164788 -3.058603 -31.175700 0.000000
22169 24.065942 -2.165487 -31.745520 0.000000
22176 26.623493 -2.223695 -31.370206 0.000000
22177 27.973388 -2.438333 -31.307197 0.000000
22178 27.808207 -3.505161 -30.739204 0.000000
22388 20.830231 -16.189770 -24.899467 0.000000
22389 21.440483 -17.554000 -24.622776 0.000000
22390 21.814893 -16.905536 -25.587999 0.000000
22391 25.891191 -17.843216 -26.556875 0.000000
22392 25.120347 -18.462577 -26.063762 0.000000
24344 20.965129 -20.824513 -20.258726 0.000000
24345 21.353304 -21.477525 -21.209338 0.000000
24346 22.416886 -22.290606 -21.778245 0.000000
24347 21.791951 -21.089174 -22.134382 0.000000
24348 22.292082 -20.644435 -23.005548 0.000000
24349 22.906922 -20.184235 -23.857538 0.000000
25427 19.955690 -12.077981 -24.708614 0.000000
25428 19.304143 -10.735579 -25.250126 0.000000
25429 19.116938 -9.678756 -25.852819 0.000000
25430 21.324856 -6.525566 -29.079970 0.000000
25431 20.670556 -7.003046 -28.664477 0.000000
25432 21.483613 -6.649256 -29.793158 0.000000
25433 22.047064 -7.050340 -30.451555 0.000000
25434 23.083115 -7.639687 -30.708156 0.000000
25435 24.402727 -8.266323 -30.489908 0.000000
25436 24.385292 -7.173120 -30.732812 0.000000
25437 25.749869 -6.481911 -30.393112 0.000000
25438 27.171343 -5.678834 -30.150208 0.000000
28273 23.461196 -0.971332 -28.501019 0.000000
28275 23.002360 -0.487485 -29.944744 0.000000
28276 23.342816 -0.402903 -31.340984 0.000000
28277 24.108155 -0.375618 -32.246851 0.000000
28409 21.423965 -14.634548 -26.709375 0.000000
28410 22.361825 -16.201593 -26.464645 0.000000
28411 23.045491 -15.613155 -27.290152 0.000000
28412 24.819350 -16.480806 -27.370512 0.000000
29542 21.557945 -6.766580 -28.521109 0.000000
29543 21.906660 -6.070823 -29.368532 0.000000
29544 22.341637 -5.388708 -30.226914 0.000000
29545 22.945465 -4.727511 -30.880746 0.000000
31850 23.924620 -23.121876 -22.038499 0.000000
31856 25.335999 -12.671876 -29.037964 0.000000
31857 25.900368 -13.861484 -28.544851 0.000000
34155 20.894468 -17.441223 -22.348977 0.000000
34156 20.832984 -17.691332 -23.032943 0.000000
34157 20.611825 -16.658155 -23.310548 0.000000
34158 20.389749 -15.761402 -24.231939 0.000000
34159 20.320006 -14.827359 -25.144198 0.000000
34160 19.722601 -13.233029 -24.918644 0.000000
34161 19.828134 -13.489504 -25.390754 0.000000
34162 20.360383 -13.933334 -25.977011 0.000000
34163 20.604484 -13.206654 -26.882878 0.000000
34164 21.160593 -12.687337 -27.759523 0.000000
34165 22.206739 -12.316267 -28.680001 0.000000
34167 19.430782 -8.763812 -26.209870 0.000000
34168 19.310567 -8.954804 -26.773297 0.000000
34169 20.169507 -7.616040 -28.296468 0.000000
34170 19.829051 -8.439126 -27.927547 0.000000
34171 19.624410 -9.413186 -27.377817 0.000000
34172 20.334688 -10.099848 -28.134837 0.000000
34173 21.714867 -11.055718 -28.906467 0.000000
34174 23.426325 -11.957020 -29.301871 0.000000
34175 24.838621 -11.517738 -29.477200 0.000000
34176 26.274778 -10.944761 -29.248907 0.000000
34178 25.882932 -8.725614 -29.889041 0.000000
39915 22.755506 -3.958085 -30.417767 0.000000
39916 23.102386 -3.932620 -31.065206 0.000000
39917 23.870478 -3.972637 -31.376598 0.000000
39919 25.310305 0.552058 -33.058661 0.000000
39920 25.348847 -0.284669 -32.573767 0.000000
39922 26.713425 -0.221005 -32.554590 0.000000
39923 25.331411 -1.191427 -32.068783 0.000000
39924 25.292869 -2.161850 -31.684337 0.000000
39925 25.074463 -3.149552 -31.445086 0.000000
39926 24.888176 -4.166358 -31.241449 0.000000
39927 26.158233 -4.356441 -30.790342 0.000000
39928 27.492528 -4.612006 -30.396764 0.000000
39929 28.961721 -5.088577 -30.520043 0.000000
40180 21.192711 -18.197916 -23.602763 0.000000
40181 22.126901 -18.872755 -24.280337 0.000000
40182 23.612612 -19.664009 -24.734183 0.000000
40183 23.355664 -17.714069 -26.063762 0.000000
40184 24.359597 -19.076480 -25.464721 0.000000
41681 21.052308 -18.259761 -21.627571 0.000000
41682 21.224830 -18.597181 -21.128066 0.000000
41683 21.027531 -18.753612 -21.461374 0.000000
41684 21.010095 -19.171067 -21.302482 0.000000
41685 20.947693 -18.881850 -21.822077 0.000000
41686 20.986235 -19.094670 -22.120684 0.000000
41687 20.939434 -18.619918 -22.288708 0.000000
42288 23.251967 -5.179526 -31.104473 0.000000
42289 23.022549 -5.603347 -30.954713 0.000000
42290 23.632801 -5.332320 -31.206748 0.000000
42291 24.074201 -5.484204 -31.192137 0.000000
42292 24.100813 -4.983986 -31.256973 0.000000
43868 24.130179 1.272372 -32.203019 0.000000
43943 23.325381 -13.412198 -28.620644 0.000000
43944 23.875984 -14.147063 -28.484582 0.000000
43945 24.359597 -13.881493 -28.645300 0.000000
46331 21.279890 -22.225123 -20.476974 0.000000
46332 21.139487 -22.403382 -19.951900 0.000000
46333 21.511144 -22.810832 -20.396615 0.000000
46334 21.722208 -23.399270 -20.226765 0.000000
46335 22.082853 -23.218282 -20.726270 0.000000
46336 22.767436 -23.683030 -20.945432 0.000000
46337 22.445333 -23.059122 -21.156374 0.000000
46338 24.232958 -21.187398 -23.734260 0.000000
46339 24.643157 -21.837681 -23.409170 0.000000
46340 25.047851 -21.576659 -23.684035 0.000000
46342 25.448873 -21.304722 -23.998166 0.000000
48136 20.465915 -15.021080 -23.565323 0.000000
48137 20.444809 -14.475388 -23.758915 0.000000
48138 19.064631 -10.407254 -26.027235 0.000000
48139 19.104091 -11.006606 -25.939571 0.000000
48140 19.174751 -10.556410 -26.322190 0.000000
48141 19.392240 -10.815614 -26.660977 0.000000
48142 19.311484 -10.198982 -26.702983 0.000000
48144 20.273204 -7.505992 -27.377817 0.000000
48145 20.448480 -7.209500 -27.811574 0.000000
48146 22.315024 -8.289060 -30.288097 0.000000
48147 21.601993 -8.347267 -29.843382 0.000000
48148 22.273729 -8.764722 -30.058891 0.000000
48149 22.208574 -9.300409 -29.962094 0.000000
48150 22.911511 -9.156710 -30.206825 0.000000
48151 23.624542 -9.550518 -30.235133 0.000000
48152 23.600682 -8.971175 -30.381240 0.000000
48153 28.086262 -6.469178 -29.876256 0.000000
48154 28.096356 -7.025784 -29.556646 0.000000
52885 23.616283 -1.270553 -31.675206 0.000000
52886 23.221684 -1.721658 -31.216793 0.000000
52887 23.602518 -1.673455 -31.613110 0.000000
52888 23.566728 -2.153664 -31.571104 0.000000
52889 24.084295 -1.661632 -31.866059 0.000000
52896 28.000918 -1.891732 -31.651463 0.000000
52897 28.582722 -2.078177 -31.809442 0.000000
52898 28.573545 -2.639330 -31.452391 0.000000
53108 20.909151 -15.762311 -25.356967 0.000000
53109 21.268878 -16.513547 -25.228209 0.000000
53110 21.410200 -16.111554 -25.699406 0.000000
53111 26.689565 -18.184274 -26.318537 0.000000
53112 26.337179 -18.502594 -26.111247 0.000000
55931 21.011930 -20.107838 -21.003875 0.000000
55932 21.012848 -20.332481 -20.471495 0.000000
55933 21.022025 -20.591685 -20.897947 0.000000
55934 21.077085 -21.131920 -20.731749 0.000000
55935 21.220242 -20.930923 -21.358186 0.000000
55936 21.572628 -21.283804 -21.673230 0.000000
55937 21.354222 -20.698095 -21.825730 0.000000
55938 21.467095 -19.668556 -22.827480 0.000000
55939 21.698349 -20.274274 -22.675893 0.000000
55940 21.929602 -20.040536 -23.119695 0.000000
55941 22.533430 -20.435253 -23.403691 0.000000
55942 22.185632 -19.799522 -23.583586 0.000000
57738 19.667541 -10.356323 -25.251039 0.000000
57739 19.560173 -10.809248 -25.127761 0.000000
57740 19.360121 -10.215353 -25.344182 0.000000
57741 19.127032 -10.180792 -25.498508 0.000000
57742 19.250918 -9.650562 -25.638224 0.000000
57743 21.613923 -6.299104 -29.584954 0.000000
57744 21.357892 -6.544665 -29.431541 0.000000
57745 21.723126 -6.371863 -29.902738 0.000000
57746 22.751836 -6.430070 -30.867961 0.000000
57747 22.248952 -6.642890 -30.567528 0.000000
57748 22.641715 -6.865714 -30.745596 0.000000
57749 22.554536 -7.348651 -30.639668 0.000000
57750 23.131752 -7.152202 -30.839653 0.000000
57751 23.745674 -7.436871 -30.776644 0.000000
57752 23.745674 -6.913007 -30.897183 0.000000
57753 25.106582 -5.766145 -30.819563 0.000000
57754 25.139618 -6.320931 -30.701764 0.000000
57755 25.757211 -5.925305 -30.549264 0.000000
57756 26.465653 -6.089012 -30.258875 0.000000
57757 26.432617 -5.521493 -30.381240 0.000000
62478 23.681437 0.561153 -29.601391 0.000000
62480 23.551128 0.020009 -28.869027 0.000000
62482 23.310698 -0.236467 -29.109192 0.000000
62483 23.186812 -0.706671 -29.171287 0.000000
62484 23.198742 -0.097315 -29.857993 0.000000
62485 23.860383 0.481118 -32.051432 0.000000
62486 23.414395 0.025466 -31.382990 0.000000
62487 23.687861 0.040017 -31.981118 0.000000
62488 23.664002 -0.391079 -31.908064 0.000000
62489 24.169639 0.073668 -32.433138 0.000000
62708 21.753409 -14.377163 -27.161395 0.000000
62709 22.242528 -15.162050 -27.059120 0.000000
62710 22.596749 -14.893752 -27.485571 0.000000
62711 24.840457 -15.541306 -27.985990 0.000000
62712 24.423834 -15.802329 -27.712038 0.000000
62713 25.281857 -16.187951 -27.597891 0.000000
62714 25.795753 -16.818225 -27.194269 0.000000
64949 21.843341 -7.028512 -28.361303 0.000000
64950 21.891060 -6.588321 -28.697351 0.000000
64951 21.670818 -6.377320 -28.945734 0.000000
64952 22.000263 -6.193603 -29.128368 0.000000
64953 22.504982 -5.060383 -30.020537 0.000000
64954 22.321448 -5.404169 -29.968487 0.000000
64955 22.545360 -5.018547 -30.293576 0.000000
64956 22.693105 -5.049469 -30.601315 0.000000
64957 22.714211 -4.701136 -30.607707 0.000000
69893 22.754589 -22.107799 -22.181867 0.000000
69894 23.106057 -22.696237 -21.941703 0.000000
69895 23.485973 -22.497059 -22.347151 0.000000
69897 25.100158 -23.215553 -22.336193 0.000000
69908 25.960934 -12.411763 -28.990479 0.000000
75283 21.144075 -16.951920 -22.180954 0.000000
75285 20.871526 -16.966471 -22.509696 0.000000
75286 20.730205 -17.049235 -22.833872 0.000000
75287 20.673309 -16.541741 -23.031117 0.000000
75288 20.194285 -15.062007 -24.074873 0.000000
75289 20.324594 -15.619522 -23.926939 0.000000
75290 20.221815 -15.165688 -24.356130 0.000000
75291 20.316335 -15.296654 -24.684872 0.000000
75292 20.132801 -14.674565 -24.831893 0.000000
75293 19.784085 -12.554552 -24.801758 0.000000
75294 19.885029 -13.212111 -24.665695 0.000000
75295 19.636340 -12.568195 -25.030964 0.000000
75296 19.507866 -12.321724 -25.889346 0.000000
75297 19.628999 -12.809208 -25.572475 0.000000
75298 19.754720 -12.977463 -25.831816 0.000000
75299 20.018092 -13.681406 -25.640963 0.000000
75300 20.037363 -13.234848 -26.124031 0.000000
75301 20.443891 -13.528612 -26.446381 0.000000
75302 20.061222 -12.825579 -26.523088 0.000000
75303 20.166754 -11.481358 -27.349509 0.000000
75304 20.467751 -12.202581 -27.364119 0.000000
75305 20.892633 -12.014317 -27.772307 0.000000
75306 21.702019 -12.541819 -28.249896 0.000000
75307 21.329445 -11.787855 -28.290989 0.000000
75311 19.742790 -8.078969 -26.976021 0.000000
75312 19.660200 -8.426393 -26.493866 0.000000
75313 19.528055 -8.420936 -26.712114 0.000000
75314 19.339932 -8.827476 -26.478342 0.000000
75315 19.434452 -8.503699 -27.000677 0.000000
75316 20.831149 -7.153112 -29.037964 0.000000
75317 20.407184 -7.295901 -28.472710 0.000000
75318 20.509964 -7.445057 -28.783189 0.000000
75319 20.476928 -8.547355 -28.774970 0.000000
75320 20.184190 -8.229944 -28.423399 0.000000
75321 20.023598 -8.698329 -28.209717 0.000000
75322 19.678553 -8.920244 -27.670945 0.000000
75323 19.963949 -9.211280 -28.018864 0.000000
75324 19.922654 -9.728778 -27.731215 0.000000
75325 20.354877 -9.564160 -28.350345 0.000000
75326 22.247116 -10.339043 -29.500029 0.000000
75327 21.542344 -10.440905 -29.081796 0.000000
75328 22.385685 -10.945671 -29.394101 0.000000
75329 22.613267 -11.560483 -29.230643 0.000000
75330 23.294180 -11.394047 -29.526511 0.000000
75331 24.213687 -11.787855 -29.482679 0.000000
75332 23.935632 -11.193051 -29.721017 0.000000
75333 25.248821 -10.146232 -29.752978 0.000000
75334 25.425014 -10.681919 -29.542948 0.000000
75335 26.127950 -10.405436 -29.397754 0.000000
75336 27.008915 -10.650087 -29.056228 0.000000
75337 26.778579 -10.064378 -29.285434 0.000000
75338 25.147877 -7.972559 -30.323711 0.000000
75339 25.092816 -8.503699 -30.204085 0.000000
75340 25.770976 -8.130810 -30.001361 0.000000
89535 23.041820 -1.550675 -29.410538 0.000000
89537 23.010619 -2.023608 -29.545688 0.000000
89538 22.840850 -2.737554 -30.319145 0.000000
89539 22.907840 -2.816680 -29.749325 0.000000
89540 22.890404 -3.247776 -29.884475 0.000000
89542 22.826167 -3.667959 -29.963921 0.000000
89543 22.743577 -4.028116 -30.030582 0.000000
89544 22.829838 -3.601567 -30.387633 0.000000
89545 23.516256 -3.044961 -31.440520 0.000000
89546 23.169376 -3.522441 -31.122736 0.000000
89547 23.489644 -3.503342 -31.349203 0.000000
89548 23.431831 -3.907154 -31.283455 0.000000
89549 23.886996 -3.522441 -31.482526 0.000000
89554 25.844390 1.126854 -33.427583 0.000000
89555 25.973781 0.636641 -33.130802 0.000000
89556 25.387389 0.153703 -32.811192 0.000000
89557 26.032512 0.204634 -32.855024 0.000000
89561 27.436550 -0.751236 -32.217630 0.000000
89562 27.370478 -0.251928 -32.558243 0.000000
89563 26.721684 -0.705762 -32.249591 0.000000
89564 26.084820 -0.695757 -32.303468 0.000000
89565 26.029759 -1.185061 -32.002121 0.000000
89566 25.327740 -1.633438 -31.876103 0.000000
89567 26.006818 -1.654356 -31.753738 0.000000
89568 26.563844 -2.751197 -31.183919 0.000000
89569 25.852649 -2.694809 -31.388469 0.000000
89570 25.747116 -3.205940 -31.250580 0.000000
89571 24.983613 -3.648860 -31.344637 0.000000
89572 25.631490 -3.722528 -31.126389 0.000000
89573 25.532381 -4.255488 -31.016808 0.000000
89574 26.270189 -3.804382 -30.885312 0.000000
89575 28.509308 -3.739809 -30.838740 0.000000
89576 27.690745 -4.089961 -30.543785 0.000000
89577 28.395517 -4.290048 -30.583052 0.000000
89578 28.250525 -4.819369 -30.378501 0.000000
89579 29.066335 -4.574717 -30.795821 0.000000
90203 20.749476 -17.328447 -23.469440 0.000000
90204 20.937599 -17.904152 -23.348901 0.000000
90205 20.982565 -17.565823 -23.810053 0.000000
90206 22.019534 -17.909609 -24.984393 0.000000
90207 21.756162 -18.204283 -24.439229 0.000000
90208 22.426980 -18.599000 -24.730531 0.000000
90209 22.868380 -19.297485 -24.546070 0.000000
90210 23.130834 -19.010088 -24.954258 0.000000
90211 23.221684 -16.670888 -26.702069 0.000000
90212 22.860121 -17.000122 -26.297534 0.000000
90213 23.729156 -17.424853 -26.456426 0.000000
90214 25.554405 -19.131049 -25.680230 0.000000
90215 24.654169 -18.789992 -25.779766 0.000000
90216 25.181831 -19.451189 -25.389841 0.000000
90217 24.942318 -19.741315 -25.126847 0.000000
93464 20.997247 -19.648547 -21.121674 0.000000
93465 21.029366 -19.866824 -21.533515 0.000000
93466 21.194547 -20.148765 -21.884173 0.000000
93467 21.079838 -19.618534 -22.010191 0.000000
93468 21.170687 -19.364787 -22.477735 0.000000
93469 21.281726 -19.113769 -22.967195 0.000000
94550 22.359990 -5.791610 -30.432378 0.000000
94551 22.137913 -6.130849 -30.340148 0.000000
94552 22.580231 -5.879830 -30.731899 0.000000
94553 22.908758 -6.024439 -30.902662 0.000000
94554 23.327216 -6.206336 -30.983934 0.000000
94555 23.829182 -6.423703 -30.971150 0.000000
94556 23.937468 -5.936219 -31.077078 0.000000
94557 24.541296 -5.607894 -31.055162 0.000000
94558 25.175407 -5.239552 -30.931883 0.000000
97392 23.922785 1.075923 -30.482603 0.000000
97393 23.652989 0.729408 -30.566614 0.000000
97394 23.351075 0.399265 -30.610447 0.000000
97395 23.753933 0.840366 -31.403080 0.000000
97396 23.968669 0.904030 -32.158274 0.000000
97397 24.340326 0.939500 -32.710743 0.000000
97529 22.466440 -13.906959 -28.031648 0.000000
97530 22.903252 -14.634548 -27.859972 0.000000
97531 23.364841 -14.388987 -28.221588 0.000000
97532 24.322890 -14.841911 -28.281857 0.000000
97533 25.269009 -15.172964 -28.100136 0.000000
98877 22.599502 -5.180435 -29.717364 0.000000
98878 22.628868 -4.794813 -30.007753 0.000000
101827 20.934846 -21.520271 -19.563802 0.000000
101828 20.977059 -21.692163 -18.986677 0.000000
101829 20.952281 -22.017760 -19.449656 0.000000
101830 21.006424 -22.556176 -19.367470 0.000000
101835 22.675669 -24.373330 -20.300732 0.000000
101837 23.052832 -24.238726 -20.653217 0.000000
101838 23.473126 -24.071380 -21.004788 0.000000
101840 23.442843 -21.656694 -23.019246 0.000000
101841 23.877819 -22.298791 -22.698722 0.000000
101842 24.284348 -22.060506 -23.052120 0.000000
105075 20.771500 -15.963308 -22.982719 0.000000
105076 20.583377 -15.964217 -23.264889 0.000000
105077 20.526482 -15.507655 -23.399125 0.000000
105078 20.265863 -14.997433 -23.828316 0.000000
105079 20.107106 -14.499944 -24.212762 0.000000
105080 19.189434 -11.364034 -25.324093 0.000000
105081 19.386733 -11.981576 -25.322266 0.000000
105082 19.163739 -11.478630 -25.611742 0.000000
105083 19.294966 -11.635061 -25.917655 0.000000
105084 19.477583 -11.866980 -26.214436 0.000000
105085 19.740037 -12.151650 -26.551396 0.000000
105086 19.517043 -11.463168 -26.525827 0.000000
105087 19.741872 -11.118473 -27.001590 0.000000
105088 20.032774 -10.862907 -27.435347 0.000000
105092 19.980467 -7.775200 -27.214359 0.000000
105093 19.911642 -7.772472 -27.502922 0.000000
105094 21.292738 -7.583299 -29.717364 0.000000
105095 20.820137 -7.703351 -29.223338 0.000000
105096 21.153252 -8.003482 -29.540209 0.000000
105097 21.011012 -8.430031 -29.343877 0.000000
105098 20.838490 -8.859308 -29.093668 0.000000
105099 20.853173 -9.427737 -28.929297 0.000000
105100 21.436812 -9.305866 -29.435194 0.000000
105101 22.146172 -9.768795 -29.697274 0.000000
105102 22.908758 -10.221719 -29.859819 0.000000
105103 23.739251 -10.604613 -29.831511 0.000000
105104 23.663084 -10.053464 -29.984924 0.000000
105105 24.460541 -9.877024 -30.049759 0.000000
105106 25.202019 -9.624187 -29.944744 0.000000
105107 26.446382 -7.208590 -29.960268 0.000000
105108 26.589539 -7.817946 -29.790418 0.000000
105109 27.329183 -7.415044 -29.670792 0.000000
105110 28.192712 -7.628773 -29.486332 0.000000
113625 23.027137 -1.300566 -30.719114 0.000000
113626 22.897746 -1.859900 -30.182169 0.000000
113627 22.974830 -1.800783 -30.735551 0.000000
113628 22.945465 -2.230970 -30.751075 0.000000
113629 22.929864 -2.684804 -30.793994 0.000000
113630 22.917934 -3.091345 -30.811345 0.000000
113631 23.140011 -2.647515 -31.195790 0.000000
113632 23.487809 -2.637511 -31.491658 0.000000
113633 24.012717 -2.621140 -31.628634 0.000000
113643 27.406267 -1.241449 -31.891627 0.000000
113644 26.654694 -1.710744 -31.650550 0.000000
113645 27.341112 -1.790779 -31.613110 0.000000
113646 27.337442 -2.304639 -31.267018 0.000000
113647 27.259439 -2.839417 -31.020461 0.000000
113648 27.112612 -3.370557 -30.823216 0.000000
113649 27.903645 -2.966745 -30.988500 0.000000
113650 28.522156 -3.197755 -31.136434 0.000000
114026 20.799948 -16.576302 -24.480321 0.000000
114027 21.028448 -17.238408 -24.263900 0.000000
114028 21.137651 -16.881889 -24.771623 0.000000
114029 21.599240 -17.241136 -25.086668 0.000000
114030 22.243446 -17.625849 -25.439152 0.000000
114031 24.993708 -17.514892 -26.783342 0.000000
114032 24.638569 -17.810475 -26.447294 0.000000
114033 25.510357 -18.141528 -26.317624 0.000000
114034 25.952675 -18.837285 -25.889346 0.000000
118242 20.973388 -21.046428 -19.654206 0.000000
118243 20.977976 -21.360201 -20.144580 0.000000
118244 21.165181 -21.685797 -20.621256 0.000000
118245 21.555192 -22.068691 -21.027617 0.000000
118246 22.094783 -22.459770 -21.319832 0.000000
118247 21.822234 -21.882246 -21.509772 0.000000
118248 22.072759 -21.668517 -21.959053 0.000000
118249 22.356319 -21.461154 -22.401941 0.000000
118250 21.523073 -20.488003 -22.261313 0.000000
118251 22.023204 -20.849979 -22.590968 0.000000
118252 22.666492 -21.248334 -22.824740 0.000000
118253 22.992266 -21.030967 -23.253018 0.000000
118254 23.367594 -20.809052 -23.622853 0.000000
118255 23.733745 -20.577133 -24.009125 0.000000
120769 19.640011 -11.928825 -24.876638 0.000000
120771 19.551914 -11.325836 -24.981653 0.000000
120772 19.313320 -11.300370 -25.120455 0.000000
120773 19.110514 -10.742855 -25.441892 0.000000
120774 19.062795 -10.269013 -25.747805 0.000000
120775 19.047195 -9.766066 -26.113987 0.000000
120776 21.051390 -6.779313 -28.586857 0.000000
120777 20.720111 -6.989404 -28.368609 0.000000
120778 21.042213 -6.780222 -28.945734 0.000000
120779 21.089015 -6.849343 -29.285434 0.000000
120780 21.214736 -6.998499 -29.600478 0.000000
120781 21.918590 -6.488277 -30.262528 0.000000
120782 21.707525 -6.815692 -30.147468 0.000000
120783 21.490037 -7.211319 -29.936526 0.000000
120784 21.886471 -7.484165 -30.215956 0.000000
120785 22.358155 -7.781567 -30.424160 0.000000
120786 22.975748 -8.132629 -30.576659 0.000000
120787 23.634636 -8.452768 -30.516390 0.000000
120788 23.680520 -7.944365 -30.664324 0.000000
120789 24.462376 -7.730636 -30.584878 0.000000
120790 25.033168 -7.387759 -30.454294 0.000000
120791 24.505507 -6.670174 -30.801300 0.000000
120792 25.157971 -6.878447 -30.552917 0.000000
120793 25.802177 -7.054887 -30.268007 0.000000
120794 26.484007 -6.654713 -30.084459 0.000000
120795 27.222733 -6.251810 -29.973052 0.000000
120796 28.000001 -5.873464 -30.005013 0.000000
127415 23.018878 -0.934952 -30.032409 0.000000
127416 23.229943 -0.016371 -30.610447 0.000000
127417 23.122575 -0.430187 -30.676195 0.000000
127418 23.055585 -0.844913 -30.713635 0.000000
127419 23.253802 -0.813990 -31.247841 0.000000
127420 23.623624 -0.792163 -31.732735 0.000000
127421 24.128343 -0.765788 -32.098917 0.000000
127727 21.222077 -14.995614 -26.258268 0.000000
127728 21.624017 -15.755945 -26.143208 0.000000
127729 21.865365 -15.422163 -26.608926 0.000000
127730 22.722470 -15.889639 -26.898402 0.000000
127731 23.513503 -16.374396 -27.052728 0.000000
127732 23.487809 -15.393969 -27.693775 0.000000
127733 23.910855 -16.083360 -27.415257 0.000000
127734 24.470635 -16.834596 -27.137653 0.000000
127735 25.353435 -17.155645 -26.993371 0.000000
130654 21.189041 -6.916645 -28.315645 0.000000
130655 21.401023 -6.608329 -28.771318 0.000000
130656 21.584557 -6.290918 -29.272649 0.000000
130657 21.887389 -6.019891 -29.654355 0.000000
130658 22.175538 -5.823442 -29.544775 0.000000
130659 22.148008 -5.740679 -29.792244 0.000000
130660 22.217751 -5.746136 -30.109115 0.000000
130661 22.501311 -5.437820 -30.548351 0.000000
130662 22.921605 -5.114952 -30.892617 0.000000
130663 23.289591 -4.792994 -31.112691 0.000000
136916 22.748165 -22.883591 -21.529862 0.000000
136917 23.539198 -23.294679 -21.694233 0.000000
136919 24.297195 -22.884500 -22.408334 0.000000
136934 24.700971 -12.958364 -29.024267 0.000000
136935 24.955166 -13.555897 -28.776797 0.000000
136936 25.547982 -13.273047 -28.795973 0.000000
143534 21.079838 -17.797742 -21.840340 0.000000
143535 20.914657 -17.911428 -22.147166 0.000000
143536 20.867856 -18.037847 -22.577270 0.000000
143537 20.785265 -17.520349 -22.716073 0.000000
143538 20.708181 -17.163830 -23.150743 0.000000
143539 20.612743 -16.768203 -23.663945 0.000000
143540 20.476928 -16.064261 -23.545233 0.000000
143541 20.449397 -16.214326 -23.818272 0.000000
143542 20.580624 -16.393495 -24.122358 0.000000
143543 20.544835 -15.952394 -24.550636 0.000000
143544 20.569612 -15.500379 -25.025485 0.000000
143545 20.625590 -15.080196 -25.472026 0.000000
143546 20.115365 -13.828743 -24.225546 0.000000
143547 19.965784 -13.866032 -24.432836 0.000000
143548 19.909806 -13.924239 -24.694004 0.000000
143549 19.592292 -12.673695 -25.292132 0.000000
143550 19.742790 -13.346715 -25.141458 0.000000
143551 19.954772 -14.024282 -24.978000 0.000000
143552 20.092423 -14.197085 -25.222730 0.000000
143553 20.331935 -14.361702 -25.571562 0.000000
143554 20.703592 -14.623634 -25.916741 0.000000
143555 20.843079 -14.256202 -26.357804 0.000000
143556 21.028448 -13.928786 -26.818042 0.000000
143557 21.265208 -13.634113 -27.265497 0.000000
143558 20.203461 -12.505440 -26.921231 0.000000
143559 20.788936 -12.914709 -27.282847 0.000000
143560 21.605664 -13.398556 -27.721170 0.000000
143561 22.003933 -13.213930 -28.105615 0.000000
143562 22.465522 -12.968369 -28.556722 0.000000
143563 23.095963 -12.786471 -28.859896 0.000000
143566 19.675800 -9.302228 -25.657400 0.000000
143569 19.438123 -9.192180 -25.806248 0.000000
143570 19.254589 -9.160348 -26.040933 0.000000
143571 19.152727 -9.227650 -26.289316 0.000000
143572 19.195858 -9.401362 -26.529480 0.000000
143573 20.380572 -7.214957 -28.135750 0.000000
143574 20.100682 -7.482346 -27.999687 0.000000
143575 19.894206 -7.827041 -27.772307 0.000000
143576 20.321841 -7.804304 -28.611513 0.000000
143577 19.966702 -7.953460 -28.072741 0.000000
143578 19.720766 -8.234491 -27.619808 0.000000
143579 19.520714 -8.692872 -27.346769 0.000000
143580 19.399581 -9.128516 -27.084689 0.000000
143581 19.342685 -9.631462 -26.832653 0.000000
143582 19.592292 -9.914313 -27.205227 0.000000
143583 19.954772 -10.249004 -27.597891 0.000000
143584 20.436550 -10.641902 -27.960421 0.000000
143585 20.857761 -9.948873 -28.689132 0.000000
143586 20.998165 -10.597337 -28.582291 0.000000
143587 21.173440 -11.190322 -28.426139 0.000000
143588 21.983745 -11.704182 -28.825195 0.000000
143589 22.809649 -12.130731 -29.048922 0.000000
143590 23.623624 -12.535453 -29.143892 0.000000
143591 24.406398 -12.351737 -29.226078 0.000000
143592 25.078134 -12.107085 -29.263518 0.000000
143593 25.720504 -11.813321 -29.205075 0.000000
143594 24.649581 -10.936576 -29.677185 0.000000
143595 25.447955 -11.204874 -29.437934 0.000000
143596 26.383063 -11.525923 -29.121976 0.000000
143600 24.384374 -8.784731 -30.354758 0.000000
143601 25.144206 -9.077585 -30.084459 0.000000
143603 26.613399 -8.362729 -29.677185 0.000000
143605 26.762979 -9.520505 -29.400493 0.000000
160695 22.943629 -2.396497 -29.738367 0.000000
160702 22.711458 -4.404643 -30.041540 0.000000
160703 22.684846 -4.339160 -30.398591 0.000000
160704 22.939041 -3.552454 -30.796734 0.000000
160705 22.883981 -3.934439 -30.765686 0.000000
160706 22.798637 -4.320971 -30.683500 0.000000
160707 23.057420 -4.313695 -30.975716 0.000000
160708 23.400630 -4.335522 -31.217706 0.000000
160709 23.803488 -4.413738 -31.315416 0.000000
160711 24.768878 1.410614 -33.240383 0.000000
160712 24.757866 0.964056 -33.089709 0.000000
160714 25.243315 1.038634 -33.295173 0.000000
160715 24.750525 0.514769 -32.917120 0.000000
160716 24.761537 0.092768 -32.707090 0.000000
160717 24.701888 -0.329234 -32.455055 0.000000
160718 24.743183 -0.750326 -32.292510 0.000000
160724 26.673965 0.251018 -32.856850 0.000000
160725 26.032512 -0.252837 -32.580159 0.000000
160726 25.402072 -0.713947 -32.317166 0.000000
160727 24.738595 -1.186880 -32.062391 0.000000
160728 24.694547 -1.639804 -31.917196 0.000000
160729 24.624804 -2.160940 -31.813095 0.000000
160730 24.589015 -2.631145 -31.649637 0.000000
160731 25.963687 -2.187315 -31.528185 0.000000
160732 25.224961 -2.666615 -31.582062 0.000000
160733 24.506424 -3.105897 -31.541882 0.000000
160734 24.382538 -3.586105 -31.484353 0.000000
160735 24.368773 -4.061767 -31.365640 0.000000
160736 24.250394 -4.518329 -31.292586 0.000000
160737 24.767961 -4.632924 -31.176613 0.000000
160738 25.340588 -4.740244 -30.979368 0.000000
160739 25.957263 -4.837559 -30.692632 0.000000
160740 26.977714 -3.936258 -30.646974 0.000000
160741 26.792345 -4.471945 -30.567528 0.000000
160742 26.652858 -4.968525 -30.446076 0.000000
160743 27.402596 -5.125866 -30.247917 0.000000
160744 28.178947 -5.339595 -30.161166 0.000000
160745 28.915837 -5.618808 -30.285357 0.000000
160751 29.506818 -4.357350 -31.417691 0.000000
160752 29.507735 -4.909408 -31.169308 0.000000
160753 29.563713 -5.440548 -30.873440 0.000000
160754 29.515994 -5.956227 -30.559309 0.000000
161494 20.945858 -18.274313 -22.812869 0.000000
161495 21.083509 -18.543521 -23.044815 0.000000
161496 21.423965 -18.832738 -23.441131 0.000000
161497 21.311091 -17.857768 -24.157972 0.000000
161498 21.577216 -18.525331 -23.961640 0.000000
161499 21.880965 -19.162881 -23.780831 0.000000
161500 22.514159 -19.524857 -24.074873 0.000000
161501 23.309780 -19.925941 -24.294034 0.000000
161502 24.096225 -20.328843 -24.389004 0.000000
161503 22.096618 -16.538103 -26.022669 0.000000
161504 22.508653 -17.301162 -25.873822 0.000000
161505 23.035396 -18.023295 -25.675664 0.000000
161506 24.304536 -18.128795 -26.151427 0.000000
161507 23.909938 -18.427107 -25.824511 0.000000
161508 23.547457 -18.731785 -25.403539 0.000000
161509 23.960409 -19.390253 -25.104931 0.000000
161510 24.500918 -20.038717 -24.781668 0.000000
161511 24.948742 -20.674448 -24.380786 0.000000
161521 25.343341 -14.216184 -28.544851 0.000000
161522 25.752622 -14.837363 -28.222501 0.000000
