#!ascii label  , from subject  vox2ras=TkReg coords=orig
1038
152 16.793393 -17.584013 -22.200130 0.750000
336 21.397352 -12.466332 -28.149447 0.625000
337 15.502229 -4.640200 -26.710288 1.000000
602 18.068957 3.014038 -28.331169 0.250000
816 13.945858 -8.140814 -23.404605 0.875000
1343 20.933928 2.958560 -33.596520 0.125000
1365 19.447300 -21.200131 -21.930745 0.500000
1367 22.125066 -19.304761 -24.502238 0.250000
1755 16.208836 -13.806915 -22.627495 0.125000
1756 18.409413 -15.178421 -25.817206 0.875000
1757 15.274646 -11.360396 -25.127761 1.000000
1758 17.621133 -8.387285 -28.114747 1.000000
1759 23.636471 -5.141327 -29.921002 0.125000
2444 16.517174 -0.563882 -22.945279 0.125000
2445 16.469455 -0.695757 -27.012548 0.750000
2446 22.666492 -0.937681 -31.214054 0.250000
2476 24.976272 -16.689988 -26.189780 0.125000
3284 17.705559 -20.022346 -20.063307 0.125000
3285 17.834033 -19.436637 -22.215654 0.750000
3286 20.684321 -20.378865 -23.305982 0.500000
3287 18.966440 -18.450753 -23.731520 0.750000
3886 15.341636 -12.668238 -23.756176 0.875000
3887 15.052570 -10.768321 -23.364425 0.500000
3888 14.024777 -6.654713 -24.689438 1.000000
3889 14.902072 -8.367276 -25.758763 1.000000
3890 16.225354 -6.694730 -27.519359 1.000000
3891 20.495281 -6.996680 -29.640658 0.500000
3892 18.929733 -4.958521 -29.687230 0.750000
5466 18.158889 0.884930 -22.965369 0.125000
5467 16.724568 1.628890 -24.831893 0.375000
5468 15.287494 -0.246471 -24.140621 0.625000
5469 17.234793 1.155048 -27.628939 0.500000
5471 21.909413 1.144134 -32.298902 0.125000
5472 23.195071 0.261023 -34.771773 0.125000
5473 24.181568 -1.931749 -33.616610 0.125000
5543 19.673965 -13.901502 -27.274628 0.750000
5544 21.584557 -16.088817 -26.530393 0.500000
5545 23.331804 -14.689117 -27.098386 0.125000
6076 14.733220 -8.962080 -23.037509 0.250000
6078 14.167017 -6.149948 -22.233005 0.375000
6079 13.718275 -4.025387 -24.063002 1.000000
7025 19.223388 3.011310 -31.126389 0.250000
7064 18.285527 -21.814944 -19.775658 0.375000
7065 20.692580 -23.144614 -20.955477 0.125000
7067 22.254458 -22.345175 -21.965445 0.125000
7068 23.917279 -21.532094 -23.035683 0.125000
7070 23.761275 -10.987507 -28.144882 0.125000
7071 25.207525 -13.205745 -27.650855 0.125000
7935 16.275826 -15.754126 -22.095116 0.250000
7936 17.284347 -16.469892 -23.976250 0.875000
7937 16.082197 -14.647281 -23.972598 0.875000
7938 16.779628 -13.203926 -25.601697 1.000000
7939 17.589015 -11.766027 -27.131260 1.000000
7940 14.291820 -9.705131 -24.497672 1.000000
7941 16.106975 -9.883390 -26.570573 1.000000
7942 19.420687 -10.228995 -28.532980 0.875000
7943 22.035134 -8.912968 -29.377664 0.375000
9891 15.538018 -2.218238 -22.626582 0.125000
9892 14.214735 -2.294635 -23.547059 0.875000
9893 15.711458 -2.499269 -26.559615 0.875000
9894 19.350027 0.958599 -30.318232 0.375000
9895 19.182093 -1.169600 -29.883562 0.375000
9896 19.203199 -2.982206 -29.523772 0.625000
9897 23.216178 -3.118629 -30.571180 0.125000
9898 25.134112 -4.357350 -32.938123 0.125000
9982 20.007997 -17.246593 -25.187117 0.750000
9983 23.552046 -18.056036 -25.372491 0.125000
10961 17.108155 -17.021950 -21.198380 0.125000
10963 17.062271 -17.987825 -21.180117 0.375000
10964 17.321972 -18.910044 -21.219383 0.375000
10965 17.299030 -18.487133 -22.240310 0.750000
10966 18.378212 -18.980075 -23.006461 0.750000
10967 17.623886 -18.021476 -23.071297 0.750000
11566 15.615103 -11.203055 -23.016506 0.250000
11568 14.778186 -5.590614 -25.832730 1.000000
11569 15.019534 -6.695640 -26.019017 1.000000
11570 15.611432 -5.722489 -27.025332 1.000000
11571 17.356844 -5.812528 -28.655345 0.875000
11572 16.909020 -4.808455 -28.368609 0.875000
13143 18.469979 3.914430 -28.341214 0.125000
13145 17.951495 3.032228 -26.676501 0.250000
13146 17.476141 2.198229 -25.274781 0.125000
13147 17.365103 2.260074 -26.536785 0.250000
13148 16.757604 1.477916 -26.227220 0.625000
13149 17.619298 2.149117 -27.917502 0.375000
13223 20.342030 -13.180279 -27.765915 0.750000
13224 21.391846 -14.306223 -27.385122 0.625000
13225 22.375590 -13.584091 -27.585107 0.500000
13970 14.523991 -5.045831 -22.188259 0.125000
13971 13.526482 -5.167703 -22.965369 0.750000
13972 13.777924 -3.896240 -22.474082 0.500000
15611 18.098322 -20.689000 -21.070536 0.500000
15612 17.944153 -20.874535 -19.969251 0.250000
15613 18.745281 -21.594848 -20.896120 0.500000
15614 19.386733 -22.551628 -20.697962 0.250000
15615 20.046539 -22.180558 -21.484203 0.375000
15616 21.568039 -22.817198 -21.526209 0.125000
15617 20.722864 -21.761284 -22.138035 0.375000
15618 21.350551 -19.915027 -23.906849 0.375000
15619 22.275564 -20.881811 -23.293198 0.375000
15620 22.986760 -20.357037 -23.848406 0.125000
15621 24.587179 -20.953660 -23.541580 0.125000
15622 23.806241 -19.756776 -24.369828 0.125000
15623 25.066204 -10.137137 -28.301947 0.125000
15624 25.687468 -11.426789 -27.898325 0.125000
17413 17.349502 -14.445375 -22.424771 0.125000
17415 16.322627 -14.833725 -22.303319 0.125000
17416 16.055585 -15.145679 -23.051207 0.750000
17417 15.638044 -14.224370 -22.991851 0.750000
17418 15.292082 -12.004313 -24.494932 1.000000
17419 15.814237 -13.018390 -24.664782 1.000000
17420 16.022549 -12.315357 -25.502161 1.000000
17421 17.229287 -12.494526 -26.358717 1.000000
17422 16.207919 -11.534108 -26.039106 1.000000
17423 13.934846 -8.438216 -22.903273 0.500000
17424 14.189041 -9.406819 -23.542494 0.500000
17425 13.866020 -8.857489 -23.911415 0.625000
17426 15.912428 -8.343630 -27.054554 1.000000
17427 15.330624 -9.074857 -26.179735 1.000000
17428 16.763110 -9.274944 -27.416170 1.000000
17429 17.409151 -10.002533 -27.570496 1.000000
17430 18.577347 -9.306776 -28.525674 0.875000
17431 20.760488 -9.529600 -29.040704 0.625000
17432 19.809780 -8.606471 -29.194117 0.625000
17433 22.109466 -6.117206 -29.571257 0.375000
17434 22.924358 -7.049430 -29.756631 0.250000
17435 24.366938 -6.227254 -29.952050 0.125000
22158 17.373362 0.276484 -22.969021 0.125000
22162 17.173309 -1.558860 -23.556191 0.125000
22165 15.710540 -0.410178 -25.458329 0.625000
22166 14.629523 -1.365139 -23.483137 0.750000
22167 15.226927 -1.417890 -25.168853 0.875000
22168 14.942449 -2.355570 -25.165201 1.000000
22169 16.081280 -1.573412 -26.711201 0.750000
22171 19.314237 1.980862 -30.667063 0.375000
22172 20.454903 2.076358 -31.793005 0.250000
22173 22.190221 0.026375 -31.770175 0.125000
22174 20.726534 0.052750 -30.900835 0.375000
22175 20.921081 -1.052276 -30.651539 0.375000
22176 19.208705 -2.079086 -29.735628 0.625000
22177 21.111039 -2.000870 -30.491734 0.375000
22178 21.371657 -2.991301 -30.095418 0.375000
22179 22.997772 -1.907193 -30.721854 0.250000
22181 24.616545 -3.193207 -33.213901 0.125000
22388 17.751442 -15.822337 -24.896728 0.875000
22389 18.481909 -16.830048 -24.689438 0.750000
22390 19.097667 -16.204322 -25.572475 0.750000
22391 23.416230 -16.427146 -26.312145 0.125000
22392 22.484793 -17.060149 -25.843688 0.250000
22393 24.131096 -17.375740 -25.842774 0.125000
22394 25.133194 -18.445297 -25.427281 0.125000
24344 17.601862 -19.788608 -21.179204 0.375000
24345 18.564500 -20.289735 -22.165430 0.625000
24346 19.995150 -20.811781 -22.642106 0.625000
24347 19.240824 -19.924122 -22.941626 0.625000
24348 19.832722 -19.450279 -23.602763 0.750000
24349 20.332853 -18.929143 -24.191759 0.750000
25425 16.354746 -12.881058 -22.863093 0.125000
25426 15.545360 -13.278504 -23.090473 0.375000
25427 15.652727 -12.313538 -23.031117 0.250000
25428 15.106712 -11.737833 -23.566236 0.750000
25429 14.891060 -11.191232 -24.206370 1.000000
25430 13.803619 -7.570566 -23.791790 0.875000
25431 14.115627 -8.229034 -24.438316 1.000000
25432 14.464342 -7.587846 -25.152416 1.000000
25433 15.527006 -7.566928 -26.535872 1.000000
25434 16.947562 -7.589665 -27.911110 1.000000
25435 18.982040 -7.731545 -29.111931 0.750000
25436 18.042344 -6.828425 -29.011482 0.875000
25437 19.781332 -6.004430 -29.645224 0.500000
25438 21.389093 -5.082211 -29.857993 0.500000
28273 16.414395 0.685753 -23.412823 0.125000
28274 15.759177 -0.342876 -23.076776 0.125000
28275 15.925276 0.841275 -24.491279 0.375000
28276 16.168459 0.622089 -25.806248 0.750000
28277 16.730991 0.190992 -27.286500 0.625000
28279 21.419376 2.125470 -32.907075 0.125000
28280 22.166361 1.753490 -34.293270 0.125000
28281 22.591243 0.885840 -33.633960 0.125000
28282 23.135423 -0.296493 -33.020308 0.125000
28283 23.683273 -1.272372 -32.486102 0.125000
28284 23.717226 -0.782158 -34.214738 0.125000
28387 18.181830 -22.691689 -18.485346 0.125000
28409 18.905873 -14.575431 -26.540438 1.000000
28410 19.925407 -15.633164 -26.389765 0.750000
28411 20.640273 -15.024718 -26.973282 0.625000
28412 22.428815 -15.355771 -26.853656 0.375000
28413 24.109990 -15.738665 -26.635408 0.125000
29536 15.930782 -9.547790 -23.533362 0.125000
29539 14.379916 -7.784295 -22.722465 0.250000
29542 13.791689 -7.264978 -22.575444 0.625000
29543 13.532905 -6.419156 -23.323332 1.000000
29544 13.838490 -5.385979 -24.338780 1.000000
29545 14.548768 -4.361897 -25.518598 1.000000
31751 18.505769 3.002215 -29.715538 0.250000
31841 18.280939 -20.891815 -18.786693 0.125000
31842 18.107499 -21.802211 -18.607711 0.125000
31843 18.650761 -22.741711 -19.664251 0.250000
31850 21.406529 -21.405675 -22.726118 0.375000
31851 23.225354 -21.934996 -22.548049 0.125000
31856 22.560960 -11.703273 -28.255375 0.500000
31857 23.363005 -12.890153 -27.794223 0.250000
31858 24.501836 -12.083438 -27.933026 0.125000
31859 26.102255 -12.569104 -28.017038 0.125000
34154 16.965915 -16.180675 -21.369144 0.125000
34155 16.516256 -16.668160 -21.994667 0.500000
34156 16.988857 -16.991028 -23.093213 0.750000
34157 16.453855 -16.177947 -23.077689 0.750000
34158 16.554798 -15.542216 -23.894065 1.000000
34159 16.982433 -14.837363 -24.916818 1.000000
34160 15.678422 -13.659578 -23.894065 0.875000
34161 16.380441 -13.952433 -24.845590 1.000000
34162 17.569743 -14.106136 -25.875649 1.000000
34163 17.970766 -13.502237 -26.451860 1.000000
34164 18.568170 -12.765553 -27.262757 1.000000
34165 19.316990 -12.083438 -27.919328 0.875000
34166 14.969979 -9.927955 -23.394560 0.375000
34167 14.568957 -10.288112 -23.838361 0.875000
34168 14.801128 -10.472738 -24.794453 1.000000
34169 14.477190 -8.971175 -25.141458 1.000000
34170 14.987415 -9.729687 -25.630005 1.000000
34171 15.653645 -10.630079 -25.792550 1.000000
34172 16.773204 -10.775597 -26.731291 1.000000
34173 18.287363 -10.976593 -27.722083 0.875000
34174 20.261275 -11.390409 -28.244417 0.625000
34175 21.510226 -10.566415 -28.633429 0.500000
34176 22.958312 -9.863382 -28.779536 0.125000
34178 21.322103 -7.898891 -29.701840 0.500000
34179 23.592423 -8.102616 -29.508248 0.250000
39912 15.141584 -1.316027 -22.517914 0.125000
39913 14.508390 -2.230970 -22.401028 0.125000
39914 14.219324 -2.731188 -22.068634 0.375000
39915 13.920163 -2.932185 -23.844754 1.000000
39916 14.636864 -3.268695 -25.355140 1.000000
39917 15.584819 -3.589743 -26.672848 1.000000
39918 18.319481 2.035431 -29.353922 0.500000
39919 18.116676 0.946775 -29.044356 0.375000
39920 17.802832 -0.020918 -28.818803 0.375000
39921 20.663215 1.081379 -31.290760 0.250000
39922 19.255506 -0.104591 -30.068936 0.375000
39923 17.587179 -0.986793 -28.459013 0.750000
39924 17.422916 -1.911741 -28.322037 0.750000
39925 17.183404 -2.867611 -28.273639 0.750000
39926 17.024646 -3.930801 -28.326603 0.750000
39927 19.158233 -4.088142 -29.539296 0.625000
39928 21.464342 -4.101784 -29.987663 0.375000
39929 23.691532 -4.108151 -30.217783 0.125000
39930 24.234793 -2.312824 -31.910804 0.125000
39931 24.706477 -3.540631 -31.610370 0.125000
39932 24.917541 -4.612916 -31.283455 0.125000
40180 17.994625 -17.363008 -23.826490 0.750000
40181 19.433535 -17.863225 -24.410920 0.750000
40182 20.969717 -18.319787 -24.782581 0.500000
40183 20.846749 -16.678164 -25.945050 0.625000
40184 21.809387 -17.655862 -25.330485 0.375000
40185 22.937205 -18.686310 -24.999003 0.125000
40186 24.588097 -19.052834 -24.914991 0.125000
40189 24.288018 -13.916054 -27.219838 0.125000
40191 25.724175 -16.155209 -26.660977 0.125000
41681 16.796146 -17.348456 -21.691493 0.375000
41682 17.092554 -17.553090 -21.148156 0.250000
41683 16.885160 -17.803199 -21.633050 0.500000
41684 17.036576 -18.227929 -21.666838 0.500000
41685 17.028317 -18.038756 -22.247615 0.750000
41686 17.444940 -18.250666 -22.720639 0.750000
41687 17.084295 -17.797742 -22.733423 0.750000
42288 15.125984 -5.084939 -26.359630 1.000000
42289 15.258128 -5.662463 -26.477429 1.000000
42290 15.701364 -5.178616 -27.077383 1.000000
42291 16.335475 -5.267746 -27.838056 0.875000
42292 16.121657 -4.755705 -27.518445 0.875000
43863 18.241479 3.468782 -28.398744 0.250000
43864 18.196513 3.442407 -27.604284 0.250000
43865 17.955166 3.050418 -27.470047 0.250000
43866 17.631227 2.630235 -26.600707 0.250000
43867 17.676193 2.623869 -27.375991 0.250000
43868 17.439434 2.184587 -27.186051 0.250000
43869 17.856057 2.608407 -28.038040 0.250000
43943 20.836655 -12.839222 -27.929373 0.625000
43944 21.368904 -13.404922 -27.727562 0.750000
43945 21.772680 -13.066593 -27.885541 0.625000
44690 14.702019 -4.627468 -22.065894 0.125000
44691 14.118380 -4.566532 -22.258573 0.375000
44692 14.375328 -3.953538 -22.085984 0.125000
46331 18.782905 -20.965484 -21.563649 0.500000
46332 18.517698 -21.140105 -21.084234 0.500000
46333 19.097667 -21.400218 -21.478724 0.500000
46334 19.336262 -21.879518 -21.265042 0.500000
46335 19.809780 -21.683069 -21.738978 0.375000
46336 20.434715 -22.038678 -21.806553 0.375000
46337 20.127295 -21.511176 -22.093289 0.500000
46338 21.795622 -19.588521 -24.233765 0.250000
46339 22.235187 -20.088739 -23.932418 0.250000
46340 22.571054 -19.824078 -24.241070 0.250000
46341 23.383194 -20.072368 -24.105008 0.125000
46342 23.019796 -19.527586 -24.483061 0.250000
46344 25.832460 -10.361780 -28.385959 0.125000
48133 16.721815 -14.030649 -22.474995 0.125000
48134 16.686026 -14.623634 -22.317016 0.125000
48135 16.203330 -14.322594 -22.512435 0.250000
48136 15.972995 -14.608173 -22.617450 0.500000
48137 15.897745 -13.994269 -22.760818 0.375000
48138 15.337048 -11.744200 -24.872985 1.000000
48139 15.582066 -12.089805 -25.016354 1.000000
48140 15.650892 -11.822416 -25.358793 1.000000
48141 16.038149 -11.906998 -25.775200 1.000000
48142 15.689434 -11.446798 -25.581607 1.000000
48143 13.886209 -8.307250 -23.206446 0.500000
48144 13.782512 -8.659221 -23.358946 0.625000
48145 13.943105 -8.491876 -23.916894 0.875000
48146 16.652072 -8.336354 -27.566844 1.000000
48147 16.088621 -8.801101 -27.059120 1.000000
48148 17.043917 -8.785640 -27.833490 1.000000
48149 17.676193 -9.266758 -28.162232 1.000000
48150 18.010226 -8.839300 -28.379567 1.000000
48151 19.105926 -8.914787 -28.787755 0.750000
48152 18.807683 -8.481871 -28.765839 0.750000
48153 22.957394 -5.652459 -29.844295 0.250000
48154 23.235449 -6.077189 -29.637005 0.250000
48155 24.069612 -5.737041 -29.984924 0.125000
48156 25.055192 -5.933490 -30.251570 0.125000
48157 24.591768 -5.353238 -30.311839 0.125000
52878 16.923702 -0.120962 -23.084994 0.125000
52879 17.528448 -0.304678 -23.166267 0.125000
52882 16.771369 -1.082289 -23.063078 0.125000
52883 16.565811 -1.516114 -23.054860 0.125000
52884 16.271238 -0.977698 -22.830219 0.125000
52885 16.051914 -0.556606 -26.245483 0.750000
52886 15.496723 -0.921310 -25.283913 0.875000
52887 15.843603 -1.033177 -25.986142 0.750000
52888 15.618773 -1.477916 -25.924960 0.875000
52889 16.303356 -1.142315 -26.867354 0.750000
52891 20.287887 2.528373 -32.045040 0.250000
52892 20.714604 2.592946 -32.607554 0.125000
52893 22.450839 -0.457472 -31.474308 0.125000
52894 21.795622 -0.480209 -31.053335 0.375000
52895 21.855270 -0.972241 -30.916359 0.250000
52896 21.080756 -1.560679 -30.588531 0.375000
52897 21.987415 -1.462454 -30.811345 0.250000
52898 22.108548 -1.959034 -30.659758 0.375000
52899 22.906005 -1.484282 -31.121823 0.125000
53108 18.060698 -15.476732 -25.382536 0.875000
53109 18.458967 -15.983316 -25.294871 0.875000
53110 18.833377 -15.672272 -25.758763 0.875000
53111 24.146697 -16.586306 -26.206217 0.125000
53112 23.688779 -16.910993 -26.030888 0.125000
53113 24.689041 -17.090162 -26.051891 0.125000
53114 25.008391 -17.597655 -25.841861 0.125000
53115 25.295622 -17.251141 -26.018103 0.125000
55931 17.454117 -19.161972 -21.737152 0.750000
55932 17.417410 -19.358421 -21.188336 0.375000
55933 17.654169 -19.633995 -21.693320 0.625000
55934 17.987284 -20.106019 -21.711583 0.500000
55935 18.146959 -19.887742 -22.130729 0.625000
55936 18.881096 -20.088739 -22.534351 0.625000
55937 18.430520 -19.655823 -22.561747 0.750000
55938 18.655349 -18.710867 -23.415563 0.750000
55939 18.983876 -19.238369 -23.244799 0.750000
55940 19.289460 -18.979165 -23.617374 0.750000
55941 20.101600 -19.186528 -23.905023 0.750000
55942 19.655611 -18.720871 -24.008211 0.750000
57736 15.874804 -12.652777 -22.862180 0.125000
57737 16.017043 -12.110723 -22.977240 0.125000
57738 15.296670 -11.013882 -23.172659 0.250000
57739 15.253540 -11.527742 -23.219231 0.375000
57740 15.112218 -11.183956 -23.432000 0.625000
57741 15.029628 -11.409509 -23.877628 0.875000
57742 14.934190 -11.033891 -23.758002 0.875000
57743 13.853173 -7.100361 -24.094050 1.000000
57744 14.056896 -7.595122 -24.544243 1.000000
57745 14.211982 -7.105818 -24.863854 1.000000
57746 15.515994 -6.682907 -26.698417 1.000000
57747 15.175538 -7.185853 -26.176995 1.000000
57748 15.784872 -7.175849 -26.923057 1.000000
57749 16.179471 -7.544191 -27.298371 1.000000
57750 16.518092 -7.161297 -27.739433 1.000000
57751 17.460540 -7.248608 -28.571333 0.875000
57752 17.067777 -6.747481 -28.296468 1.000000
57753 18.154300 -5.418721 -29.153024 0.750000
57754 18.635160 -5.880740 -29.423323 0.750000
57755 19.403252 -5.486932 -29.479939 0.500000
57756 20.694416 -5.556053 -29.654355 0.500000
57757 20.198873 -5.060383 -29.801376 0.500000
62471 18.316728 3.149552 -26.117639 0.125000
62477 17.887258 2.386493 -24.872985 0.125000
62478 17.109072 1.879909 -25.048315 0.125000
62479 17.310042 1.805331 -24.483974 0.125000
62480 16.960409 1.567955 -24.210936 0.125000
62482 16.599764 1.352406 -23.883107 0.375000
62483 16.124410 0.794891 -23.837448 0.250000
62484 16.408889 1.328760 -24.422792 0.250000
62485 16.950315 1.317846 -26.932189 0.750000
62486 16.477714 1.105936 -26.021756 0.750000
62487 16.749345 0.849460 -26.805258 0.750000
62488 16.430913 0.394717 -26.605273 0.625000
62489 17.024646 0.630274 -27.511140 0.625000
62491 21.843341 2.183677 -34.616533 0.125000
62493 23.031726 0.780339 -35.066727 0.125000
62494 22.671998 1.010440 -34.533435 0.125000
62495 22.890404 0.627546 -34.132552 0.125000
62496 22.816073 0.291036 -33.279649 0.125000
62497 23.163870 0.074578 -33.905172 0.125000
62498 23.435501 -0.521136 -33.623915 0.125000
62499 23.468537 -0.150975 -34.450336 0.125000
62501 23.839277 -0.736684 -35.404601 0.125000
62708 19.337179 -14.185262 -26.952279 0.875000
62709 19.832722 -14.800984 -26.881964 0.875000
62710 20.187861 -14.472659 -27.167787 0.750000
62711 22.462769 -14.444465 -27.267323 0.375000
62712 22.039723 -14.855553 -27.066425 0.500000
62713 22.853697 -15.021989 -26.903881 0.250000
62714 23.340981 -15.544944 -26.692938 0.250000
62715 23.797064 -15.209343 -26.806171 0.125000
64946 14.789198 -6.138125 -22.326148 0.125000
64948 14.484531 -6.557398 -22.332540 0.125000
64949 14.214735 -7.096723 -22.407420 0.250000
64950 13.859596 -6.667446 -22.278663 0.375000
64951 13.502622 -6.862076 -22.526133 0.750000
64952 13.634767 -6.237259 -22.660369 0.875000
64953 13.644861 -4.690222 -23.673077 0.875000
64954 13.606319 -5.279569 -23.648422 1.000000
64955 13.896303 -4.763891 -24.307732 1.000000
64956 14.230336 -4.870300 -25.001743 1.000000
64957 14.072496 -4.179091 -24.881204 1.000000
69871 17.987284 -19.674013 -19.681601 0.125000
69873 17.990955 -20.090558 -19.606721 0.125000
69874 18.124017 -21.309270 -19.940942 0.375000
69875 18.000131 -20.822694 -19.418608 0.125000
69876 18.097405 -21.397490 -19.318159 0.250000
69877 18.146959 -21.367477 -18.633280 0.125000
69878 18.098322 -21.812216 -19.166572 0.250000
69879 18.334164 -22.314252 -19.201273 0.125000
69880 18.512192 -22.237855 -19.754655 0.375000
69881 20.075905 -22.898143 -20.857767 0.125000
69882 19.607892 -23.045479 -20.469669 0.250000
69887 21.579051 -23.481124 -20.933560 0.125000
69888 22.007604 -22.562542 -21.802900 0.125000
69889 22.269140 -23.138247 -21.381015 0.125000
69893 20.285134 -20.598051 -22.954411 0.625000
69894 20.734793 -21.104635 -22.753513 0.500000
69895 21.066990 -20.915462 -23.047554 0.500000
69896 23.091374 -21.080079 -23.221057 0.125000
69897 22.687599 -21.437507 -22.938887 0.125000
69898 23.473126 -21.676702 -22.779082 0.125000
69908 23.135423 -11.344935 -28.191453 0.125000
69909 23.649319 -11.878804 -27.921154 0.125000
69910 24.072365 -11.535018 -27.968639 0.125000
69912 25.839801 -11.977938 -28.055391 0.125000
75281 16.578658 -15.436715 -21.874128 0.125000
75283 16.595176 -15.928747 -21.642182 0.125000
75284 16.608023 -16.448064 -21.542646 0.250000
75285 16.362087 -16.193408 -21.939876 0.125000
75286 16.455690 -16.486263 -22.450340 0.625000
75287 16.240037 -15.957851 -22.559920 0.625000
75288 16.043655 -14.916489 -23.589978 0.750000
75289 16.205166 -15.403974 -23.375383 0.750000
75290 16.376770 -15.047455 -24.103181 1.000000
75291 16.826429 -15.193882 -24.539678 1.000000
75292 16.418065 -14.723678 -24.504977 1.000000
75293 15.424227 -13.000201 -23.347988 0.750000
75294 15.506817 -13.482228 -23.421955 0.750000
75295 15.371920 -13.131167 -23.816445 0.875000
75296 16.252884 -13.095697 -25.154243 1.000000
75297 16.169376 -13.452215 -24.800845 1.000000
75298 16.547457 -13.599552 -25.163374 1.000000
75299 16.976010 -14.045201 -25.407191 1.000000
75300 17.128343 -13.696867 -25.674751 1.000000
75301 17.919376 -13.813282 -26.298447 1.000000
75302 17.385291 -13.308517 -26.089331 1.000000
75303 17.440352 -12.143464 -26.825348 1.000000
75304 17.849633 -12.614578 -26.881051 1.000000
75305 18.084557 -12.309900 -27.223491 1.000000
75306 18.981123 -12.439047 -27.687382 0.875000
75307 18.336917 -11.902450 -27.571409 1.000000
75308 15.293000 -9.289496 -23.266716 0.125000
75309 15.358154 -9.767885 -23.326072 0.250000
75310 14.872706 -9.480488 -23.210099 0.250000
75311 14.033036 -9.629643 -24.032867 0.750000
75312 14.372575 -9.855196 -23.765308 0.625000
75313 14.418459 -10.015266 -24.162537 0.875000
75314 14.635947 -10.407254 -24.318690 1.000000
75315 14.603828 -10.125314 -24.740576 1.000000
75316 14.501967 -8.311798 -25.131413 1.000000
75317 14.327609 -8.609200 -24.837372 1.000000
75318 14.752491 -8.661040 -25.444631 1.000000
75319 15.791296 -9.518686 -26.488387 1.000000
75320 15.175538 -9.455022 -25.889346 1.000000
75321 15.504064 -9.852468 -26.079286 1.000000
75322 15.285658 -10.214443 -25.681143 1.000000
75323 15.794049 -10.230814 -26.187954 1.000000
75324 16.184977 -10.682829 -26.293882 1.000000
75325 16.447431 -10.302664 -26.754120 1.000000
75326 18.391977 -10.098939 -28.109268 1.000000
75327 17.948742 -10.536402 -27.701080 0.875000
75328 18.882014 -10.622803 -28.093744 0.875000
75329 19.247247 -11.178499 -28.087352 0.875000
75330 19.844652 -10.738308 -28.448968 0.750000
75331 20.987153 -10.962951 -28.527501 0.625000
75332 20.649450 -10.446362 -28.807845 0.625000
75333 21.347798 -9.186724 -29.167635 0.625000
75334 21.886471 -9.720592 -29.000524 0.500000
75335 22.514159 -9.270396 -29.048009 0.375000
75336 23.558469 -9.432285 -28.776797 0.125000
75337 23.174882 -9.012102 -29.148458 0.250000
75338 19.773991 -7.418682 -29.634266 0.625000
75339 20.166754 -7.803395 -29.540209 0.625000
75340 20.771500 -7.475070 -29.724670 0.500000
75341 23.872313 -7.094905 -29.770328 0.250000
75342 23.035396 -7.657877 -29.687230 0.250000
75343 24.056765 -7.737911 -29.619655 0.125000
89534 15.349895 -2.565662 -22.503304 0.125000
89535 15.373755 -0.281031 -23.419215 0.500000
89536 15.449004 -0.791253 -22.737076 0.125000
89537 15.149843 -0.775792 -23.053946 0.375000
89538 14.441400 -1.764404 -23.393646 0.750000
89539 14.367069 -1.827158 -22.705115 0.375000
89540 14.247772 -2.265531 -22.839351 0.625000
89541 14.322103 -2.338290 -22.232091 0.125000
89542 14.024777 -2.362846 -22.739815 0.750000
89543 13.743052 -2.788486 -22.801911 0.875000
89544 14.090850 -2.466528 -23.531535 0.875000
89545 15.381096 -2.453795 -25.942310 1.000000
89546 14.791951 -2.810313 -25.254691 1.000000
89547 15.229680 -2.934004 -25.962400 0.875000
89548 15.028710 -3.425126 -25.969705 1.000000
89549 15.705952 -3.054965 -26.669195 0.875000
89550 18.858155 3.042232 -30.472558 0.250000
89551 18.450708 2.448338 -29.514640 0.375000
89552 18.871920 2.444700 -30.341974 0.375000
89553 19.306896 1.448812 -30.465252 0.375000
89554 18.807683 1.469730 -29.882648 0.375000
89555 18.648008 0.982245 -29.702753 0.375000
89556 17.914788 0.427459 -28.965823 0.375000
89557 18.503016 0.407450 -29.631526 0.375000
89558 21.726796 1.666179 -32.592944 0.125000
89559 21.183535 1.621615 -32.013992 0.250000
89560 21.361563 1.190518 -31.735475 0.250000
89561 19.981385 -0.584800 -30.342887 0.375000
89562 19.954772 -0.040017 -30.516390 0.375000
89563 19.178422 -0.662106 -29.978531 0.375000
89564 18.498427 -0.601171 -29.388622 0.375000
89565 18.391977 -1.099569 -29.247081 0.750000
89566 17.522942 -1.426984 -28.425226 0.750000
89567 18.377295 -1.627071 -29.284521 0.750000
89568 19.133456 -2.500179 -29.566691 0.625000
89569 18.070792 -2.445609 -28.973129 0.750000
89570 18.206608 -2.991301 -28.947560 0.750000
89571 17.105401 -3.358734 -28.083699 0.750000
89572 18.087310 -3.473329 -28.838893 0.750000
89573 18.017567 -4.036301 -29.016048 0.750000
89574 19.120609 -3.524260 -29.535643 0.625000
89575 22.246199 -2.997668 -30.284444 0.375000
89576 21.194547 -3.585196 -29.865298 0.375000
89577 22.261799 -3.524260 -30.015058 0.250000
89578 22.628868 -4.075409 -30.051585 0.375000
89579 23.517174 -3.538812 -30.229654 0.125000
89580 24.006293 -1.527028 -33.050443 0.125000
89581 23.986104 -1.727115 -32.180190 0.125000
89582 24.245805 -2.204595 -32.835847 0.125000
89583 24.903776 -3.731623 -33.046790 0.125000
89584 24.828527 -3.338725 -32.437704 0.125000
89585 24.969848 -3.957176 -32.350953 0.125000
89586 24.767043 -4.098146 -31.460610 0.125000
89587 25.043262 -4.484678 -32.129965 0.125000
90203 17.128343 -16.700901 -23.547059 0.750000
90204 17.532119 -17.188386 -23.578107 0.750000
90205 17.658758 -16.897350 -23.958900 0.750000
90206 19.247247 -17.067424 -24.999003 0.750000
90207 18.986629 -17.323900 -24.612731 0.750000
90208 19.718931 -17.544905 -24.816369 0.750000
90209 20.303488 -18.085140 -24.657477 0.625000
90210 20.573283 -17.809565 -24.949692 0.500000
90211 20.675145 -15.886001 -26.481082 0.625000
90212 20.379654 -16.217964 -26.239091 0.625000
90213 21.172523 -16.368939 -26.230873 0.500000
90214 23.017043 -17.483969 -25.585260 0.125000
90215 22.145255 -17.428491 -25.574302 0.250000
90216 22.723388 -17.895967 -25.331398 0.125000
90217 22.320530 -18.198826 -25.124108 0.250000
90218 23.221684 -18.390727 -25.164287 0.125000
90219 23.766781 -18.883669 -24.943300 0.125000
90220 24.061353 -18.573534 -25.212686 0.125000
90226 24.482565 -13.072960 -27.605197 0.125000
90227 23.795229 -13.349443 -27.516619 0.125000
90228 24.756949 -13.535888 -27.434434 0.125000
93457 17.522024 -16.776389 -21.080581 0.125000
93459 17.534872 -17.193843 -20.905252 0.125000
93461 17.388044 -18.134252 -20.783800 0.125000
93462 17.389880 -18.629922 -20.760058 0.250000
93463 17.169639 -18.436202 -21.138111 0.375000
93464 17.272418 -18.783626 -21.716149 0.500000
93465 17.608286 -18.997355 -22.269531 0.750000
93466 18.084557 -19.223817 -22.628408 0.750000
93467 17.888175 -18.752703 -22.696896 0.750000
93468 18.104746 -18.458029 -23.097779 0.750000
93469 18.371789 -18.182455 -23.408257 0.750000
94546 16.093210 -11.655980 -23.062165 0.125000
94548 15.724306 -10.857450 -23.158961 0.125000
94549 15.438910 -10.573691 -23.279500 0.250000
94550 14.341374 -6.109021 -25.219991 1.000000
94551 14.540509 -6.681998 -25.363359 1.000000
94552 14.844258 -6.174504 -25.880214 1.000000
94553 15.358154 -6.236349 -26.560528 1.000000
94554 16.045491 -6.274548 -27.407952 1.000000
94555 16.877819 -6.290009 -28.334821 1.000000
94556 16.297850 -5.766145 -27.803355 0.875000
94557 16.987022 -5.350509 -28.583204 0.875000
94558 17.836786 -4.872119 -29.106452 0.750000
97388 18.207525 3.325083 -26.782429 0.250000
97389 17.980860 2.878525 -26.022669 0.250000
97390 17.671605 2.514730 -25.447371 0.125000
97391 17.635816 2.583851 -25.965139 0.250000
97392 17.333902 2.300091 -25.854646 0.125000
97393 17.020976 1.893551 -25.734107 0.250000
97394 16.666754 1.589782 -25.547820 0.500000
97395 17.048506 1.903555 -26.380633 0.375000
97396 17.230205 1.766223 -27.151350 0.500000
97397 17.476141 1.637076 -27.818879 0.500000
97402 23.313451 0.550239 -35.511442 0.125000
97403 23.435501 0.040927 -35.198224 0.125000
97529 19.932748 -13.506785 -27.543101 0.750000
97530 20.559518 -14.112503 -27.354074 0.750000
97531 21.018354 -13.742342 -27.589673 0.750000
97532 22.059911 -14.020645 -27.481005 0.500000
97533 22.851862 -14.150701 -27.280108 0.500000
98874 14.287232 -5.581519 -22.238484 0.500000
98875 13.712769 -5.658825 -22.523393 0.750000
98876 13.651285 -5.025823 -22.266792 0.375000
98877 13.761406 -4.585631 -22.823827 0.750000
98878 13.620084 -3.931710 -23.243886 1.000000
101827 17.791820 -20.441620 -20.723531 0.500000
101828 17.772549 -20.516197 -20.045044 0.125000
101829 18.024909 -20.815418 -20.525372 0.500000
101830 18.254327 -21.226506 -20.504369 0.375000
101831 18.512192 -21.757647 -20.331780 0.375000
101832 18.711327 -22.154183 -20.285208 0.375000
101833 18.942580 -21.969557 -20.814848 0.375000
101834 19.729025 -22.327895 -21.158201 0.375000
101835 20.510881 -22.733526 -21.215731 0.250000
101836 21.215653 -23.009100 -21.270521 0.125000
101837 20.761406 -22.521615 -21.528036 0.250000
101838 21.136734 -22.300610 -21.839427 0.250000
101839 21.457919 -22.062325 -22.115205 0.125000
101840 20.913739 -20.145127 -23.567149 0.625000
101841 21.455166 -20.671720 -23.355293 0.500000
101842 21.815811 -20.386141 -23.650248 0.500000
101843 22.627032 -20.633521 -23.604589 0.375000
101844 23.452937 -20.882720 -23.461221 0.125000
101846 23.853960 -20.591685 -23.708691 0.125000
101847 24.209099 -20.347942 -23.948855 0.125000
101848 24.592685 -20.041445 -24.211849 0.125000
101849 24.313713 -10.523669 -28.101049 0.125000
101850 24.779890 -11.179409 -27.910196 0.125000
101851 25.197431 -10.703747 -28.066349 0.125000
105074 16.686943 -15.139313 -22.139861 0.125000
105075 16.363005 -15.239356 -22.087810 0.250000
105076 16.186812 -15.433077 -22.458558 0.375000
105077 16.134505 -15.000162 -22.631148 0.625000
105078 15.906005 -14.771880 -23.034770 0.625000
105079 15.826167 -14.455379 -23.410084 0.875000
105080 15.315942 -12.310810 -24.066654 0.875000
105081 15.471946 -12.852864 -24.180801 1.000000
105082 15.493052 -12.484522 -24.592642 1.000000
105083 15.934452 -12.641863 -25.049228 1.000000
105084 16.439172 -12.744635 -25.489377 1.000000
105085 16.948480 -12.819213 -25.938658 1.000000
105086 16.619953 -12.414491 -25.904870 1.000000
105087 16.685108 -11.994309 -26.285663 1.000000
105088 16.859465 -11.642337 -26.573312 1.000000
105089 14.264290 -8.732890 -23.046641 0.375000
105090 14.400105 -9.201275 -23.220144 0.375000
105091 13.920163 -8.971175 -23.268542 0.500000
105092 13.914657 -9.130335 -23.726954 0.625000
105093 14.038542 -9.251297 -24.234678 1.000000
105094 15.335213 -8.381828 -26.364196 1.000000
105095 15.178291 -8.725614 -26.040020 1.000000
105096 15.597667 -8.762903 -26.565094 1.000000
105097 16.011537 -9.187633 -26.786995 1.000000
105098 16.504326 -9.547790 -27.144958 1.000000
105099 16.729156 -9.936140 -27.071904 1.000000
105100 17.254064 -9.595083 -27.654508 1.000000
105101 18.070792 -9.706950 -28.144882 1.000000
105102 18.936157 -9.832459 -28.510151 0.875000
105103 20.029104 -9.948873 -28.804192 0.750000
105104 19.571185 -9.390449 -28.816063 0.750000
105105 20.195202 -9.081223 -29.092754 0.625000
105106 20.889880 -8.721976 -29.403233 0.625000
105107 21.481778 -6.610148 -29.592260 0.500000
105108 21.703855 -7.038516 -29.710972 0.375000
105109 22.393026 -6.631976 -29.621481 0.375000
105110 23.433666 -6.681998 -29.718277 0.250000
105111 24.797326 -6.772037 -30.006840 0.125000
113612 17.690876 0.644826 -22.945279 0.125000
113624 15.850944 -1.845348 -22.677719 0.125000
113625 15.430651 -0.299221 -24.788974 0.625000
113626 14.994756 -0.789434 -23.639290 0.625000
113627 15.207656 -0.819447 -24.564333 0.750000
113628 14.850682 -1.371506 -24.338780 0.750000
113629 14.746067 -1.803512 -24.268465 0.875000
113630 14.501967 -2.268259 -24.329648 1.000000
113631 15.138831 -1.897189 -25.156069 0.875000
113632 15.533430 -2.042707 -25.920394 0.875000
113633 16.034479 -2.160031 -26.731291 0.875000
113634 19.722601 3.039504 -31.825879 0.125000
113635 19.315155 2.465618 -30.930970 0.375000
113636 19.756555 2.500179 -31.450565 0.250000
113637 19.848322 1.990866 -31.195790 0.250000
113638 19.969455 1.482463 -31.018635 0.250000
113639 22.084688 0.605718 -31.979292 0.125000
113640 21.518485 0.570248 -31.512661 0.375000
113641 21.450577 0.068211 -31.331853 0.250000
113642 20.868773 -0.532959 -30.695372 0.375000
113643 20.059387 -1.181423 -30.382154 0.375000
113644 19.135291 -1.631619 -29.807768 0.375000
113645 20.041951 -1.611610 -30.243351 0.375000
113646 20.113530 -2.072720 -30.204998 0.375000
113647 20.239251 -2.529282 -30.069849 0.375000
113648 20.315417 -2.994939 -29.889041 0.375000
113649 21.165181 -2.536558 -30.347453 0.375000
113650 22.185632 -2.513821 -30.502692 0.250000
113651 23.025302 -2.550200 -30.695372 0.125000
113652 24.362350 -2.230061 -34.197387 0.125000
113653 24.454117 -2.564752 -33.432149 0.125000
114026 17.567908 -16.122468 -24.507717 0.875000
114027 17.885422 -16.599948 -24.402702 0.875000
114028 18.131359 -16.293451 -24.863854 0.875000
114029 18.801259 -16.517185 -25.169766 0.750000
114030 19.608810 -16.788212 -25.459242 0.750000
114031 22.527924 -16.272533 -26.441815 0.250000
114032 22.148008 -16.549927 -26.209870 0.250000
114033 22.989513 -16.724548 -26.143208 0.125000
114034 23.354746 -17.192024 -25.733194 0.125000
114035 23.834688 -17.759544 -25.615395 0.125000
114036 24.435763 -18.251576 -25.441892 0.125000
114037 24.679864 -17.875958 -25.593478 0.125000
114040 25.844390 -13.452215 -27.617068 0.125000
118239 17.699135 -19.581245 -20.074265 0.125000
118240 17.463293 -18.994626 -20.718052 0.250000
118241 17.500000 -19.456646 -20.614863 0.250000
118242 17.574332 -19.916846 -20.680612 0.125000
118243 17.872575 -20.270636 -21.224862 0.500000
118244 18.373624 -20.525292 -21.687841 0.500000
118245 19.034348 -20.781767 -22.012017 0.500000
118246 19.729943 -21.003682 -22.280490 0.625000
118247 19.272025 -20.549848 -22.412899 0.625000
118248 19.519796 -20.303378 -22.737989 0.625000
118249 19.874017 -20.092377 -23.130653 0.625000
118250 18.709492 -19.452098 -22.910578 0.750000
118251 19.472077 -19.680379 -23.270368 0.750000
118252 20.184190 -19.916846 -23.446610 0.625000
118253 20.641191 -19.666737 -23.844754 0.625000
118254 20.933928 -19.432089 -24.088571 0.500000
118255 21.284479 -19.131049 -24.439229 0.375000
120765 16.359334 -13.413108 -22.714246 0.125000
120766 15.859203 -13.571358 -22.797345 0.250000
120767 15.873886 -13.094787 -22.876791 0.250000
120768 15.613267 -12.804661 -23.077689 0.250000
120769 15.393026 -12.508168 -23.215578 0.375000
120770 15.623362 -11.783308 -23.011027 0.125000
120771 15.293917 -11.927916 -23.220144 0.375000
120772 15.311353 -12.133460 -23.620113 0.750000
120773 15.037887 -11.880623 -23.926026 0.875000
120774 15.104877 -11.597772 -24.389004 1.000000
120775 15.000262 -11.324017 -24.713180 1.000000
120776 13.710016 -7.815218 -23.293198 0.750000
120777 13.955034 -8.212663 -23.959813 1.000000
120778 13.939434 -7.902529 -24.110487 1.000000
120779 14.300079 -7.968012 -24.892162 1.000000
120780 14.702019 -7.990749 -25.535949 1.000000
120781 14.708443 -7.171301 -25.582520 1.000000
120782 14.980074 -7.575113 -25.833643 1.000000
120783 15.123231 -7.962555 -26.095723 1.000000
120784 15.645386 -7.977106 -26.655498 1.000000
120785 16.308862 -8.004391 -27.283760 1.000000
120786 17.252229 -8.008029 -28.026169 1.000000
120787 18.231385 -8.068965 -28.598728 0.875000
120788 17.843210 -7.664243 -28.448055 0.875000
120789 18.622313 -7.342285 -29.222425 0.750000
120790 19.275695 -6.943020 -29.579475 0.625000
120791 17.834033 -6.312746 -29.039790 0.875000
120792 18.868249 -6.400057 -29.376751 0.625000
120793 20.060305 -6.510105 -29.563038 0.500000
120794 20.959623 -6.086284 -29.629700 0.500000
120795 21.762586 -5.613351 -29.751152 0.500000
120796 22.544442 -5.061293 -29.885388 0.250000
127406 17.652334 2.110009 -24.668435 0.125000
127409 17.185239 0.920400 -23.190009 0.125000
127410 16.886996 0.461110 -23.122434 0.125000
127411 16.390535 0.090949 -23.154395 0.125000
127412 16.137258 -0.452924 -22.916971 0.125000
127413 15.991348 0.272846 -23.306895 0.125000
127414 15.719717 0.327415 -23.616460 0.250000
127415 15.614185 0.311044 -24.180801 0.500000
127416 16.353828 1.225988 -25.169766 0.500000
127417 16.008784 0.786706 -25.088494 0.625000
127418 15.627032 0.233738 -24.950605 0.500000
127419 15.926193 0.019099 -25.619047 0.625000
127420 16.249214 -0.119143 -26.357804 0.750000
127421 16.624541 -0.238285 -27.110257 0.750000
127422 21.348716 2.833960 -34.290531 0.125000
127423 21.130310 2.553838 -33.265038 0.125000
127424 21.517567 2.382855 -33.945352 0.125000
127425 21.795622 1.961762 -33.586475 0.125000
127426 22.029628 1.563407 -33.301565 0.125000
127427 22.437074 1.540670 -34.835695 0.125000
127428 22.355402 1.338764 -33.938046 0.125000
127429 22.292082 1.059552 -32.953647 0.125000
127430 22.540771 0.465657 -32.703437 0.125000
127431 22.785790 -0.090039 -32.447749 0.125000
127432 23.072103 -0.555696 -32.082480 0.125000
127433 23.285003 -1.063190 -31.870624 0.125000
127434 23.465784 -0.787615 -32.798407 0.125000
127435 23.600682 -1.047728 -33.382838 0.125000
127436 23.937468 -1.294199 -33.861340 0.125000
127437 23.660331 -0.489304 -34.996413 0.125000
127438 23.949397 -0.995888 -34.673150 0.125000
127439 24.205428 -1.547946 -34.303315 0.125000
127440 24.241217 -1.881728 -34.838434 0.125000
127675 18.126770 -22.232399 -17.810511 0.125000
127727 18.640666 -14.852825 -26.211696 0.875000
127728 19.173834 -15.371232 -26.182474 0.875000
127729 19.302308 -15.028356 -26.469211 0.875000
127730 20.274122 -15.373051 -26.763252 0.875000
127731 21.055061 -15.551310 -26.723986 0.500000
127732 21.159675 -14.687298 -27.213446 0.625000
127733 21.536838 -15.166598 -26.964150 0.500000
127734 21.946120 -15.765949 -26.718507 0.375000
127735 22.850027 -15.917833 -26.604360 0.250000
127736 23.767698 -16.099731 -26.448208 0.125000
127737 24.503671 -16.247977 -26.376980 0.125000
130642 14.795622 -8.538260 -22.988198 0.125000
130643 14.396434 -8.238129 -22.604666 0.250000
130644 14.261537 -8.048956 -22.765384 0.500000
130645 14.061484 -8.056232 -22.874965 0.500000
130652 14.468931 -7.387759 -22.615624 0.125000
130653 14.048637 -7.601489 -22.655803 0.375000
130654 13.793524 -7.745187 -22.919710 0.625000
130655 13.696251 -7.446876 -23.127000 0.625000
130656 13.611825 -7.109456 -23.287718 0.875000
130657 13.666885 -6.587411 -24.022822 1.000000
130658 13.417279 -5.747955 -23.092300 0.875000
130659 13.581542 -5.921667 -23.848406 1.000000
130660 13.912821 -6.026258 -24.525980 1.000000
130661 14.243183 -5.516036 -25.104931 1.000000
130662 14.633194 -4.988534 -25.699406 1.000000
130663 15.014028 -4.516510 -26.103942 1.000000
136647 18.554405 3.958085 -29.279955 0.125000
136648 18.367200 3.466053 -29.191377 0.250000
136649 18.251574 2.974021 -28.963084 0.250000
136650 18.540640 3.473329 -29.962094 0.250000
136651 18.837966 3.467872 -30.765686 0.250000
136652 19.280284 3.466053 -31.550101 0.250000
136891 18.004720 -20.507103 -19.452395 0.125000
136892 18.328658 -20.491641 -18.874357 0.125000
136894 18.513110 -20.970941 -18.255226 0.125000
136895 18.375459 -21.388395 -18.110032 0.125000
136896 18.204772 -21.810397 -17.994972 0.125000
136897 18.115758 -22.228761 -18.502696 0.125000
136898 18.353435 -22.745349 -19.064297 0.125000
136900 19.033430 -22.710788 -20.214894 0.250000
136901 19.241741 -23.210097 -20.045957 0.125000
136916 20.426456 -21.321093 -22.406507 0.375000
136917 21.089015 -21.569383 -22.433902 0.250000
136918 21.895648 -21.827677 -22.369980 0.250000
136919 21.888307 -21.140105 -23.018333 0.375000
136920 22.293918 -21.623952 -22.684112 0.125000
136921 22.722470 -22.176010 -22.235744 0.125000
136934 21.977321 -12.128003 -28.201498 0.500000
136935 22.342554 -12.733721 -28.015211 0.375000
136936 22.911511 -12.298986 -28.003340 0.125000
136937 23.864054 -12.448142 -27.852667 0.125000
136938 24.856975 -12.662781 -27.752218 0.125000
136939 25.133194 -11.708730 -27.866364 0.125000
136940 25.550735 -12.319905 -27.901978 0.125000
136941 25.639749 -12.921075 -27.762262 0.125000
143531 17.579838 -15.950575 -21.464114 0.125000
143532 17.421998 -16.378034 -21.254084 0.125000
143533 16.996199 -16.599039 -21.271434 0.125000
143534 16.787887 -16.846419 -21.562736 0.375000
143535 16.656660 -17.059239 -22.107900 0.375000
143536 16.835606 -17.262964 -22.611971 0.750000
143537 16.710803 -16.880070 -22.601013 0.625000
143538 16.721815 -16.588125 -23.053033 0.750000
143539 16.823676 -16.296180 -23.654814 0.875000
143540 16.216178 -15.675001 -22.877704 0.625000
143541 16.485055 -15.859626 -23.517838 0.750000
143542 17.010881 -16.016058 -24.023735 0.875000
143543 17.109990 -15.694100 -24.430097 0.875000
143544 17.316466 -15.320301 -24.925949 0.875000
143545 17.593603 -14.988338 -25.350575 0.875000
143546 15.672916 -13.739613 -22.920623 0.250000
143547 15.647221 -13.949705 -23.405518 0.875000
143548 15.820661 -14.117050 -23.853885 0.875000
143549 15.721552 -13.302150 -24.316864 1.000000
143550 15.960147 -13.816010 -24.408181 1.000000
143551 16.192318 -14.257111 -24.428271 1.000000
143552 16.697038 -14.375344 -24.959737 1.000000
143553 17.218275 -14.496306 -25.376143 1.000000
143554 17.902858 -14.673656 -25.819032 1.000000
143555 18.214867 -14.311680 -26.237265 1.000000
143556 18.581018 -13.971532 -26.639974 1.000000
143557 18.740693 -13.669583 -26.897488 1.000000
143558 17.553225 -12.982011 -26.427205 1.000000
143559 18.346094 -13.159361 -26.946800 1.000000
143560 19.198611 -13.363995 -27.424389 0.750000
143561 19.493183 -12.979282 -27.606110 0.875000
143562 19.805192 -12.557281 -27.880975 0.875000
143563 20.372313 -12.264426 -28.102876 0.625000
143565 15.406791 -10.158965 -23.348901 0.375000
143566 14.979156 -10.377241 -23.316940 0.375000
143567 14.488202 -9.722411 -23.472179 0.500000
143568 14.691925 -10.106214 -23.571715 0.500000
143569 14.809387 -10.520031 -23.615547 0.625000
143570 14.698348 -10.681010 -24.043825 1.000000
143571 14.794704 -10.837442 -24.444708 1.000000
143572 15.032381 -10.950218 -24.902207 1.000000
143573 14.046802 -8.550083 -24.328735 0.875000
143574 14.217488 -8.972994 -24.633734 1.000000
143575 14.204641 -9.346793 -24.729617 1.000000
143576 14.824070 -9.002098 -25.637311 1.000000
143577 14.651547 -9.388630 -25.321353 1.000000
143578 14.607499 -9.744239 -25.046488 1.000000
143579 14.894730 -10.178064 -25.202641 1.000000
143580 15.173702 -10.583695 -25.280260 1.000000
143581 15.386602 -11.023886 -25.404452 1.000000
143582 15.849109 -11.072089 -25.864691 1.000000
143583 16.449266 -11.140301 -26.386112 1.000000
143584 17.130179 -11.206693 -26.885617 1.000000
143585 17.186157 -10.390884 -27.253626 1.000000
143586 17.444022 -10.859269 -27.180572 1.000000
143587 18.080887 -11.419513 -27.512966 1.000000
143588 18.853566 -11.570488 -27.864538 0.875000
143589 19.689565 -11.680536 -28.133924 0.750000
143590 20.710934 -11.881532 -28.275465 0.625000
143591 21.387258 -11.548660 -28.369522 0.625000
143592 22.387520 -11.159400 -28.369522 0.500000
143593 22.546277 -10.771049 -28.478190 0.125000
143594 21.070661 -10.059831 -28.885464 0.625000
143595 22.248034 -10.198073 -28.806018 0.500000
143596 23.278579 -10.352685 -28.421573 0.125000
143597 24.005375 -10.010718 -28.467231 0.125000
143600 19.379392 -8.129900 -29.099147 0.625000
143601 20.538412 -8.208116 -29.457110 0.625000
143602 21.668065 -8.360000 -29.551167 0.500000
143603 21.892895 -7.560562 -29.679924 0.375000
143604 22.471028 -8.000753 -29.785852 0.375000
143605 22.771107 -8.509156 -29.523772 0.250000
143606 24.013634 -8.587372 -29.213293 0.125000
160691 15.157184 -3.477877 -22.124337 0.125000
160692 15.832591 -0.842185 -22.689591 0.125000
160693 15.600420 -1.349678 -22.581836 0.125000
160694 15.348978 -1.809878 -22.412899 0.125000
160695 14.657053 -1.349678 -22.810129 0.500000
160696 14.824987 -1.818973 -22.415639 0.125000
160697 14.972732 -2.233699 -22.392810 0.125000
160698 14.787363 -2.430148 -22.241223 0.125000
160699 14.786445 -2.815770 -21.874128 0.125000
160700 14.504720 -3.382380 -21.899697 0.125000
160701 13.976141 -3.312350 -22.265879 0.250000
160702 13.758653 -3.328721 -22.948018 0.875000
160703 13.834819 -3.434221 -23.864843 1.000000
160704 14.381752 -2.627507 -24.443795 1.000000
160705 14.245936 -3.097711 -24.678480 1.000000
160706 14.092685 -3.647041 -24.678480 1.000000
160707 14.481778 -3.782555 -25.373404 1.000000
160708 14.976403 -3.932620 -26.013538 1.000000
160709 15.584819 -4.200918 -26.671935 0.875000
160710 18.139618 2.550200 -28.727486 0.375000
160711 17.974437 2.056349 -28.704656 0.500000
160712 17.800079 1.536123 -28.443489 0.500000
160713 18.760881 1.983590 -30.039714 0.375000
160714 18.261668 1.448812 -29.169461 0.375000
160715 17.687205 1.008621 -28.400570 0.375000
160716 17.396303 0.476571 -28.205151 0.625000
160717 17.213687 0.042746 -28.070002 0.750000
160718 17.163215 -0.423821 -27.946723 0.750000
160719 21.032119 2.168216 -32.251417 0.125000
160720 20.529235 1.533394 -31.456044 0.250000
160721 19.935501 0.978608 -30.809518 0.375000
160722 20.693498 0.526593 -31.097167 0.375000
160723 19.851075 0.473842 -30.720941 0.375000
160724 19.125197 0.418364 -30.216869 0.375000
160725 18.481909 -0.107319 -29.458936 0.375000
160726 17.862481 -0.532050 -28.738444 0.625000
160727 16.949397 -0.823995 -27.715691 0.750000
160728 16.843865 -1.251453 -27.638071 0.750000
160729 16.646566 -1.757128 -27.569583 0.750000
160730 16.603435 -2.260984 -27.540362 0.750000
160731 18.269927 -2.027246 -29.074491 0.750000
160732 17.321054 -2.362846 -28.411528 0.750000
160733 16.337310 -2.695718 -27.484658 0.750000
160734 16.249214 -3.164104 -27.410691 0.875000
160735 16.254720 -3.758908 -27.452697 0.750000
160736 16.277662 -4.278225 -27.537622 0.875000
160737 17.093472 -4.339160 -28.353085 0.875000
160738 18.023073 -4.421014 -29.044356 0.750000
160739 19.088490 -4.559256 -29.573083 0.750000
160740 20.239251 -3.622485 -29.730149 0.375000
160741 20.392502 -4.098146 -29.907304 0.500000
160742 20.243839 -4.606549 -29.825119 0.500000
160743 21.450577 -4.591088 -29.886301 0.375000
160744 22.668328 -4.585631 -29.890867 0.125000
160745 23.708967 -4.657481 -30.072588 0.125000
160746 23.602518 -1.569774 -31.550101 0.125000
160747 23.732827 -2.043616 -31.274323 0.125000
160748 23.831935 -2.660248 -30.980281 0.125000
160749 24.488071 -2.741192 -32.667824 0.125000
160750 24.477059 -2.950374 -31.680685 0.125000
160751 24.062271 -3.302346 -31.013156 0.125000
160752 24.276089 -3.765274 -30.800387 0.125000
160753 24.488071 -4.280953 -30.586704 0.125000
160754 24.562402 -4.855749 -30.434204 0.125000
161494 17.159544 -17.487607 -23.012854 0.750000
161495 17.757866 -17.675871 -23.365338 0.750000
161496 18.477321 -17.899605 -23.747957 0.750000
161497 18.303881 -17.109261 -24.303166 0.750000
161498 18.700315 -17.614935 -24.135142 0.750000
161499 19.205034 -18.171541 -24.077612 0.750000
161500 19.991479 -18.358895 -24.348825 0.750000
161501 20.641191 -18.648112 -24.481235 0.500000
161502 21.609334 -18.839104 -24.703135 0.375000
161503 19.517961 -15.955122 -26.013538 0.750000
161504 20.002491 -16.488082 -25.837295 0.750000
161505 20.449397 -16.993756 -25.570649 0.625000
161506 21.814893 -16.890075 -25.954181 0.250000
161507 21.253278 -17.233860 -25.591652 0.375000
161508 20.818301 -17.508525 -25.240994 0.500000
161509 21.438648 -18.031480 -25.072057 0.375000
161510 22.003016 -18.489861 -24.906773 0.250000
161511 22.520583 -19.000993 -24.746968 0.250000
161512 23.407053 -19.222908 -24.705875 0.125000
161513 24.212769 -19.406624 -24.654737 0.125000
161521 22.677504 -13.241215 -27.720257 0.375000
161522 23.309780 -13.725971 -27.417997 0.250000
161523 23.930126 -14.330779 -27.071904 0.125000
161528 25.093734 -15.926019 -26.594315 0.125000
161529 25.352518 -16.421689 -26.376980 0.125000
161538 25.899450 -16.921907 -26.264660 0.125000
