#!ascii label, from file  /biac2/kgs/3Danat/FreesurferSegmentations/fsaverage-bkup/label/CBA/cROIs/averages/label/MPM_rh.FG2.label 
721
87 40.414264 -69.182822 -7.241456 0.300000
350 41.682486 -57.477730 -8.427667 0.300000
351 37.178553 -57.939750 -10.894145 0.400000
353 35.593734 -56.442735 -16.268163 0.700000
830 39.706739 -63.276617 -13.796206 0.400000
831 35.866283 -62.585407 -12.729621 0.600000
832 36.777531 -57.372230 -13.800772 0.600000
833 32.778317 -61.634993 -12.767974 0.500000
1779 41.011668 -69.300146 -10.886839 0.400000
1781 42.855271 -62.735472 -11.764398 0.300000
1782 39.920557 -57.542304 -10.237574 0.400000
2500 30.051915 -59.817839 -13.696670 0.400000
2750 35.151417 -65.326599 -12.472106 0.400000
2752 34.224568 -62.068818 -12.560684 0.600000
3924 39.992135 -69.037304 -12.359786 0.500000
3925 42.212901 -66.231538 -11.494099 0.400000
3926 41.141060 -66.091477 -13.359710 0.400000
3927 38.778973 -60.840102 -12.307735 0.600000
3928 40.275696 -60.549976 -12.143364 0.500000
3929 38.493577 -57.993409 -10.489610 0.500000
3934 36.845439 -57.389510 -15.581458 0.600000
3936 37.608941 -54.064427 -15.912939 0.500000
3938 36.894993 -53.386860 -16.935692 0.400000
4382 39.029497 -74.423284 -11.691344 0.300000
5657 42.168852 -60.368079 -8.303475 0.300000
6100 39.247903 -66.041456 -14.087508 0.500000
6101 37.103304 -65.982339 -13.570653 0.600000
6102 37.775958 -63.192034 -13.260174 0.700000
6103 37.470373 -60.339885 -12.406358 0.700000
6104 36.469193 -57.666904 -11.911419 0.500000
6105 36.521500 -60.079771 -13.477509 0.700000
6106 35.250525 -59.906060 -14.496609 0.600000
6107 33.933666 -59.263962 -14.730381 0.700000
7989 41.203462 -69.325612 -9.117112 0.400000
7991 41.499870 -66.287017 -9.458638 0.300000
7994 41.439303 -63.061978 -13.425458 0.300000
7995 41.644862 -59.797831 -11.326988 0.300000
7996 41.107106 -57.332213 -9.661362 0.400000
7997 40.250918 -54.868414 -8.825810 0.300000
8574 40.980468 -71.890364 -10.580014 0.400000
8575 39.641584 -71.528388 -11.621030 0.400000
10055 31.487153 -60.721869 -13.482988 0.400000
10056 32.795753 -57.611425 -14.512133 0.600000
10058 31.294442 -56.249014 -13.935922 0.500000
10059 34.007998 -54.495524 -15.655425 0.500000
11004 39.552570 -69.269223 -6.543792 0.300000
11006 39.714080 -67.843149 -6.673463 0.300000
11604 39.291034 -68.913614 -12.700400 0.300000
11605 40.543656 -67.589402 -12.885773 0.500000
11606 39.808601 -67.496634 -13.332315 0.400000
11607 37.856713 -59.475872 -11.480401 0.600000
11608 38.574332 -59.545903 -11.363515 0.600000
11609 37.768616 -58.038884 -10.632064 0.500000
11611 37.250132 -56.380890 -10.190089 0.500000
11613 36.825250 -56.349967 -10.697813 0.500000
11614 36.330625 -57.058457 -16.147625 0.600000
11615 37.192319 -55.833379 -15.833493 0.700000
11616 37.005113 -55.491412 -16.465409 0.700000
11618 36.295753 -54.914797 -16.684570 0.600000
13337 42.049555 -58.975655 -8.417622 0.300000
13338 41.849503 -58.982931 -7.628641 0.300000
13339 41.689828 -57.484097 -7.607638 0.300000
14005 36.602256 -67.452069 -13.612659 0.500000
14006 35.467096 -67.228336 -13.089411 0.500000
14007 35.580887 -63.897796 -12.387181 0.400000
14008 36.482958 -64.267047 -12.853812 0.400000
14009 36.805979 -62.936469 -12.982570 0.600000
14010 37.920950 -61.730490 -13.096716 0.700000
14011 37.106057 -61.512213 -13.100369 0.700000
14012 36.996854 -60.090685 -12.822765 0.600000
14013 36.196645 -61.407622 -13.247390 0.700000
14014 33.475748 -61.832352 -12.623693 0.600000
14015 34.626508 -60.940146 -13.583437 0.600000
14016 33.940090 -60.712774 -13.661057 0.600000
14017 34.621920 -59.626847 -14.653675 0.600000
14018 33.285790 -60.410825 -13.721326 0.500000
17529 41.131883 -69.358353 -10.011107 0.400000
17530 41.162167 -67.869524 -9.338099 0.300000
17531 41.371396 -67.842239 -10.262230 0.400000
17532 42.771763 -64.478048 -11.673081 0.300000
17537 39.583771 -64.607195 -14.135906 0.300000
17538 40.550079 -64.533527 -14.003496 0.400000
17539 40.632670 -63.204767 -13.805338 0.300000
17540 40.002229 -59.002030 -11.108740 0.600000
17541 40.944678 -60.180724 -11.867586 0.600000
17542 40.720766 -58.672796 -10.853052 0.400000
17543 41.345701 -58.453609 -10.486870 0.300000
17544 40.594128 -57.418614 -10.111556 0.400000
17545 40.588622 -56.116229 -9.229432 0.400000
17546 39.993053 -56.166251 -9.591961 0.400000
17559 36.497641 -57.399515 -12.818199 0.600000
17560 36.453593 -56.074393 -11.996344 0.500000
17561 36.531595 -55.913414 -13.008139 0.600000
18901 40.960279 -72.850781 -9.645838 0.300000
18902 41.182355 -71.711195 -9.859521 0.300000
18903 40.677636 -73.125446 -10.607409 0.300000
22573 30.727321 -60.408096 -13.619051 0.400000
22574 32.115758 -59.254867 -13.841865 0.500000
22575 31.378868 -58.577300 -13.826341 0.500000
22582 32.722339 -55.278592 -14.630846 0.600000
22583 33.344521 -53.623326 -15.110261 0.400000
22584 34.630179 -52.895737 -16.026173 0.500000
23382 34.439303 -64.983723 -11.956164 0.400000
23383 34.758653 -63.520359 -12.072137 0.500000
23384 35.025696 -62.336208 -12.634651 0.700000
23385 33.918066 -63.215681 -11.853889 0.600000
23386 33.134374 -63.028327 -11.837452 0.500000
25494 40.734531 -69.169180 -11.662123 0.500000
25495 41.521894 -67.785851 -11.182707 0.400000
25496 41.230992 -67.694902 -12.105011 0.400000
25497 41.853173 -66.119672 -12.533289 0.400000
25498 42.315680 -64.620838 -12.771627 0.300000
25499 39.578265 -61.970594 -13.090324 0.600000
25500 40.333509 -61.922391 -13.097629 0.400000
25501 39.505769 -60.763705 -12.198155 0.500000
25502 39.312140 -59.391290 -11.316030 0.600000
25503 39.205690 -57.744210 -10.447604 0.500000
25512 36.925276 -57.396786 -14.765995 0.600000
25513 36.824332 -55.946155 -14.000757 0.600000
25514 37.066597 -55.927965 -14.997941 0.600000
25515 37.226272 -54.316355 -15.150441 0.500000
26316 38.810174 -76.536930 -10.282319 0.300000
26317 39.387389 -75.615621 -10.872229 0.300000
26318 39.759964 -74.446021 -11.158052 0.300000
28613 41.941270 -61.770507 -7.916290 0.300000
28615 41.841244 -60.328061 -7.414959 0.300000
29590 38.732172 -67.523009 -13.540518 0.400000
29591 37.619954 -67.613048 -13.692105 0.400000
29592 38.156792 -66.056007 -14.006236 0.500000
29593 38.545884 -64.632661 -13.868347 0.500000
29594 36.014028 -65.680390 -12.976178 0.400000
29595 37.485973 -64.575363 -13.340533 0.400000
29596 38.784479 -63.303901 -13.613572 0.500000
29597 38.804668 -61.974232 -13.144201 0.600000
29598 38.065942 -60.661843 -12.279427 0.700000
29599 37.273074 -59.213031 -11.648425 0.600000
29600 36.810567 -57.800598 -11.300506 0.300000
29601 36.883981 -59.064784 -12.015520 0.500000
29602 36.699529 -58.846508 -12.758843 0.500000
29603 36.656398 -58.728274 -13.580698 0.500000
29604 35.370740 -61.182069 -13.412674 0.700000
29605 35.898401 -60.040664 -14.069245 0.600000
29606 36.578396 -58.750102 -14.503002 0.600000
29607 36.137914 -58.721908 -15.152267 0.600000
29608 35.483614 -58.485442 -15.491054 0.700000
29609 34.763241 -57.897004 -15.604287 0.700000
34299 40.975879 -69.222840 -8.106230 0.300000
34300 40.408758 -67.821321 -7.354689 0.300000
34301 40.818957 -67.901356 -8.233161 0.300000
34304 41.947694 -66.230629 -10.491436 0.300000
34309 42.084427 -58.811947 -9.201123 0.300000
34310 40.314238 -66.095115 -13.851910 0.400000
34311 41.499870 -64.604467 -13.538692 0.400000
34312 42.420294 -62.958296 -12.749711 0.400000
34313 41.171343 -61.683196 -12.970699 0.400000
34314 41.777924 -61.391251 -12.417316 0.500000
34317 41.884374 -58.585485 -9.925269 0.300000
34318 41.513635 -57.452265 -9.127157 0.300000
34319 41.064893 -56.139876 -8.754582 0.300000
34320 40.863923 -54.849314 -8.428580 0.300000
34338 36.548113 -56.279027 -11.229279 0.500000
35981 40.930913 -70.329685 -8.078835 0.300000
35982 41.221815 -70.466108 -8.992920 0.300000
35983 41.177767 -70.607988 -9.862260 0.400000
35984 40.869429 -70.597074 -10.654894 0.300000
35985 40.172916 -73.133632 -11.274024 0.400000
35986 40.434453 -71.758488 -11.210102 0.400000
35987 40.431700 -70.444280 -11.329728 0.500000
35988 39.722340 -70.215089 -11.861194 0.500000
35996 36.154432 -73.701151 -11.647512 0.300000
40401 32.097405 -61.190254 -13.056537 0.500000
40402 32.728763 -59.841486 -13.919484 0.600000
40403 33.433535 -58.474528 -14.765995 0.700000
40404 34.062140 -57.051181 -15.536713 0.700000
40407 29.381097 -59.262143 -13.576132 0.500000
40409 29.969324 -57.385872 -13.670188 0.500000
40410 30.625459 -58.044341 -13.739590 0.500000
40411 32.051521 -56.922034 -14.143212 0.500000
40412 33.399581 -56.100768 -15.141309 0.600000
40413 34.742135 -55.576904 -16.150364 0.800000
40414 35.439565 -53.985302 -16.503762 0.500000
40415 36.100289 -52.324580 -16.696441 0.400000
41724 39.908627 -69.227387 -6.917280 0.300000
41725 39.622313 -68.564371 -6.616846 0.300000
41726 40.005900 -68.518897 -6.932804 0.300000
42325 39.547982 -68.223314 -12.994441 0.400000
42326 39.049686 -68.280612 -13.125025 0.400000
42327 37.491480 -58.753740 -11.148920 0.500000
42328 37.778711 -58.864697 -11.056689 0.600000
42329 37.459361 -58.002504 -10.743471 0.400000
42330 37.474961 -57.309475 -10.361765 0.500000
42331 37.215260 -57.154863 -10.534355 0.500000
42332 37.026220 -56.333596 -10.417469 0.500000
42333 36.968407 -57.116664 -10.758995 0.500000
42334 35.985580 -56.772878 -16.346696 0.600000
42335 36.694023 -56.297217 -16.335738 0.700000
42336 36.337048 -56.018005 -16.522939 0.700000
42337 36.676587 -55.205833 -16.659001 0.700000
42338 35.959885 -55.665124 -16.520199 0.700000
44057 41.873362 -58.248975 -8.412143 0.300000
44058 41.817384 -58.222600 -7.970167 0.300000
44059 41.712770 -57.518657 -8.014913 0.300000
44727 35.736891 -63.232961 -12.501328 0.500000
44728 36.181962 -63.463971 -12.697660 0.500000
44729 36.345307 -62.783675 -12.826417 0.500000
44730 36.961065 -62.227069 -13.093977 0.700000
44731 36.516912 -62.076094 -12.995354 0.600000
44732 36.697693 -61.413988 -13.179815 0.700000
44733 36.017699 -62.020616 -12.989875 0.600000
44734 33.112350 -61.705933 -12.665699 0.500000
44735 33.688648 -61.275746 -13.135983 0.500000
44736 33.314238 -61.094758 -13.162465 0.700000
44737 33.610646 -60.569985 -13.669275 0.600000
44738 33.024253 -61.004719 -13.222734 0.600000
48249 41.069482 -69.328340 -10.471346 0.400000
48250 41.217227 -68.604389 -10.133472 0.400000
48251 41.233745 -68.591656 -10.617454 0.400000
48252 42.857106 -63.644959 -11.732437 0.300000
48257 39.643420 -63.910529 -13.993451 0.300000
48258 40.154563 -63.872330 -14.057373 0.300000
48259 40.175669 -63.161112 -13.826341 0.400000
48260 39.955428 -58.236242 -10.640283 0.400000
48261 40.379393 -58.813766 -10.991854 0.400000
48262 40.305979 -58.109824 -10.531615 0.400000
48263 40.631752 -57.989771 -10.449430 0.400000
48264 40.280284 -57.425890 -10.201960 0.400000
48265 40.242659 -56.739227 -9.896048 0.400000
48266 39.933404 -56.860189 -9.959970 0.400000
48279 36.573808 -57.480459 -13.280264 0.600000
48280 36.498559 -56.661012 -12.917735 0.600000
48281 36.589408 -56.791068 -13.371581 0.500000
49621 40.595963 -73.622026 -9.921616 0.300000
49622 40.832722 -73.049050 -10.147170 0.300000
49623 40.473913 -73.718432 -10.455822 0.300000
53293 30.463032 -60.075224 -13.727718 0.400000
53294 31.048506 -59.477691 -13.731371 0.400000
53295 30.720897 -59.179380 -13.754200 0.400000
54330 34.605402 -64.250677 -11.958904 0.400000
54331 34.223650 -63.956913 -11.788140 0.400000
54332 34.350289 -63.340281 -11.950685 0.500000
54335 32.986629 -63.604032 -11.569892 0.400000
54337 32.769141 -62.972848 -11.886763 0.400000
57849 40.393158 -69.097330 -12.048395 0.500000
57850 40.970373 -68.442500 -11.876718 0.400000
57851 40.662035 -68.378836 -12.278514 0.500000
57852 40.842817 -66.832709 -13.142375 0.400000
57853 41.206215 -66.821795 -12.771627 0.400000
57854 41.529235 -66.088749 -12.982570 0.400000
57855 42.176194 -65.360250 -12.689441 0.300000
57856 41.840326 -65.338423 -13.134156 0.300000
57857 39.268092 -61.414898 -12.708618 0.600000
57858 39.586524 -61.397617 -12.665699 0.600000
57859 39.140536 -60.830098 -12.238334 0.600000
57860 38.515601 -58.785572 -10.926106 0.500000
57861 38.938648 -59.458592 -11.319683 0.500000
57862 38.853304 -58.658244 -10.895971 0.500000
57863 39.255245 -58.566386 -10.889579 0.500000
57864 38.864316 -57.863353 -10.503307 0.500000
57865 38.871658 -57.094837 -10.123427 0.500000
57866 38.473388 -57.163958 -10.116122 0.500000
57879 36.903252 -57.405881 -15.166878 0.600000
57880 37.036314 -56.744684 -14.883794 0.700000
57881 37.046409 -56.641003 -15.335815 0.700000
57882 37.383194 -54.934806 -15.901068 0.600000
57883 37.290509 -54.973005 -15.505665 0.700000
57884 37.441008 -54.151738 -15.546757 0.500000
57889 37.329969 -53.516007 -16.849854 0.400000
57893 37.186812 -52.498292 -17.068102 0.400000
59220 39.161642 -76.092191 -10.608322 0.300000
59221 38.844128 -76.244076 -11.106001 0.300000
59222 39.057945 -75.672009 -11.292288 0.300000
59223 38.537625 -76.289550 -11.513276 0.300000
63047 42.093603 -61.058379 -8.117188 0.300000
63048 41.942188 -61.050194 -7.637773 0.300000
63049 42.035790 -60.369898 -7.859673 0.300000
63050 41.765077 -58.174397 -7.267938 0.300000
63051 41.740300 -58.911991 -7.238716 0.300000
63052 41.738464 -58.123466 -6.955633 0.300000
65050 37.417148 -68.386112 -13.379800 0.300000
65051 36.861957 -68.341547 -13.504904 0.300000
65052 36.857368 -66.725390 -13.631835 0.600000
65053 37.384112 -66.810881 -13.808991 0.500000
65054 37.677767 -66.013262 -13.805338 0.400000
65055 38.377950 -65.315685 -13.981580 0.400000
65056 37.850289 -65.362979 -13.719500 0.400000
65057 34.922916 -66.057826 -12.595385 0.500000
65058 35.300997 -66.202435 -12.845594 0.500000
65059 35.548768 -65.509406 -12.758843 0.400000
65060 37.145517 -63.757735 -13.072974 0.600000
65061 36.973913 -64.425298 -13.074800 0.500000
65062 37.612612 -63.863235 -13.274785 0.400000
65063 38.130179 -63.944180 -13.503078 0.500000
65064 38.245806 -63.283893 -13.451027 0.700000
65065 38.894600 -62.634519 -13.472943 0.700000
65066 38.376115 -62.579040 -13.339620 0.700000
65067 37.790640 -60.976525 -12.764322 0.700000
65068 38.111826 -61.179341 -12.694007 0.700000
65069 37.739251 -60.490859 -12.316867 0.700000
65070 37.640142 -59.969724 -11.965296 0.600000
65071 37.364841 -59.769637 -12.042916 0.700000
65072 37.077610 -59.158462 -11.835625 0.600000
65073 37.153776 -59.737804 -12.186284 0.700000
65074 36.785790 -60.123427 -13.138722 0.600000
65075 36.854615 -59.477691 -12.780759 0.500000
65076 36.702282 -59.425851 -13.075713 0.500000
65077 36.653645 -58.741007 -13.104022 0.500000
65078 36.603173 -59.419484 -13.528647 0.600000
65079 34.621002 -62.204332 -12.545160 0.600000
65080 35.178029 -61.749589 -13.021836 0.800000
65081 34.796278 -61.615894 -13.032794 0.700000
65082 34.915575 -60.409006 -14.070158 0.600000
65083 35.323021 -60.455389 -13.999844 0.600000
65084 35.585475 -59.966086 -14.252792 0.600000
65085 36.224175 -59.423122 -14.282014 0.600000
65086 35.947038 -59.401294 -14.552313 0.500000
65087 36.338884 -58.785572 -14.814393 0.600000
65088 35.691008 -59.374010 -14.856399 0.600000
65089 34.292476 -59.434945 -14.750471 0.700000
65090 35.043131 -59.082065 -15.090171 0.700000
65091 34.733876 -58.825589 -15.243584 0.700000
65092 35.128475 -58.200772 -15.664557 0.700000
65093 34.354877 -58.583666 -15.228060 0.700000
75624 41.171343 -69.246486 -8.615780 0.300000
75625 40.896959 -68.601660 -8.175631 0.300000
75626 41.068564 -68.565281 -8.690660 0.300000
75627 41.315418 -67.050986 -9.399282 0.300000
75628 41.078658 -67.091913 -8.880600 0.300000
75632 41.912822 -66.971860 -11.378126 0.400000
75633 41.797195 -66.999145 -10.871316 0.400000
75634 42.099109 -66.204254 -10.979983 0.400000
75645 42.238595 -59.550450 -9.147246 0.300000
75646 42.289067 -59.348544 -9.591048 0.300000
75647 39.005638 -66.785416 -13.859215 0.400000
75648 39.557159 -66.824524 -13.780682 0.400000
75649 39.776482 -66.017809 -14.015368 0.400000
75650 41.091506 -63.871421 -13.815383 0.300000
75651 40.986891 -64.598101 -13.787074 0.300000
75652 41.515470 -63.836860 -13.551476 0.400000
75653 42.037625 -63.837770 -13.250129 0.400000
75654 41.944941 -62.982852 -13.093064 0.400000
75655 40.347274 -61.213901 -12.654741 0.500000
75656 40.716178 -61.802339 -13.047405 0.400000
75657 40.752885 -61.105672 -12.534202 0.500000
75658 41.288805 -59.980637 -11.590895 0.300000
75659 41.394337 -60.743697 -12.185370 0.400000
75660 41.752229 -60.579989 -11.896808 0.400000
75661 42.111039 -61.259375 -12.086748 0.400000
75665 41.296147 -57.931564 -10.116122 0.400000
75666 41.662298 -58.482713 -10.285059 0.300000
75667 41.454904 -57.947025 -9.833952 0.400000
75668 41.638438 -58.059802 -9.535345 0.300000
75669 41.319088 -57.427709 -9.414806 0.400000
75670 41.265863 -56.835633 -8.965525 0.300000
75671 41.067646 -56.830176 -9.233998 0.400000
75672 40.373886 -55.495959 -9.038579 0.300000
75673 40.660200 -55.505964 -8.836768 0.400000
75674 40.565680 -54.862957 -8.645915 0.300000
75714 36.634374 -57.766038 -11.554368 0.400000
75715 36.650892 -57.028444 -11.203710 0.500000
75716 36.509571 -56.944771 -11.525147 0.500000
75717 36.469193 -55.295872 -12.091314 0.400000
75718 36.430651 -55.360446 -11.643859 0.400000
75722 36.841768 -55.182186 -14.115816 0.600000
75723 36.658234 -55.155811 -13.616311 0.600000
79740 40.897877 -70.883562 -7.943685 0.300000
79742 41.094259 -70.368793 -8.529029 0.300000
79744 41.085082 -71.822152 -10.264056 0.300000
79745 41.203462 -71.145494 -9.871392 0.300000
79746 41.075905 -71.231895 -10.243966 0.300000
79747 41.008915 -70.626177 -10.254924 0.400000
79748 40.937337 -71.235533 -10.603756 0.300000
79749 39.425014 -74.447840 -11.491359 0.300000
79750 39.971946 -73.833936 -11.278590 0.300000
79751 39.602125 -73.789372 -11.526973 0.300000
79752 39.547064 -72.237788 -11.598201 0.300000
79753 39.953593 -72.327827 -11.430177 0.400000
79754 40.034348 -71.631160 -11.453006 0.400000
79755 40.398664 -71.079102 -11.240237 0.400000
79756 40.063713 -70.955411 -11.516928 0.400000
79757 40.105009 -70.336961 -11.624683 0.400000
79758 39.653514 -70.847183 -11.714174 0.300000
79780 36.329707 -72.924450 -11.553455 0.300000
90757 31.533037 -61.665916 -12.932345 0.500000
90758 31.791820 -60.976525 -13.302180 0.500000
90759 32.396566 -60.473579 -13.472030 0.500000
90760 32.111170 -60.270764 -13.612659 0.500000
90761 32.453462 -58.455428 -14.119469 0.600000
90762 32.807683 -58.781934 -14.268316 0.600000
90763 33.121527 -58.047069 -14.673765 0.600000
90764 33.737284 -57.771495 -15.157746 0.700000
90765 33.432617 -57.325846 -15.069168 0.600000
90778 30.254720 -56.462743 -13.699410 0.400000
90779 30.591506 -56.862008 -13.766985 0.500000
90780 30.348323 -57.714197 -13.719500 0.500000
90781 30.936550 -57.142130 -13.807164 0.500000
90782 31.356844 -57.374049 -13.905787 0.500000
90783 31.698218 -56.459106 -14.061026 0.500000
90784 33.332591 -54.894789 -15.115740 0.500000
90785 33.043525 -55.706051 -14.855486 0.600000
90786 33.696907 -55.318609 -15.433524 0.500000
90787 34.052046 -55.857935 -15.679167 0.700000
90788 34.378737 -55.046673 -15.927550 0.600000
90789 35.082591 -54.803840 -16.352175 0.600000
90790 34.692581 -54.236320 -16.145798 0.600000
90792 35.307421 -52.667456 -16.404226 0.400000
91217 40.428947 -67.148301 -7.449659 0.300000
94614 39.668197 -68.957270 -12.560684 0.400000
94615 40.293131 -68.319719 -12.630085 0.500000
94616 39.948087 -68.249689 -12.861118 0.400000
94617 40.196776 -67.504820 -13.105848 0.400000
94618 40.507867 -66.802696 -13.409021 0.400000
94619 38.294442 -60.150711 -11.863934 0.600000
94620 38.670688 -60.230746 -11.835625 0.600000
94621 38.199004 -59.556817 -11.412827 0.600000
94622 38.149450 -58.821042 -10.984549 0.500000
94623 38.132932 -58.047069 -10.569969 0.400000
94624 38.132932 -57.247630 -10.201960 0.500000
94625 37.807159 -57.264911 -10.275927 0.600000
94632 36.638045 -57.274005 -15.892850 0.600000
94633 37.030808 -56.641003 -15.726652 0.700000
94634 36.919770 -56.495485 -16.040784 0.700000
94635 37.168459 -55.694227 -16.160409 0.700000
94636 37.399712 -54.872961 -16.242595 0.600000
94637 37.592423 -54.078979 -16.289166 0.500000
94638 37.285003 -54.661960 -16.530244 0.500000
94639 37.014290 -54.364558 -16.774974 0.500000
94640 36.603173 -54.159014 -16.817893 0.500000
97733 42.142240 -59.668684 -8.349134 0.300000
97734 42.038543 -59.686873 -7.998476 0.300000
97735 41.962376 -58.993845 -8.020392 0.300000
97736 41.771501 -58.242609 -7.638686 0.300000
97737 41.720111 -57.463179 -7.251501 0.300000
98935 36.270058 -68.307896 -13.403542 0.300000
98936 35.726797 -68.160559 -13.208123 0.400000
98937 36.031464 -67.352026 -13.356970 0.600000
98938 36.325119 -66.593514 -13.373407 0.600000
98939 35.357893 -64.614471 -12.383529 0.400000
98940 35.772680 -64.815468 -12.637391 0.400000
98941 35.979156 -64.138810 -12.608169 0.400000
98942 36.647221 -63.584933 -12.889426 0.400000
98943 37.307027 -63.082896 -13.113153 0.700000
98944 37.895255 -62.521743 -13.262000 0.700000
98945 37.442843 -62.372587 -13.148767 0.700000
98946 37.525433 -61.604980 -13.073887 0.600000
98947 37.452020 -60.836464 -12.775280 0.700000
98948 37.218013 -60.212556 -12.527810 0.600000
98949 37.125328 -60.836464 -12.990788 0.600000
98950 36.785790 -60.795537 -13.202644 0.600000
98951 36.353567 -60.732783 -13.423632 0.700000
98952 33.877688 -61.926939 -12.625519 0.700000
98953 34.386996 -61.493114 -13.030055 0.700000
98954 34.071317 -61.360328 -13.112240 0.700000
98955 34.274122 -60.833736 -13.615398 0.600000
98956 34.549424 -60.327152 -14.102119 0.600000
98957 34.922916 -59.808744 -14.544094 0.600000
98958 34.237415 -60.143435 -14.185218 0.600000
98959 33.940090 -60.017926 -14.200742 0.600000
98960 33.579445 -59.867861 -14.224484 0.600000
105279 41.211721 -69.321064 -9.567306 0.400000
105280 41.163084 -68.592565 -9.201123 0.300000
105281 41.177767 -68.620760 -9.686931 0.400000
105282 41.256687 -67.856791 -9.786467 0.400000
105283 41.470504 -67.040072 -9.877784 0.300000
105284 42.521238 -65.338423 -11.597287 0.400000
105285 42.382670 -65.436647 -11.009205 0.300000
105293 39.447956 -65.334785 -14.165128 0.400000
105294 39.980205 -65.297496 -14.151430 0.500000
105295 40.081149 -64.574454 -14.145951 0.300000
105296 40.668459 -63.861416 -13.989799 0.400000
105297 41.073152 -63.201129 -13.684799 0.300000
105298 40.103173 -59.846033 -11.607332 0.600000
105299 40.592292 -60.365350 -12.045655 0.600000
105300 40.461065 -59.615933 -11.488620 0.400000
105301 40.840064 -59.401294 -11.318770 0.400000
105302 41.189697 -59.181199 -11.095043 0.400000
105304 41.017174 -58.488170 -10.648502 0.400000
105305 40.953855 -57.954301 -10.312454 0.400000
105306 40.878606 -57.338579 -9.896961 0.400000
105307 40.812534 -56.769240 -9.440375 0.400000
105308 40.548244 -56.723766 -9.649491 0.400000
105309 40.303226 -56.122595 -9.434896 0.400000
105310 40.082985 -55.504145 -9.190165 0.400000
105333 36.462769 -57.549580 -12.335131 0.600000
105334 36.449004 -56.825629 -11.933335 0.400000
105335 36.436157 -56.765602 -12.368918 0.600000
105336 36.463687 -55.982535 -12.454756 0.500000
105337 36.510488 -55.231299 -12.559771 0.400000
107752 41.003409 -72.421504 -10.255837 0.300000
107753 40.863006 -72.492444 -10.675897 0.300000
114359 31.158627 -60.531786 -13.571566 0.400000
114360 31.778973 -60.025202 -13.634575 0.500000
114361 31.464211 -59.752356 -13.664709 0.400000
114362 31.778055 -58.955646 -13.810817 0.600000
114363 32.142371 -58.038884 -14.057373 0.600000
114374 32.039592 -55.631473 -14.253706 0.400000
114376 33.051784 -54.410942 -14.895666 0.400000
114377 33.634505 -54.066246 -15.365036 0.500000
114378 34.326430 -53.686991 -15.852670 0.500000
114379 33.933666 -53.243161 -15.599721 0.400000
115993 34.542082 -65.946869 -12.305909 0.500000
115996 34.781595 -65.198362 -12.191763 0.400000
115997 34.981647 -64.465316 -12.141538 0.400000
115998 35.111039 -63.755007 -12.168933 0.500000
115999 35.295491 -63.031965 -12.392660 0.600000
116000 35.457919 -62.442617 -12.684876 0.600000
116001 34.897221 -62.951930 -12.273035 0.600000
116002 34.484269 -62.753662 -12.199981 0.600000
116003 34.063058 -62.648161 -12.161628 0.600000
116004 33.410593 -63.699528 -11.645686 0.400000
116005 33.536314 -63.114728 -11.873979 0.500000
116006 33.695989 -62.525381 -12.175325 0.500000
116007 33.303226 -62.435342 -12.185370 0.500000
116008 32.931569 -62.344393 -12.237421 0.500000
120924 40.915313 -69.240120 -11.271285 0.400000
120925 41.241086 -68.524354 -11.041166 0.400000
120926 41.164002 -68.488884 -11.456659 0.400000
120927 41.415444 -67.787670 -11.634728 0.400000
120928 41.706346 -67.000964 -11.859368 0.400000
120929 40.913477 -67.671256 -12.508633 0.400000
120930 41.531071 -66.898192 -12.323259 0.400000
120931 42.088097 -66.155142 -12.026478 0.400000
120932 42.399188 -65.295677 -12.152496 0.400000
120933 42.560698 -64.503514 -12.270295 0.300000
120934 42.688255 -63.674972 -12.298604 0.400000
120935 39.702151 -62.589954 -13.472943 0.400000
120936 40.112350 -62.529019 -13.467464 0.400000
120937 39.937075 -61.960590 -13.094890 0.600000
120938 39.972864 -61.279384 -12.644696 0.500000
120939 39.893944 -60.693675 -12.220984 0.500000
120940 39.046933 -60.207100 -11.767137 0.600000
120941 39.363530 -60.120698 -11.753440 0.500000
120942 39.798506 -60.010650 -11.738829 0.600000
120943 39.637914 -59.224854 -11.232932 0.600000
120944 39.584689 -58.427234 -10.764474 0.500000
120945 39.557159 -57.613244 -10.331631 0.400000
120966 36.852780 -57.464088 -14.289319 0.600000
120967 36.813320 -56.685568 -13.908526 0.600000
120968 36.915182 -56.688296 -14.408945 0.600000
120969 36.933535 -55.920689 -14.525831 0.600000
120970 36.948218 -55.129436 -14.621714 0.600000
120971 37.122575 -55.807913 -15.489228 0.700000
120972 37.137258 -55.093966 -15.091084 0.600000
120973 37.058338 -54.309989 -14.704813 0.500000
122846 40.065549 -74.364167 -10.749864 0.300000
122847 39.569088 -75.050829 -11.030207 0.300000
122848 39.246986 -75.074476 -11.408261 0.300000
122849 38.856975 -75.082661 -11.693171 0.300000
127989 29.403121 -60.512687 -13.605353 0.400000
128203 41.697169 -61.788697 -7.478881 0.300000
128206 41.896304 -59.667774 -7.565632 0.300000
130780 38.513766 -68.305168 -13.238258 0.400000
130781 37.950315 -68.308806 -13.305833 0.400000
130782 38.133850 -67.606682 -13.611745 0.400000
130783 38.441270 -66.889097 -13.885697 0.500000
130784 37.086786 -67.610320 -13.734111 0.500000
130785 37.904432 -66.851808 -13.894829 0.400000
130786 38.694547 -66.064193 -14.174260 0.500000
130787 38.921212 -65.316595 -14.145951 0.400000
130788 39.049686 -64.664493 -14.012628 0.400000
130789 39.160724 -63.990564 -13.882044 0.500000
130790 34.972471 -67.022792 -12.862031 0.500000
130791 35.755245 -66.444358 -13.094890 0.500000
130792 36.554537 -65.824998 -13.299441 0.500000
130793 36.249870 -64.958257 -12.873902 0.400000
130794 36.761930 -65.144702 -13.143288 0.500000
130795 37.315287 -65.275668 -13.459246 0.400000
130796 38.031070 -64.618109 -13.577045 0.400000
130797 38.677111 -63.955094 -13.721326 0.500000
130798 39.249739 -63.319362 -13.702149 0.500000
130799 39.313058 -62.598140 -13.473856 0.700000
130800 39.227714 -61.952404 -13.118632 0.600000
130801 38.858810 -61.423993 -12.687615 0.600000
130802 38.391715 -61.885102 -13.107674 0.700000
130803 38.505507 -61.336682 -12.705879 0.600000
130804 38.420163 -60.801904 -12.281253 0.600000
130805 37.954904 -60.099780 -11.897721 0.600000
130806 37.526351 -59.353092 -11.583590 0.600000
130807 37.217096 -58.551834 -11.260327 0.400000
130808 36.994101 -57.852439 -11.079519 0.400000
130809 37.023467 -58.530006 -11.447527 0.600000
130810 36.821579 -58.500903 -11.642033 0.400000
130811 36.661904 -58.362661 -11.915071 0.400000
130812 36.972995 -59.632304 -12.386268 0.600000
130813 36.732565 -59.111168 -12.325999 0.600000
130814 36.542607 -58.338105 -12.312301 0.500000
130815 36.547195 -58.154388 -12.744232 0.600000
130816 36.598585 -58.113462 -13.190773 0.600000
130817 36.707788 -58.057983 -13.675667 0.600000
130818 35.593734 -61.896016 -12.994441 0.700000
130819 35.810305 -61.290298 -13.327749 0.700000
130820 36.020452 -60.701860 -13.602614 0.700000
130821 35.030284 -61.022909 -13.532299 0.700000
130822 35.603829 -60.626373 -13.792554 0.700000
130823 36.223257 -60.075224 -13.795293 0.600000
130824 36.489382 -59.412208 -13.980667 0.500000
130825 36.617856 -58.787391 -14.071984 0.600000
130826 36.714212 -58.152569 -14.154170 0.600000
130827 36.783955 -58.062530 -14.649109 0.600000
130828 36.681175 -58.121647 -14.976938 0.600000
130829 36.526089 -58.049797 -15.386952 0.600000
130830 35.354222 -59.281242 -14.951369 0.600000
130831 35.816729 -58.706447 -15.360470 0.600000
130832 36.260882 -58.013418 -15.664557 0.600000
130833 35.935108 -57.774223 -15.878239 0.700000
130834 35.524909 -57.531390 -16.030739 0.700000
130835 35.182617 -57.176690 -15.954032 0.700000
137363 41.545753 -56.810167 -8.326304 0.300000
137364 41.652203 -56.823810 -7.944598 0.300000
143949 40.727190 -69.182822 -7.642338 0.300000
143950 40.432617 -68.495250 -7.285288 0.300000
143951 40.692319 -68.547091 -7.698042 0.300000
143952 40.628082 -67.919545 -7.780227 0.300000
143954 40.996986 -67.865886 -8.771019 0.300000
143955 40.889618 -67.185590 -8.316260 0.300000
143960 41.476010 -67.834963 -10.724295 0.400000
143961 41.619167 -67.036434 -10.386421 0.400000
143962 41.741217 -66.244271 -9.969101 0.300000
143963 42.229419 -65.445742 -10.485044 0.300000
143970 42.131228 -61.747770 -8.400271 0.300000
143971 42.248690 -61.011086 -8.593864 0.300000
143974 42.265208 -60.357165 -8.687008 0.300000
143975 42.189959 -59.650494 -8.743624 0.300000
143976 42.075250 -58.880159 -8.842247 0.300000
143977 41.868774 -58.166212 -8.851379 0.300000
143978 39.243315 -67.586673 -13.460159 0.400000
143979 40.076561 -66.820886 -13.628183 0.400000
143980 40.732696 -66.122400 -13.629096 0.400000
143981 40.495937 -65.269302 -13.968796 0.400000
143982 40.863006 -65.358431 -13.720413 0.300000
143983 41.373231 -65.345699 -13.474770 0.300000
143984 41.983483 -64.610833 -13.229126 0.300000
143985 42.418459 -63.795933 -12.804501 0.400000
143986 42.634112 -62.850977 -12.284906 0.400000
143987 40.526220 -62.544480 -13.495773 0.300000
143988 40.982303 -62.473540 -13.422719 0.300000
143989 41.350289 -62.347121 -13.208123 0.300000
143990 41.077741 -60.887395 -12.411837 0.500000
143991 41.464081 -61.514941 -12.723229 0.400000
143992 41.749476 -62.216155 -12.933258 0.400000
143993 42.156923 -62.127026 -12.629172 0.400000
143994 42.443236 -62.036986 -12.222810 0.400000
143995 42.714867 -61.931486 -11.773530 0.300000
143999 41.767830 -59.015672 -10.603756 0.300000
144000 42.007342 -59.117535 -10.292364 0.300000
144001 42.212901 -59.278514 -9.961796 0.300000
144002 41.990824 -58.671886 -9.554521 0.300000
144003 41.788936 -58.096181 -9.212995 0.300000
144004 41.691663 -57.471364 -8.873295 0.300000
144005 41.417279 -56.809258 -8.657786 0.300000
144006 41.238333 -56.169889 -8.460541 0.300000
144008 40.873100 -56.132600 -9.021229 0.400000
144009 40.878606 -55.450485 -8.598430 0.300000
144060 36.813320 -57.099384 -10.956241 0.500000
144061 36.646304 -56.319954 -10.906016 0.500000
144062 36.591244 -55.532339 -10.954414 0.500000
144063 36.444416 -56.185350 -11.536105 0.500000
144064 36.497641 -55.487774 -11.285896 0.400000
144069 36.615103 -55.970711 -13.495773 0.600000
144070 36.528842 -55.148535 -13.038273 0.500000
148844 40.271107 -69.798545 -7.179360 0.300000
148923 40.571186 -70.849911 -7.376605 0.300000
148924 40.642764 -70.301491 -7.527279 0.300000
148925 40.707001 -69.726695 -7.578416 0.300000
148926 40.964867 -69.783993 -8.079748 0.300000
148927 41.180520 -69.855842 -8.531768 0.300000
148928 41.225486 -69.905864 -9.034013 0.300000
148929 41.225486 -71.071826 -9.460464 0.300000
148930 41.242922 -70.528862 -9.440375 0.400000
148931 41.259440 -69.927692 -9.456812 0.400000
148932 41.097929 -70.029554 -9.897874 0.400000
148933 40.997903 -70.009545 -10.337110 0.400000
148934 40.863923 -69.960433 -10.744385 0.400000
148935 40.257342 -73.801195 -10.890492 0.400000
148936 40.462901 -73.188201 -11.005552 0.400000
148937 40.617069 -72.537918 -10.990028 0.400000
148938 39.771894 -73.077244 -11.509623 0.400000
148939 40.351862 -72.437875 -11.247542 0.400000
148940 40.697825 -71.852165 -10.938890 0.400000
148941 40.704248 -71.175507 -10.913321 0.400000
148942 40.653776 -70.569789 -10.986375 0.500000
148943 40.747379 -69.891312 -11.110567 0.400000
148944 40.544573 -69.787631 -11.463051 0.400000
148945 40.222471 -69.709415 -11.826494 0.500000
148946 39.832460 -69.618466 -12.076703 0.500000
148949 39.440614 -69.537522 -12.276688 0.300000
148950 39.057945 -69.513875 -12.386268 0.300000
148971 36.917935 -73.089067 -11.693171 0.300000
162159 32.421343 -61.419445 -12.928693 0.500000
162160 32.726010 -60.730054 -13.419066 0.500000
162161 33.020583 -60.105237 -13.886610 0.500000
162162 33.306896 -59.530442 -14.332238 0.700000
162163 32.455297 -59.560455 -13.901221 0.500000
162164 33.085737 -59.165737 -14.355068 0.700000
162165 33.658365 -58.878340 -14.815306 0.700000
162166 34.051128 -58.178035 -15.262761 0.700000
162167 34.448480 -57.459541 -15.665470 0.700000
162168 34.821055 -56.754689 -16.001517 0.700000
162176 29.054405 -60.191638 -13.508557 0.500000
162177 29.675669 -59.649584 -13.623617 0.500000
162183 29.262717 -58.118009 -13.567000 0.500000
162184 29.683011 -58.299906 -13.621790 0.500000
162185 30.033561 -58.652787 -13.664709 0.400000
162186 30.364841 -58.902896 -13.726805 0.500000
162187 31.035659 -58.268984 -13.815383 0.500000
162188 31.715653 -57.751486 -13.936835 0.600000
162189 32.458050 -57.196699 -14.319454 0.600000
162190 32.386472 -56.082578 -14.386115 0.500000
162191 32.746199 -56.484571 -14.584274 0.600000
162192 33.102256 -56.857461 -14.835396 0.600000
162193 33.740037 -56.617356 -15.413434 0.700000
162194 34.396173 -56.312678 -15.871847 0.700000
162195 35.189041 -55.980716 -16.269990 0.800000
162196 35.573546 -55.182186 -16.493717 0.700000
162197 35.943367 -54.418218 -16.660828 0.600000
162198 36.226010 -53.652430 -16.785932 0.500000
162199 35.012848 -53.486903 -16.259032 0.500000
162200 35.789198 -53.136751 -16.610603 0.500000
162201 36.515994 -52.844806 -16.911950 0.500000
162709 40.077479 -67.761295 -7.000378 0.300000
162736 41.666886 -56.761055 -7.523626 0.300000
162737 41.683404 -56.736499 -7.182100 0.300000
