#!ascii label, from file  /biac2/kgs/3Danat/FreesurferSegmentations/fsaverage-bkup/label/CBA/cROIs/averages/label/MPM_rh.FG4.label 
1586
156 37.785134 -43.872721 -17.682667 1.000000
158 44.412560 -49.728905 -12.227376 0.300000
352 38.577085 -45.922704 -10.999160 0.700000
615 36.668328 -24.956311 -20.339085 0.300000
623 31.656005 -37.299862 -19.414955 0.600000
624 39.127688 -32.572351 -18.231484 0.300000
632 43.164526 -35.846503 -17.437937 0.400000
1389 27.290640 -57.040267 -12.999007 0.400000
1394 34.395255 -31.760180 -21.157288 0.400000
1413 46.397484 -45.220580 -14.503915 0.300000
1414 37.700709 -45.080519 -14.088421 0.700000
1415 40.810698 -40.603117 -13.144201 0.700000
1416 38.981778 -39.227974 -15.325770 0.700000
1417 41.103436 -33.623717 -17.403237 0.500000
1418 37.313451 -38.015628 -17.494554 0.900000
1783 39.144206 -51.884388 -8.900690 0.400000
1784 41.581543 -47.601616 -10.926106 0.500000
1785 37.170294 -51.862561 -10.631151 0.800000
1786 37.182224 -51.209549 -14.265577 0.600000
1787 37.727321 -50.060868 -17.280871 0.800000
2501 32.791165 -52.658361 -14.628106 0.500000
2502 34.268616 -46.326516 -16.835243 0.800000
2505 35.146828 -41.237029 -18.855180 1.000000
2506 36.208574 -35.635502 -19.800314 0.700000
2507 37.853042 -28.942590 -18.707247 0.300000
2530 43.334296 -42.537595 -13.155159 0.300000
3327 43.388438 -50.958531 -10.185523 0.300000
3332 48.137390 -46.694858 -15.426219 0.300000
3333 45.578921 -47.708935 -13.501252 0.400000
3334 37.920950 -44.753104 -16.161322 1.000000
3335 38.155874 -42.214727 -14.643630 0.800000
3336 37.911773 -41.545345 -16.385050 1.000000
3337 38.093472 -38.608613 -16.571337 0.800000
3338 37.381359 -40.958726 -17.591350 1.000000
3930 38.848716 -54.942991 -9.145420 0.500000
3931 37.511668 -54.821120 -9.548129 0.700000
3932 37.890667 -51.928044 -9.393803 0.600000
3933 36.681175 -54.798383 -10.612888 0.500000
3935 36.860121 -54.399118 -14.188870 0.500000
3937 37.869560 -50.824836 -15.933942 0.700000
5606 28.522156 -53.115833 -13.548737 0.400000
5607 29.942712 -54.696521 -13.586177 0.400000
5608 31.303619 -50.940341 -13.923137 0.500000
5609 33.814369 -49.436050 -15.368689 0.600000
5610 32.110252 -47.540680 -14.800696 0.600000
5616 30.797064 -40.132913 -17.900002 0.700000
5617 32.944416 -41.845476 -17.521949 0.900000
5618 33.436288 -39.454436 -18.788519 0.800000
5619 35.600158 -38.375785 -19.519970 1.000000
5620 34.251181 -36.833295 -19.992080 0.800000
5621 35.848847 -28.565153 -20.832198 0.300000
5622 36.355402 -30.672434 -20.251421 0.300000
5623 37.064762 -27.004474 -19.390299 0.300000
5679 40.015077 -46.612095 -10.513352 0.700000
5680 42.433142 -45.182382 -11.993604 0.400000
5681 40.998821 -44.000049 -11.452093 0.500000
5682 42.086262 -38.189340 -15.225321 0.500000
5689 40.147222 -33.153513 -17.673536 0.300000
7116 33.009571 -34.622334 -20.759145 0.700000
7119 35.568040 -26.526084 -21.929831 0.300000
7152 37.808076 -45.473418 -12.339696 0.700000
7153 39.577347 -43.123304 -11.801838 0.600000
7154 38.581674 -42.699484 -12.936911 0.700000
7155 39.799424 -39.860976 -14.106685 0.700000
7156 41.011668 -37.133426 -15.634422 0.600000
7157 42.114710 -34.699640 -17.334749 0.400000
7158 39.941663 -36.441307 -16.371352 0.500000
7159 38.987284 -35.628226 -17.066276 0.500000
7160 38.062271 -35.194401 -17.891784 0.500000
7998 40.648270 -52.357321 -8.774672 0.500000
7999 41.754982 -50.330076 -10.118862 0.400000
8000 42.938779 -48.791224 -11.726045 0.400000
8001 40.426194 -49.723448 -9.744461 0.500000
8002 38.987284 -49.305994 -9.763638 0.600000
8003 37.696120 -48.840337 -10.623846 0.700000
8004 36.493970 -54.496434 -12.190849 0.500000
8005 36.855533 -51.541512 -12.333304 0.700000
8006 37.272156 -48.498370 -12.279427 0.800000
8007 37.319875 -48.024527 -14.047329 0.800000
8008 37.829183 -47.558870 -15.904721 0.900000
8009 37.942974 -46.835828 -17.521949 1.000000
9993 36.546278 -22.698965 -21.260476 0.300000
9996 37.151941 -20.778130 -19.992993 0.300000
10060 35.182617 -51.365981 -16.324780 0.600000
10061 36.100289 -48.121842 -17.251650 0.800000
10062 36.446251 -45.085976 -17.975796 1.000000
10069 32.463556 -44.523914 -16.054481 0.600000
10070 34.687075 -43.650807 -17.882652 0.900000
10071 36.533430 -42.401172 -18.478953 1.000000
10072 36.644468 -39.742743 -18.716378 1.000000
10073 36.758260 -37.036111 -18.667067 0.900000
10074 37.655743 -33.811072 -18.852441 0.500000
10075 35.540509 -33.922029 -20.738142 0.600000
10076 37.175800 -32.384087 -19.648727 0.400000
10077 38.617463 -30.813404 -18.627801 0.300000
10144 43.961065 -46.407460 -12.731447 0.400000
10145 44.772287 -43.809057 -13.764245 0.300000
10147 41.983483 -41.495323 -12.786238 0.400000
11007 43.889487 -50.367365 -11.180881 0.300000
11011 45.809256 -49.423318 -13.324096 0.300000
11012 46.316729 -48.438344 -14.003496 0.400000
11013 45.061354 -48.880354 -12.996267 0.400000
11014 37.958574 -44.395676 -16.995962 1.000000
11015 37.894337 -43.164231 -16.305604 1.000000
11016 37.776875 -42.950502 -17.029749 1.000000
11017 37.647484 -41.399827 -17.006920 1.000000
11018 37.559387 -42.575793 -17.595003 1.000000
11610 37.842030 -56.449101 -9.947185 0.600000
11612 36.985842 -54.847495 -10.058592 0.600000
11617 37.535528 -53.798857 -16.616995 0.500000
13286 29.109466 -51.259571 -13.949619 0.400000
13287 29.925276 -51.982613 -13.765158 0.400000
13288 30.444678 -50.142721 -14.053721 0.500000
13289 31.793656 -49.244149 -14.308496 0.600000
13295 29.683011 -39.298913 -18.262532 0.600000
13296 31.143026 -38.745036 -18.643324 0.700000
13297 32.239644 -39.702725 -18.290840 0.800000
13298 32.608548 -38.317577 -19.014072 0.800000
13299 33.778580 -38.077473 -19.377515 0.900000
13300 32.906791 -37.110689 -19.675209 0.700000
13301 36.326954 -26.764370 -20.503456 0.300000
13302 36.393026 -27.858482 -20.118098 0.300000
13303 36.839015 -25.930371 -19.777484 0.400000
13304 37.303357 -25.058173 -19.094432 0.400000
13305 37.074857 -23.991345 -19.571107 0.300000
13359 39.204773 -46.246481 -10.569969 0.700000
13360 40.490431 -45.259688 -11.021989 0.500000
13361 39.757211 -44.833139 -11.036600 0.600000
13362 42.683666 -37.083404 -16.154930 0.400000
13369 39.628737 -32.684218 -18.144732 0.400000
13373 39.860908 -30.841598 -18.350196 0.300000
15689 26.548244 -53.406869 -13.185294 0.300000
15754 47.267437 -45.963631 -14.955022 0.300000
15755 48.509964 -45.459775 -16.086442 0.300000
15756 47.556503 -44.775841 -15.570500 0.300000
15758 46.779235 -44.046433 -15.050905 0.300000
15759 37.716309 -45.317895 -13.166117 0.700000
15760 38.150368 -43.993683 -12.599037 0.700000
15761 37.959492 -43.801781 -13.449201 0.800000
15762 38.636734 -40.521263 -15.004333 0.700000
15763 38.845963 -41.002382 -14.121296 0.700000
15764 39.344259 -39.463531 -14.746819 0.700000
15765 40.428029 -38.443996 -14.895666 0.600000
15766 39.910462 -38.111124 -15.302940 0.600000
15767 40.429864 -36.781455 -15.854496 0.500000
15768 39.368118 -37.841916 -15.711128 0.600000
15769 37.724568 -38.200254 -17.079974 0.900000
15770 38.413740 -37.132517 -16.755797 0.700000
15771 37.990693 -36.685959 -17.184075 0.600000
15772 38.512848 -35.431777 -17.467159 0.500000
15773 37.646566 -36.568635 -17.616006 0.700000
17547 38.744101 -53.437791 -8.770106 0.600000
17548 39.481910 -53.475080 -8.633130 0.400000
17549 39.853567 -52.190885 -8.794762 0.500000
17550 41.164920 -51.271394 -9.370974 0.500000
17551 40.476666 -50.975811 -9.299746 0.400000
17552 41.110777 -50.053592 -9.935314 0.400000
17553 39.727846 -50.813013 -9.209342 0.400000
17554 37.430913 -51.924406 -9.935314 0.700000
17555 38.389880 -50.625659 -9.501557 0.700000
17556 37.889749 -50.546534 -9.965449 0.600000
17557 38.291689 -49.105907 -10.067724 0.700000
17558 37.462114 -50.372822 -10.608322 0.700000
17562 36.946382 -52.812064 -14.290232 0.500000
17563 36.814238 -52.964858 -13.306746 0.600000
17564 36.907840 -51.430554 -13.304006 0.700000
17565 37.073021 -49.989018 -12.310475 0.800000
17566 37.033561 -49.865328 -13.228213 0.800000
17567 37.274909 -48.305559 -13.125025 0.800000
17568 37.265732 -49.624314 -14.174260 0.900000
17569 38.027400 -50.487417 -16.689136 0.800000
17570 37.833771 -49.242330 -15.826188 0.900000
17571 38.029235 -48.879445 -16.744839 0.900000
17572 38.052177 -47.192347 -16.822459 1.000000
17573 37.847536 -48.401055 -17.402323 0.800000
22416 36.245281 -23.496585 -22.001059 0.300000
22578 27.877033 -57.870629 -13.212689 0.400000
22579 31.332984 -53.655159 -13.906700 0.500000
22580 30.544704 -55.533248 -13.737763 0.400000
22581 32.050604 -54.419127 -14.269229 0.500000
22585 33.918983 -52.000802 -15.466398 0.600000
22586 34.099765 -47.765324 -16.142146 0.700000
22587 34.912822 -48.709371 -16.406966 0.700000
22588 35.182617 -47.119588 -17.038881 0.700000
22589 36.309518 -46.580263 -17.716455 0.800000
22590 35.329445 -45.740807 -17.509165 0.900000
22609 34.013504 -41.683587 -18.226918 0.900000
22610 33.815286 -42.791342 -17.609613 1.000000
22611 34.938517 -42.439370 -18.406813 1.000000
22612 35.701102 -43.086015 -18.447906 1.000000
22613 35.938779 -41.930968 -18.837830 1.000000
22614 36.597667 -41.092421 -18.598579 1.000000
22615 36.089277 -40.724988 -19.117261 1.000000
22616 35.878213 -37.123422 -19.692559 0.800000
22617 36.193892 -37.859196 -19.154701 1.000000
22618 36.583902 -36.272142 -19.217710 0.700000
22619 37.243708 -35.523635 -18.831438 0.700000
22620 36.894993 -34.901546 -19.322725 0.600000
22621 33.829052 -33.223543 -21.018485 0.500000
22622 34.326430 -34.394053 -20.814848 0.700000
22623 35.071579 -32.790628 -21.014833 0.400000
22624 37.047326 -29.873904 -19.480703 0.300000
22625 36.834427 -31.662864 -20.090702 0.400000
22626 37.497903 -30.909810 -19.319985 0.300000
22627 37.815418 -31.606476 -19.024117 0.300000
22628 38.264159 -30.084905 -18.817740 0.300000
22629 39.129524 -28.986246 -18.462516 0.400000
22630 38.538543 -28.414179 -18.457951 0.300000
22794 42.278055 -48.200968 -11.278590 0.400000
22795 43.456346 -47.669828 -12.242900 0.400000
22796 42.718538 -47.125955 -11.840191 0.400000
22797 42.925932 -43.861807 -12.483978 0.400000
22798 43.624280 -44.432055 -12.916821 0.400000
22802 40.177505 -41.850023 -12.348828 0.700000
22803 40.832722 -42.248378 -12.119622 0.600000
22804 41.372313 -40.985101 -12.886687 0.600000
22824 41.594390 -34.165771 -17.447069 0.400000
22825 42.735056 -33.274475 -18.120077 0.300000
22826 42.277138 -32.619644 -18.139253 0.400000
24419 42.848847 -51.645193 -9.170076 0.300000
24421 44.353829 -51.066760 -10.221137 0.300000
24430 46.811354 -47.253283 -14.490217 0.300000
24431 46.012062 -46.466577 -14.015368 0.300000
24432 37.803488 -44.987752 -15.120306 0.900000
24433 37.928291 -43.663539 -14.382463 0.800000
24434 37.885161 -43.512565 -15.355904 0.900000
24435 38.092555 -41.881855 -15.547671 0.800000
24436 38.278842 -40.295711 -15.792401 0.700000
24437 38.527531 -38.960584 -15.961338 0.700000
24438 38.025564 -40.016498 -16.469975 0.800000
24439 37.577741 -39.815502 -17.010573 1.000000
24440 37.292345 -39.524466 -17.544778 1.000000
25504 39.281857 -56.314497 -9.645838 0.500000
25505 38.561485 -56.414541 -9.798338 0.500000
25506 38.122838 -54.902065 -9.335360 0.600000
25507 38.124673 -53.311373 -9.077845 0.700000
25508 38.477977 -51.966242 -9.108893 0.600000
25509 37.554799 -53.347752 -9.395629 0.600000
25510 37.151941 -53.361394 -10.024805 0.600000
25511 36.814238 -53.236795 -10.650328 0.600000
25516 37.418066 -52.592878 -15.180575 0.400000
25517 37.582329 -50.973992 -15.143135 0.700000
25518 37.793394 -52.443722 -15.939421 0.400000
25519 37.910855 -52.107212 -16.735708 0.500000
25520 37.422654 -51.633370 -17.167638 0.400000
28522 27.968800 -54.971186 -13.274785 0.400000
28523 28.605664 -55.816099 -13.422719 0.400000
28524 29.296671 -53.903448 -13.534126 0.400000
28525 30.659413 -52.711111 -13.715847 0.500000
28526 32.116676 -51.783435 -14.131340 0.500000
28527 33.382145 -50.960350 -14.997941 0.600000
28528 32.771894 -49.998113 -14.504828 0.600000
28529 33.086655 -48.431977 -15.012552 0.600000
28530 33.287625 -46.885850 -15.703823 0.700000
28540 30.489644 -41.589910 -17.237952 0.600000
28541 31.678947 -42.356607 -16.843462 0.700000
28542 31.959754 -40.968731 -17.631530 0.800000
28543 33.208705 -40.714984 -18.031499 0.800000
28544 34.256687 -40.377564 -18.755645 0.900000
28545 35.278973 -39.973752 -19.285285 1.000000
28546 34.562271 -39.054262 -19.204925 0.900000
28547 34.900892 -37.620001 -19.698038 1.000000
28548 35.468931 -36.193926 -19.992080 0.700000
28549 35.211983 -30.162212 -21.074189 0.300000
28550 35.557945 -31.186294 -20.789279 0.300000
28551 35.995675 -29.650171 -20.492498 0.300000
28552 36.645386 -28.964418 -19.824969 0.300000
28553 37.402465 -28.018552 -19.080734 0.300000
28554 37.994364 -27.518334 -18.703594 0.300000
28555 37.636472 -26.186846 -18.783040 0.300000
28653 40.812534 -47.098670 -10.647588 0.700000
28654 41.994495 -46.502047 -11.457572 0.500000
28655 41.291558 -45.819022 -11.213755 0.600000
28656 41.726535 -44.552108 -11.667602 0.500000
28657 42.231254 -43.271551 -12.162541 0.500000
28658 41.452151 -39.367125 -14.121296 0.600000
28659 41.978894 -39.846424 -13.928616 0.500000
28660 42.600158 -38.736851 -15.032641 0.400000
28671 40.573939 -33.332682 -17.531994 0.400000
28673 41.262193 -31.895693 -17.972143 0.300000
31947 26.695989 -56.108044 -12.732361 0.400000
31948 27.236498 -54.203579 -13.195339 0.400000
31949 27.663215 -52.503749 -13.628183 0.300000
31961 30.864054 -36.245767 -19.858757 0.500000
31962 32.186419 -36.053865 -20.135448 0.600000
31963 31.553226 -34.921555 -20.599339 0.500000
31964 32.421343 -33.488204 -21.108890 0.400000
31965 33.318826 -32.106694 -21.443111 0.500000
31967 33.031595 -30.819770 -21.868649 0.400000
31968 34.109859 -30.596946 -21.528949 0.400000
31970 35.716702 -27.477407 -21.249518 0.300000
31971 36.227845 -25.693904 -21.002962 0.300000
32046 38.024647 -45.630759 -11.609159 0.700000
32047 39.049686 -44.479349 -11.349818 0.600000
32048 38.529366 -44.204684 -11.877631 0.700000
32049 39.030415 -42.841364 -12.240161 0.700000
32050 39.631490 -41.465310 -12.837375 0.700000
32051 38.319219 -42.428457 -13.775203 0.800000
32052 39.141453 -41.262495 -13.356057 0.700000
32053 40.267437 -40.207491 -13.557868 0.700000
32054 40.928160 -38.896011 -14.405292 0.700000
32055 41.545753 -37.644557 -15.436264 0.600000
32056 42.104615 -36.507699 -16.264511 0.400000
32057 42.674490 -35.278073 -17.337488 0.400000
32058 41.568695 -35.889248 -16.550334 0.400000
32059 40.998821 -35.474523 -16.611516 0.400000
32060 40.462901 -35.139831 -16.844375 0.500000
32061 38.837704 -37.483578 -16.262684 0.600000
32062 39.284610 -36.179375 -16.624301 0.500000
32063 39.956346 -34.770580 -17.132938 0.500000
32064 39.514028 -34.363130 -17.433371 0.500000
32065 39.023991 -34.031167 -17.784943 0.400000
32066 38.602780 -33.815619 -18.044283 0.400000
34322 39.590195 -54.820211 -8.986528 0.400000
34323 40.308732 -53.501455 -8.577427 0.400000
34324 41.473257 -52.495563 -8.658699 0.300000
34325 41.994495 -51.518775 -9.336273 0.400000
34326 42.515732 -50.709332 -10.220224 0.300000
34327 43.089277 -49.990837 -11.178141 0.300000
34328 43.699529 -49.278709 -12.032871 0.400000
34329 42.374411 -49.572473 -10.888666 0.400000
34330 41.780677 -49.131372 -10.648502 0.400000
34331 41.099765 -48.713918 -10.358113 0.500000
34332 39.029497 -50.643849 -9.324402 0.500000
34333 39.661773 -49.524271 -9.681452 0.600000
34334 40.299555 -48.304649 -10.096945 0.600000
34335 39.514946 -48.009976 -10.069550 0.700000
34336 38.730336 -47.654366 -10.297843 0.700000
34337 38.081542 -47.297848 -10.727034 0.800000
34339 36.522418 -54.816573 -11.334294 0.400000
34340 36.687599 -53.136751 -11.417393 0.600000
34341 36.609597 -54.453688 -13.106761 0.500000
34342 36.652728 -53.087639 -12.326912 0.600000
34343 36.956477 -51.692487 -11.431090 0.800000
34344 37.159282 -50.166368 -11.416479 0.800000
34345 37.417148 -48.568400 -11.425611 0.800000
34346 37.700709 -47.118679 -11.415566 0.800000
34347 37.531857 -46.954062 -12.265730 0.800000
34348 37.476797 -46.754884 -13.120459 0.800000
34349 37.478632 -46.535698 -13.987972 0.700000
34350 37.559387 -49.426956 -15.044513 0.900000
34351 37.574070 -47.887195 -14.970546 0.900000
34352 37.685108 -46.416555 -14.942237 0.900000
34353 37.887914 -46.110058 -15.992385 1.000000
34354 38.070530 -45.629849 -16.902818 1.000000
34355 37.909938 -45.415210 -17.584958 1.000000
40213 35.798375 -25.304644 -22.273184 0.300000
40214 36.237022 -24.633443 -21.510685 0.300000
40215 36.582067 -23.810358 -20.768276 0.300000
40223 36.849109 -21.767651 -20.530851 0.300000
40224 36.932617 -22.890867 -20.045957 0.300000
40408 29.219586 -56.732861 -13.515862 0.400000
40416 36.526089 -50.728431 -17.047099 0.600000
40417 34.471422 -50.355541 -15.870934 0.600000
40418 35.729550 -49.685250 -16.764016 0.700000
40419 36.930782 -49.094993 -17.442503 0.800000
40420 37.250132 -47.530676 -17.791335 0.800000
40421 37.360252 -45.976364 -18.021454 1.000000
40422 37.485056 -44.412047 -18.201349 1.000000
40442 32.304799 -45.870863 -15.421653 0.700000
40443 33.432617 -45.389745 -16.373178 0.800000
40444 32.687468 -43.318844 -16.710139 0.900000
40445 33.621658 -44.164666 -16.955782 0.900000
40446 34.465916 -44.894984 -17.371276 0.900000
40447 35.472602 -44.344745 -17.944748 0.900000
40448 36.561878 -43.638074 -18.329193 1.000000
40449 37.356582 -43.065097 -18.173954 1.000000
40450 37.067515 -41.606281 -18.030586 1.000000
40451 36.937206 -40.200215 -18.020541 1.000000
40452 36.977583 -38.960584 -18.032412 1.000000
40453 36.116807 -39.390772 -19.182096 1.000000
40454 36.627033 -38.508570 -18.606798 1.000000
40455 37.062927 -37.487216 -18.047023 0.900000
40456 37.424489 -36.145724 -18.256139 0.600000
40457 37.797064 -34.813326 -18.438774 0.500000
40458 38.236629 -33.292664 -18.440600 0.400000
40459 33.649188 -35.708261 -20.420358 0.700000
40460 34.923834 -35.588208 -20.440447 0.800000
40461 35.975486 -34.673265 -20.092529 0.700000
40462 36.058076 -32.211285 -20.671480 0.400000
40463 36.478370 -33.161698 -20.268771 0.500000
40464 36.721553 -34.164862 -19.731826 0.600000
40465 37.263897 -33.299031 -19.114521 0.300000
40466 38.144862 -32.356803 -18.736468 0.300000
40467 38.972602 -31.460958 -18.460690 0.300000
40666 44.315287 -48.296464 -12.608169 0.400000
40667 44.754851 -47.031368 -13.121372 0.400000
40668 45.190746 -45.765363 -13.544171 0.400000
40669 43.144338 -45.801742 -12.409098 0.400000
40670 44.385030 -45.074153 -13.284830 0.400000
40671 45.582591 -44.562112 -14.141385 0.300000
40675 40.233483 -43.515293 -11.568066 0.600000
40676 41.488858 -42.684932 -12.005475 0.500000
40678 42.536839 -40.335728 -13.808077 0.300000
40702 43.120478 -33.984784 -18.398594 0.300000
41727 44.151941 -50.044497 -11.710521 0.300000
41728 44.611695 -50.241856 -11.830146 0.300000
41729 44.839277 -49.954458 -12.348828 0.300000
41730 45.538543 -49.854414 -12.920474 0.300000
41731 45.082460 -49.566107 -12.768887 0.300000
41732 45.421999 -49.149562 -13.177075 0.300000
41733 44.757604 -49.359654 -12.648349 0.300000
41734 37.916362 -44.098274 -17.465332 1.000000
41735 37.859466 -43.687186 -17.026096 1.000000
41736 37.798900 -43.431620 -17.424240 1.000000
41737 37.683273 -42.772243 -17.370362 1.000000
41738 37.648401 -43.204249 -17.652533 1.000000
44007 29.713294 -50.759353 -14.037284 0.400000
44008 29.927111 -49.855324 -14.226310 0.500000
44009 30.619036 -49.261429 -14.261011 0.500000
44014 30.844783 -37.544514 -19.175704 0.500000
44015 30.696120 -38.107486 -18.916363 0.600000
44016 31.410986 -38.009262 -19.017725 0.700000
44017 31.922130 -38.494927 -18.857920 0.700000
44018 31.973519 -37.871929 -19.172051 0.700000
44019 32.705821 -37.678208 -19.369296 0.800000
44020 32.338753 -37.157073 -19.539146 0.600000
44021 36.488464 -25.841241 -20.289774 0.300000
44022 36.562796 -26.408761 -20.159190 0.300000
44023 36.732565 -25.353756 -19.916287 0.300000
44024 36.882145 -25.092734 -19.735478 0.300000
44025 36.872051 -24.468826 -19.955553 0.300000
44079 38.856057 -46.084593 -10.772693 0.700000
44080 39.526875 -45.497974 -10.771780 0.600000
44081 39.161642 -45.331538 -11.000986 0.600000
44082 42.919508 -36.580458 -16.753971 0.400000
44083 43.142502 -36.863308 -16.726576 0.300000
44084 43.435239 -36.299427 -17.321964 0.300000
44086 43.675669 -35.660967 -18.001364 0.300000
44088 43.393027 -35.239875 -18.041544 0.300000
44089 39.378213 -32.447751 -18.081724 0.400000
44090 39.983876 -31.927525 -18.263445 0.300000
44091 39.749870 -31.621028 -18.183999 0.300000
44093 39.471815 -31.745628 -18.279882 0.300000
46474 46.863661 -45.599836 -14.718510 0.300000
46475 47.399581 -45.384288 -15.254542 0.300000
46476 46.975617 -44.921359 -14.981504 0.300000
46477 47.149975 -44.353840 -15.300201 0.300000
46478 46.613137 -44.613953 -14.797956 0.300000
46479 37.701626 -45.125994 -13.627269 0.700000
46480 37.802570 -44.583030 -13.247390 0.700000
46481 37.805323 -44.440241 -13.709455 0.800000
46482 38.777138 -39.958291 -15.132177 0.700000
46483 38.921212 -40.066520 -14.785172 0.700000
46484 39.148795 -39.207965 -15.028989 0.700000
46485 39.667279 -38.762316 -14.982417 0.600000
46486 39.426849 -38.534945 -15.283764 0.700000
46487 39.647090 -37.918313 -15.484662 0.600000
46488 39.179996 -38.443087 -15.566847 0.700000
46489 37.537363 -38.151141 -17.206905 0.900000
46490 37.862219 -37.397177 -17.090018 0.900000
46491 37.677767 -37.456294 -17.270827 0.900000
46492 37.841112 -36.774179 -17.376755 0.700000
46493 37.471291 -37.210732 -17.529254 0.700000
48267 38.902859 -52.596516 -8.792022 0.600000
48268 39.246986 -52.758405 -8.691573 0.600000
48269 39.465391 -52.088113 -8.807546 0.500000
48270 40.125197 -51.596081 -8.999312 0.400000
48271 39.831542 -51.413274 -9.037666 0.400000
48272 40.105926 -50.923970 -9.255914 0.400000
48273 39.396566 -51.372347 -8.996573 0.400000
48274 37.289592 -51.888026 -10.283233 0.800000
48275 37.651154 -51.234105 -9.948098 0.700000
48276 37.449267 -51.208640 -10.259490 0.800000
48277 37.625460 -50.449218 -10.260403 0.700000
48278 37.322628 -51.138609 -10.634804 0.800000
48282 37.051915 -51.992617 -14.278361 0.600000
48283 36.952806 -52.112669 -13.833646 0.600000
48284 37.055585 -51.306864 -13.826341 0.700000
48285 36.994101 -50.646577 -13.285743 0.700000
48286 37.111563 -50.508335 -13.795293 0.700000
48287 37.147353 -49.734362 -13.766985 0.800000
48288 37.251967 -50.391011 -14.247313 0.700000
48289 37.946645 -50.350994 -17.036141 0.700000
48290 38.053095 -49.677974 -16.666307 0.900000
48291 37.979681 -49.540641 -17.053492 0.900000
48292 37.998034 -48.587499 -17.114674 0.900000
48293 37.794311 -49.253244 -17.330183 0.800000
53298 27.582460 -57.399515 -13.118632 0.400000
53299 32.082722 -53.143118 -14.204394 0.500000
53300 31.758784 -53.966203 -14.101206 0.500000
53301 32.431437 -53.522373 -14.460082 0.500000
53302 32.708574 -54.008039 -14.675591 0.500000
53303 33.049031 -53.148575 -14.845441 0.500000
53304 33.630834 -52.828435 -15.300201 0.400000
53305 33.360121 -52.330037 -15.042686 0.600000
53306 34.211721 -47.020454 -16.517459 0.700000
53307 34.578789 -47.546137 -16.645304 0.700000
53308 34.685239 -46.844923 -16.932953 0.700000
53309 35.280808 -46.424741 -17.296395 0.700000
53310 34.754982 -46.130067 -17.189554 0.800000
53328 30.780546 -43.369775 -16.240768 0.600000
53329 34.542082 -41.398918 -18.521873 1.000000
53330 34.461327 -42.002817 -18.364807 1.000000
53331 35.020189 -41.808187 -18.646064 1.000000
53332 35.452413 -42.195628 -18.728249 1.000000
53333 35.551521 -41.483500 -18.896273 1.000000
53334 36.035134 -41.345258 -18.966587 1.000000
53335 35.563451 -40.897791 -19.014986 1.000000
53336 36.132408 -36.233034 -19.782050 0.700000
53337 36.313189 -36.502242 -19.513578 0.700000
53338 36.431569 -35.769196 -19.481617 0.700000
53339 36.763766 -35.454514 -19.289850 0.700000
53340 36.594914 -35.191672 -19.493488 0.700000
53341 34.139225 -32.445932 -21.143590 0.500000
53342 34.326430 -33.049831 -21.021225 0.500000
53343 34.816466 -32.144892 -21.069623 0.300000
53344 37.419901 -29.602877 -19.241452 0.300000
53345 37.304274 -30.296816 -19.333683 0.300000
53346 37.677767 -29.898461 -19.104476 0.300000
53347 37.825512 -30.398678 -19.024117 0.300000
53348 38.043918 -29.494649 -18.818654 0.300000
53349 38.398139 -29.150863 -18.642411 0.300000
53350 38.180651 -28.767059 -18.762037 0.300000
53514 41.941270 -47.910842 -11.086824 0.500000
53515 42.471684 -47.668009 -11.542497 0.500000
53516 42.136734 -47.400620 -11.327902 0.500000
53517 43.146173 -43.204249 -12.798109 0.400000
53518 43.490300 -43.437077 -12.982570 0.400000
53522 40.522549 -41.187008 -12.744232 0.700000
53523 40.770321 -41.424383 -12.566163 0.600000
53524 41.077741 -40.808661 -12.939651 0.600000
53544 41.355795 -33.869279 -17.453461 0.400000
53545 41.976141 -33.459100 -17.713715 0.400000
53546 41.643027 -33.181707 -17.744763 0.400000
56057 43.125984 -51.255933 -9.676886 0.300000
56058 43.623362 -51.255933 -9.666841 0.300000
56059 43.820662 -51.011281 -10.170912 0.300000
56074 45.948742 -48.024527 -13.739590 0.400000
56075 46.569088 -47.888104 -14.248226 0.300000
56076 46.183666 -47.469741 -14.002583 0.400000
56077 46.431438 -46.891307 -14.237268 0.300000
56078 45.811092 -47.075023 -13.775203 0.400000
56079 37.821841 -44.834049 -15.638988 1.000000
56080 37.854878 -44.290176 -15.260934 0.900000
56081 37.847536 -44.187404 -15.722086 0.900000
56082 37.904432 -42.333870 -16.367699 1.000000
56083 37.949398 -42.522134 -15.925724 1.000000
56084 38.033824 -41.741794 -15.951293 0.800000
56085 38.204510 -41.130619 -15.697431 0.800000
56086 38.104484 -40.974188 -16.061787 0.700000
56087 38.180651 -40.260241 -16.153104 0.800000
56088 37.984269 -40.870506 -16.420663 0.900000
56089 37.496986 -41.170637 -17.247084 1.000000
56090 37.592423 -40.597660 -16.993222 1.000000
56091 37.429995 -40.373927 -17.217863 1.000000
56092 37.430913 -39.679988 -17.212384 1.000000
56093 37.321710 -40.130184 -17.564868 1.000000
57867 37.630048 -55.635111 -9.746287 0.600000
57868 37.952151 -55.622378 -9.576437 0.700000
57869 37.820924 -54.833853 -9.425764 0.700000
57870 38.070530 -54.091712 -9.170076 0.600000
57871 37.767699 -54.016225 -9.290614 0.700000
57872 37.827347 -53.272265 -9.203863 0.700000
57873 37.493315 -54.124454 -9.430330 0.600000
57874 36.834427 -54.817482 -10.336197 0.600000
57875 37.041820 -54.112630 -10.071377 0.600000
57876 36.866545 -54.073522 -10.362679 0.600000
57877 37.003278 -53.289545 -10.345328 0.600000
57878 36.725224 -54.015315 -10.616540 0.600000
57885 37.321710 -53.516917 -15.160486 0.500000
57886 37.550210 -53.345933 -15.586024 0.500000
57887 37.615365 -52.544675 -15.572326 0.500000
57888 37.722733 -53.255894 -15.926637 0.500000
57890 37.745675 -52.915746 -16.702833 0.500000
57891 37.543787 -52.708383 -16.915603 0.400000
57892 37.694285 -51.928044 -16.976785 0.400000
62896 28.267961 -54.034414 -13.382539 0.400000
62897 28.618511 -54.465511 -13.398063 0.400000
62898 28.926849 -53.489632 -13.502165 0.400000
62899 30.594259 -51.446016 -13.859215 0.500000
62900 30.261144 -52.382787 -13.726805 0.500000
62901 30.996199 -51.817086 -13.803512 0.500000
62902 31.363268 -52.253640 -13.846431 0.500000
62903 31.792738 -51.250476 -13.970622 0.500000
62904 32.466309 -50.874858 -14.292059 0.600000
62905 32.086393 -50.420115 -14.133167 0.600000
62906 31.985449 -48.378318 -14.545921 0.600000
62907 32.505769 -48.755755 -14.588840 0.600000
62908 32.670032 -47.939036 -14.894752 0.600000
62909 33.203199 -47.682560 -15.306593 0.700000
62910 32.759964 -47.175067 -15.181489 0.600000
62922 30.313451 -39.578126 -18.185825 0.700000
62923 29.615103 -39.920093 -17.974882 0.700000
62924 30.140929 -40.452142 -17.797727 0.700000
62926 30.674096 -40.905976 -17.608700 0.700000
62927 31.188910 -41.307969 -17.392278 0.700000
62928 31.346749 -40.624035 -17.772158 0.700000
62929 32.861826 -39.555389 -18.474388 0.800000
62930 32.760882 -40.137460 -18.193131 0.800000
62931 33.323414 -40.034688 -18.441513 0.800000
62932 33.724437 -40.547638 -18.434208 0.900000
62933 33.823546 -39.946468 -18.659762 0.900000
62934 34.392502 -39.700907 -19.019551 0.900000
62935 33.931831 -39.163400 -18.979372 0.900000
62936 33.902465 -37.507225 -19.677035 0.900000
62937 34.440221 -37.895576 -19.698952 0.900000
62938 34.687075 -37.135245 -19.898023 0.900000
62939 35.163346 -36.983361 -19.856017 1.000000
62940 34.854091 -36.464044 -19.983861 1.000000
62941 35.512062 -29.460998 -20.983785 0.300000
62942 35.673572 -29.853896 -20.774668 0.300000
62943 35.783692 -29.145406 -20.631300 0.300000
62944 36.755507 -27.387368 -19.686167 0.300000
62945 36.586655 -28.303221 -19.860583 0.300000
62946 36.839933 -27.921237 -19.461527 0.300000
62947 36.952806 -28.609718 -19.380254 0.300000
62948 37.163871 -27.503782 -19.185749 0.300000
62949 37.487809 -27.222751 -18.928234 0.300000
62950 37.391453 -26.442412 -19.036902 0.300000
62952 37.526351 -24.778051 -18.952890 0.300000
63114 40.421605 -46.807634 -10.548053 0.700000
63115 41.062140 -46.508413 -10.941630 0.600000
63116 40.666624 -46.140981 -10.834789 0.700000
63117 40.726272 -44.583940 -11.228366 0.500000
63118 41.142895 -44.884070 -11.338860 0.500000
63119 41.355795 -44.265619 -11.581764 0.500000
63120 41.993577 -43.936385 -11.889503 0.500000
63121 41.630179 -43.614427 -11.816449 0.500000
63122 41.723782 -38.815976 -14.595232 0.600000
63123 42.027531 -39.057900 -14.566924 0.600000
63124 42.257867 -38.547678 -15.027162 0.500000
63144 40.471160 -33.193530 -17.824209 0.400000
63145 40.898795 -32.632377 -17.738371 0.300000
63146 40.734531 -32.532334 -17.866215 0.300000
70102 26.364709 -56.647369 -12.336044 0.400000
70103 26.510619 -55.699684 -12.630085 0.300000
70104 26.988726 -55.108518 -12.980743 0.400000
70105 26.695071 -54.730172 -12.928693 0.300000
70107 27.052046 -52.976682 -13.416327 0.300000
70134 31.201757 -35.579113 -20.364654 0.500000
70139 32.919639 -32.791537 -21.320745 0.500000
70140 32.672785 -32.196733 -21.567302 0.500000
70147 33.577609 -30.682438 -21.711583 0.300000
70151 35.359728 -27.296420 -21.896044 0.300000
70153 35.627688 -27.049949 -21.545386 0.300000
70154 35.889225 -26.757094 -21.164593 0.300000
70155 35.906660 -26.104083 -21.458634 0.300000
70301 48.868774 -46.386542 -16.059960 0.300000
70314 37.941139 -45.568004 -11.965296 0.700000
70315 38.282513 -44.880432 -11.716913 0.700000
70316 38.142109 -44.744009 -12.060266 0.700000
70317 38.357762 -43.323391 -12.740579 0.800000
70318 38.535790 -43.495284 -12.371658 0.600000
70319 38.785397 -42.769514 -12.554292 0.700000
70320 39.301128 -42.186533 -12.516852 0.700000
70321 39.078134 -42.091037 -12.819112 0.700000
70322 38.009046 -42.979605 -14.492957 0.800000
70323 38.106320 -43.027808 -14.078376 0.800000
70324 38.290772 -42.275663 -14.282927 0.800000
70325 39.267174 -40.332090 -14.087508 0.700000
70326 38.967096 -41.089692 -13.797119 0.700000
70327 39.481910 -40.560371 -13.717673 0.700000
70328 39.716834 -40.675876 -13.456506 0.700000
70329 40.026089 -40.091986 -13.784335 0.700000
70330 40.609728 -39.565393 -13.977927 0.700000
70331 40.323415 -39.345297 -14.251879 0.700000
70332 40.721684 -37.789166 -15.317551 0.600000
70333 40.926325 -38.069288 -14.992462 0.600000
70334 41.245675 -37.451746 -15.441743 0.500000
70335 41.899057 -37.041568 -15.865455 0.400000
70336 41.581543 -36.798735 -15.977775 0.500000
70337 41.810960 -36.180284 -16.340304 0.400000
70338 41.243839 -36.575911 -15.982341 0.500000
70339 40.200447 -36.569544 -16.076397 0.500000
70340 40.744626 -36.119349 -16.303777 0.500000
70341 40.467489 -35.989292 -16.378657 0.500000
70342 40.763897 -35.310815 -16.812414 0.400000
70343 40.153645 -35.751916 -16.615169 0.500000
70344 38.256818 -38.845989 -16.231637 0.700000
70345 38.633063 -38.318487 -16.080963 0.700000
70346 38.378868 -38.111124 -16.333912 0.700000
70347 38.655087 -36.393104 -16.906471 0.500000
70348 38.832198 -36.610471 -16.593253 0.500000
70349 39.094652 -35.927447 -16.743013 0.500000
70350 39.604878 -35.517268 -16.904645 0.500000
70351 39.353435 -35.173482 -16.950303 0.500000
70352 39.742528 -34.522290 -17.289090 0.500000
70353 39.275433 -34.929740 -17.281785 0.500000
70354 38.296278 -35.288078 -17.723760 0.500000
70355 38.770714 -34.649618 -17.623311 0.400000
70356 38.550473 -34.567764 -17.860736 0.400000
70357 38.753278 -33.901111 -17.900002 0.400000
70358 38.321972 -34.495915 -17.943835 0.500000
75677 39.023074 -55.616011 -9.400195 0.500000
75678 39.402072 -55.585089 -9.328054 0.500000
75679 39.224044 -54.868414 -9.055929 0.500000
75680 40.034348 -52.857539 -8.638609 0.400000
75681 39.906792 -53.501455 -8.647741 0.400000
75682 40.460148 -52.893009 -8.637696 0.400000
75683 40.873100 -52.963039 -8.612127 0.300000
75684 41.071317 -52.440084 -8.748190 0.300000
75685 41.746723 -52.012626 -8.941783 0.400000
75686 41.305323 -51.921677 -8.996573 0.400000
75687 41.453068 -50.806647 -9.730763 0.400000
75688 41.826561 -50.972173 -9.748114 0.300000
75689 42.108286 -50.548352 -10.169999 0.300000
75690 42.820399 -50.351903 -10.677723 0.300000
75691 42.419377 -50.129079 -10.643936 0.300000
75692 42.700184 -49.768013 -11.034773 0.300000
75693 42.078921 -49.959915 -10.511526 0.300000
75694 40.758391 -49.910802 -9.808383 0.400000
75695 41.442056 -49.597939 -10.245793 0.500000
75696 41.107106 -49.438779 -10.151736 0.500000
75697 41.476010 -48.847613 -10.557184 0.500000
75698 40.809781 -49.248696 -10.069550 0.500000
75699 38.167804 -51.953509 -9.185600 0.600000
75700 38.757867 -51.277761 -9.213908 0.600000
75701 38.424752 -51.282308 -9.304312 0.600000
75702 38.668852 -49.982652 -9.632141 0.600000
75703 39.015732 -50.004480 -9.536258 0.600000
75704 39.376377 -49.476977 -9.731677 0.600000
75705 39.995806 -48.926738 -9.886916 0.600000
75706 39.644337 -48.849432 -9.901527 0.600000
75707 39.928816 -48.189144 -10.089640 0.600000
75708 39.273598 -48.696638 -9.934401 0.600000
75709 37.974175 -48.984945 -10.289625 0.700000
75710 38.501836 -48.404693 -10.158128 0.700000
75711 38.179733 -48.262813 -10.362679 0.700000
75712 38.383456 -47.517943 -10.474999 0.700000
75713 37.899843 -48.098196 -10.695073 0.800000
75719 36.460934 -54.591020 -11.729697 0.400000
75720 36.586655 -53.936190 -11.414653 0.500000
75721 36.542607 -53.788853 -11.809143 0.500000
75724 36.671081 -54.461873 -13.719500 0.500000
75725 36.797720 -52.282743 -12.864771 0.700000
75726 36.686681 -53.015789 -12.799022 0.600000
75727 36.763766 -52.321851 -12.337870 0.700000
75728 36.768354 -52.362778 -11.895895 0.700000
75729 36.858286 -51.613361 -11.900461 0.800000
75730 37.084033 -50.933065 -11.406434 0.800000
75731 36.973913 -50.842117 -11.890416 0.800000
75732 37.167541 -49.255972 -12.289472 0.800000
75733 37.215260 -49.351468 -11.836539 0.800000
75734 37.332722 -48.522016 -11.849323 0.800000
75735 37.533692 -47.785332 -11.415566 0.800000
75736 37.451102 -47.766233 -11.859368 0.800000
75737 37.573152 -47.046829 -11.850236 0.800000
75738 37.413477 -47.676194 -12.280340 0.800000
75739 37.273074 -48.168226 -13.661057 0.800000
75740 37.346487 -47.491568 -13.122285 0.800000
75741 37.351076 -47.452460 -13.623617 0.800000
75742 37.494233 -46.667573 -13.594395 0.800000
75743 37.397877 -47.257830 -14.005323 0.800000
75744 37.661249 -50.901233 -15.504751 0.600000
75745 37.570399 -50.187286 -15.076474 0.900000
75746 37.697956 -50.078148 -15.486488 0.900000
75747 37.823677 -48.387412 -15.870020 0.900000
75748 37.695203 -48.502917 -15.439916 0.900000
75749 37.719062 -47.752591 -15.422566 0.900000
75750 37.628213 -47.165972 -14.945890 0.900000
75751 37.732827 -47.025002 -15.449048 0.900000
75752 37.762193 -46.251029 -15.500186 0.900000
75753 37.831936 -46.770345 -15.934856 1.000000
75754 38.032906 -46.972251 -17.132938 1.000000
75755 38.076036 -46.331973 -16.850767 1.000000
75756 38.041165 -46.290136 -17.155767 1.000000
75757 37.999870 -45.631668 -17.226081 1.000000
75758 37.940221 -46.120972 -17.540212 1.000000
90284 35.267043 -25.398321 -23.093213 0.300000
90285 35.584558 -25.118199 -22.838438 0.300000
90286 35.546933 -25.611141 -22.562660 0.300000
90287 35.825905 -24.828983 -22.580923 0.300000
90288 36.442581 -23.067307 -21.540820 0.300000
90289 36.267305 -24.074109 -21.757242 0.300000
90290 36.389356 -23.683939 -21.359099 0.300000
90291 36.404038 -24.255097 -21.176464 0.300000
90292 36.512324 -23.279218 -21.061405 0.300000
90313 36.980336 -21.292899 -20.250508 0.300000
90314 36.832591 -22.303338 -20.252334 0.300000
90315 36.965654 -21.897707 -19.980209 0.300000
90316 37.117069 -22.495240 -19.833188 0.300000
90317 37.167541 -21.465701 -19.823143 0.300000
90774 29.271894 -55.250398 -13.580698 0.400000
90775 28.933273 -56.268113 -13.512210 0.400000
90776 29.605008 -55.641477 -13.574305 0.400000
90777 31.014552 -55.824284 -13.887523 0.500000
90791 34.893551 -52.141773 -16.150364 0.400000
90793 35.598323 -51.836185 -16.559465 0.400000
90794 36.322366 -51.520594 -16.856246 0.500000
90795 35.893813 -50.995820 -16.714705 0.600000
90796 33.642764 -50.164549 -15.178749 0.600000
90797 33.914395 -50.662038 -15.444482 0.600000
90798 34.141060 -49.801664 -15.677341 0.600000
90799 35.486367 -48.410150 -16.880902 0.800000
90800 35.310174 -49.183213 -16.532983 0.700000
90801 35.937861 -48.920372 -16.997788 0.800000
90802 36.368249 -49.330550 -17.125632 0.800000
90803 36.558207 -48.512922 -17.356665 0.800000
90804 37.096881 -48.301921 -17.619658 0.800000
90805 36.668328 -47.778966 -17.595003 0.800000
90806 36.381097 -45.843579 -17.846125 1.000000
90807 36.882145 -46.220106 -17.952053 0.900000
90808 37.044573 -45.427943 -18.141080 1.000000
90809 37.457526 -45.206938 -18.103640 1.000000
90810 37.081280 -44.766747 -18.261618 1.000000
90861 32.362612 -45.157826 -15.721173 0.700000
90862 32.855402 -45.676233 -15.884631 0.700000
90863 32.917803 -44.999575 -16.196936 0.800000
90864 32.334164 -42.224732 -17.131111 0.900000
90865 32.234138 -42.727678 -16.777714 0.700000
90866 32.801259 -42.597621 -17.140243 0.900000
90867 34.298899 -43.262456 -17.862562 0.900000
90868 33.715260 -43.430711 -17.278132 0.900000
90869 34.168590 -43.841799 -17.519209 0.900000
90870 34.048375 -44.483896 -17.181336 0.900000
90871 34.546671 -44.237425 -17.629703 0.900000
90872 34.954117 -44.694897 -17.687233 0.900000
90873 35.111039 -44.038248 -18.003191 0.900000
90874 36.158102 -42.730406 -18.604971 1.000000
90875 36.071841 -43.334305 -18.399507 1.000000
90876 36.541689 -43.029627 -18.403160 1.000000
90877 37.042738 -43.365228 -18.398594 1.000000
90878 36.899581 -42.675837 -18.398594 1.000000
90879 37.203331 -42.464836 -18.089029 1.000000
90880 36.848192 -42.007364 -18.435121 1.000000
90881 36.616021 -40.432134 -18.630540 1.000000
90882 36.888569 -40.630402 -18.456124 1.000000
90883 36.847274 -40.101081 -18.369373 1.000000
90884 36.919770 -39.664527 -18.044283 1.000000
90885 36.809649 -39.485358 -18.318235 1.000000
90886 35.404694 -39.235249 -19.373862 1.000000
90887 35.702937 -39.710001 -19.224102 1.000000
90888 35.785528 -38.917839 -19.290764 1.000000
90889 36.637127 -37.338060 -18.956543 0.900000
90890 36.487547 -38.207530 -18.904492 1.000000
90891 36.604091 -37.697308 -18.567531 0.900000
90892 36.869298 -37.991072 -18.337412 1.000000
90893 36.988595 -37.184357 -18.373025 0.900000
90894 37.236367 -36.747804 -18.162083 0.800000
90895 37.084951 -36.414932 -18.420510 0.800000
90896 37.437337 -34.642342 -18.888968 0.600000
90897 37.441925 -35.162569 -18.583968 0.500000
90898 37.627295 -34.492277 -18.606798 0.500000
90899 38.013635 -34.068456 -18.467082 0.500000
90900 37.852125 -33.545502 -18.728249 0.400000
90901 32.484662 -35.389940 -20.462364 0.600000
90902 33.061878 -35.812852 -20.293427 0.600000
90903 33.216047 -35.258065 -20.556420 0.800000
90904 35.104615 -33.975689 -20.840417 0.700000
90905 34.676980 -34.814235 -20.731749 0.800000
90906 35.278055 -34.716011 -20.659609 0.700000
90907 35.537756 -35.111637 -20.365567 0.700000
90908 35.834164 -34.414061 -20.503456 0.600000
90909 35.924096 -31.052599 -20.498890 0.300000
90910 35.832329 -31.686511 -20.702528 0.300000
90911 36.126902 -31.428217 -20.476061 0.300000
90912 36.941794 -32.193095 -19.899849 0.400000
90913 36.792214 -32.234931 -20.114445 0.400000
90914 36.873886 -32.715140 -19.901676 0.400000
90915 36.704117 -33.522764 -20.010343 0.600000
90916 37.025302 -33.203535 -19.726347 0.500000
90917 37.011537 -33.649183 -19.501706 0.500000
90918 37.247379 -32.961611 -19.467919 0.400000
90919 38.212770 -31.120810 -18.806782 0.300000
90920 38.006293 -31.970271 -18.918189 0.300000
90921 38.444940 -31.431855 -18.652456 0.300000
90922 38.435764 -31.996646 -18.640585 0.400000
90923 38.659676 -31.386381 -18.528265 0.400000
90924 39.273598 -30.757016 -18.421424 0.300000
90926 39.311223 -28.338691 -18.392202 0.300000
90931 38.137520 -26.531541 -18.526438 0.300000
90932 38.455035 -26.900793 -18.495391 0.300000
91419 43.287494 -49.051338 -11.902287 0.400000
91420 44.047327 -48.876716 -12.358873 0.400000
91421 43.590326 -48.570219 -12.191763 0.400000
91422 43.697694 -47.040463 -12.467541 0.400000
91423 44.116152 -47.343322 -12.647436 0.400000
91424 44.363923 -46.688492 -12.907690 0.400000
91425 44.965916 -46.390180 -13.386192 0.400000
91426 44.578658 -46.043666 -13.193513 0.400000
91427 42.232172 -45.910881 -11.731524 0.400000
91428 42.584558 -46.154623 -11.926029 0.400000
91429 42.779104 -45.509797 -12.228289 0.400000
91430 44.215260 -44.097364 -13.388931 0.400000
91431 43.995019 -44.777660 -13.117719 0.400000
91432 44.576823 -44.441150 -13.538692 0.300000
91433 44.954904 -44.818587 -13.682060 0.300000
91434 45.198087 -44.151024 -13.995278 0.300000
91435 45.784479 -43.913648 -14.398900 0.300000
91442 39.305717 -43.800872 -11.571719 0.600000
91443 39.676456 -43.961851 -11.441135 0.600000
91444 39.935239 -43.301564 -11.689518 0.600000
91445 41.420032 -41.790907 -12.408184 0.500000
91446 41.167673 -42.472112 -12.028305 0.500000
91447 41.715523 -42.074666 -12.343349 0.500000
91448 42.091768 -42.346603 -12.399053 0.500000
91449 42.328527 -41.756346 -12.811807 0.300000
91450 42.562534 -39.512643 -14.448211 0.300000
91451 42.236760 -40.051059 -13.882044 0.400000
91509 42.428554 -34.944292 -17.404150 0.400000
91510 42.936944 -34.588683 -17.964837 0.300000
91511 42.652465 -34.304013 -17.835167 0.300000
91512 43.018616 -32.486859 -18.712726 0.300000
91513 43.172785 -32.905223 -18.862486 0.300000
93539 43.634374 -50.664767 -10.658546 0.300000
93540 44.106058 -50.783000 -10.727947 0.300000
93541 44.407972 -50.531072 -11.287722 0.300000
93545 45.995544 -50.172735 -13.075713 0.300000
93546 46.216703 -49.697983 -13.547823 0.300000
93547 46.469062 -49.259610 -13.899395 0.300000
93549 46.065287 -48.989493 -13.661970 0.300000
93550 45.705559 -48.612965 -13.466551 0.400000
93551 45.324726 -48.310106 -13.275698 0.400000
93552 38.001705 -44.518457 -16.645304 1.000000
93553 37.890667 -43.991864 -16.245334 1.000000
93554 37.921868 -43.800872 -16.723836 1.000000
93555 37.850289 -43.035994 -16.721097 1.000000
93556 37.853960 -42.280210 -16.716531 1.000000
93557 37.819088 -41.490776 -16.740274 1.000000
93558 37.723650 -42.203813 -17.018791 1.000000
93559 37.572235 -41.980989 -17.300048 1.000000
93560 37.463032 -41.777264 -17.592263 1.000000
94626 37.516257 -56.470019 -10.052200 0.600000
94627 37.324463 -55.645115 -9.907919 0.500000
94628 37.255638 -54.849314 -9.817515 0.600000
94629 37.085869 -55.595093 -10.110643 0.500000
94630 36.878475 -55.574175 -10.343502 0.500000
94631 36.729812 -55.554166 -10.669504 0.400000
97642 28.808469 -52.163601 -13.765158 0.400000
97643 29.217751 -52.579236 -13.631835 0.400000
97644 29.493052 -51.667021 -13.816296 0.400000
97645 30.205166 -51.063122 -13.903961 0.500000
97646 30.894337 -50.582913 -13.966056 0.500000
97647 31.580756 -50.068144 -14.085682 0.500000
97648 31.086131 -49.746185 -14.112164 0.500000
97649 31.222864 -48.912186 -14.271056 0.500000
97650 31.386209 -47.978144 -14.534963 0.500000
97658 29.923441 -38.421259 -18.638759 0.600000
97659 30.469455 -38.943304 -18.483519 0.700000
97660 31.004458 -39.473535 -18.268924 0.700000
97661 31.533954 -39.907360 -18.145646 0.700000
97662 31.608286 -39.319832 -18.389463 0.700000
97663 32.375459 -39.060628 -18.662501 0.800000
97664 33.020583 -38.906925 -18.799477 0.800000
97665 33.584033 -38.813248 -19.116348 0.900000
97666 33.151810 -38.306664 -19.207665 0.800000
97667 33.420688 -37.594536 -19.566542 0.900000
97668 33.727190 -36.955167 -19.832275 0.800000
97670 36.151679 -28.260475 -20.500717 0.300000
97671 36.320530 -27.186372 -20.134535 0.300000
97672 36.609597 -26.857138 -19.818577 0.300000
97673 36.889487 -26.449688 -19.519970 0.300000
97674 37.102387 -26.189574 -19.298069 0.300000
97675 37.076692 -25.468352 -19.419521 0.400000
97676 37.162035 -24.623439 -19.455135 0.400000
97677 37.273991 -23.668478 -19.309940 0.300000
97773 39.627819 -46.453844 -10.504220 0.700000
97774 40.266519 -45.957264 -10.758082 0.700000
97775 39.888438 -45.748083 -10.751690 0.700000
97776 40.137127 -45.044140 -11.042079 0.600000
97777 40.376639 -44.348383 -11.271285 0.600000
97778 42.302833 -37.755515 -15.601548 0.500000
97779 42.599240 -37.931046 -15.625290 0.400000
97780 42.864448 -37.409910 -16.134840 0.300000
97791 39.915968 -32.776985 -17.898176 0.300000
97792 40.528055 -32.207647 -17.931963 0.300000
97793 40.204117 -32.111241 -18.080810 0.400000
101997 35.289985 -26.811663 -22.221133 0.300000
102084 47.707919 -46.386542 -15.212536 0.300000
102085 48.318171 -46.054579 -15.739437 0.300000
102086 47.841899 -45.760815 -15.493793 0.300000
102087 47.997903 -45.126903 -15.835320 0.300000
102088 48.164002 -44.598492 -16.149451 0.300000
102093 37.776875 -45.361551 -12.773453 0.700000
102094 37.976928 -44.695807 -12.466627 0.700000
102095 37.915444 -44.559384 -12.841941 0.700000
102096 38.031988 -43.969127 -12.944217 0.700000
102097 38.247641 -43.196973 -13.148767 0.800000
102098 38.339408 -41.452578 -14.793390 0.800000
102099 38.443105 -41.586272 -14.383376 0.800000
102100 38.672523 -40.848679 -14.513960 0.700000
102101 39.057945 -40.184753 -14.399813 0.700000
102102 39.581018 -39.608139 -14.435427 0.700000
102103 40.110515 -39.198870 -14.429035 0.700000
102104 39.931569 -38.946033 -14.699334 0.700000
102105 40.175669 -38.243909 -15.062776 0.600000
102106 40.439041 -37.524505 -15.450874 0.600000
102107 40.756556 -36.899688 -15.800619 0.500000
102108 40.166493 -37.408091 -15.573239 0.600000
102109 39.881097 -37.258026 -15.832580 0.600000
102110 39.633325 -37.127969 -15.995125 0.500000
102111 37.824594 -38.511298 -16.803282 0.800000
102112 38.224699 -37.860106 -16.638911 0.700000
102113 38.011799 -37.680027 -16.887294 0.800000
102114 38.176063 -36.846938 -16.988656 0.600000
102115 38.377033 -36.175737 -17.068102 0.500000
102116 38.612874 -35.664605 -17.190467 0.500000
102117 38.258653 -36.044771 -17.325617 0.600000
102118 38.015470 -35.981107 -17.536560 0.600000
102119 37.842948 -35.928356 -17.742937 0.700000
105311 38.756031 -54.199031 -8.928998 0.500000
105312 39.124018 -54.159924 -8.834028 0.500000
105313 39.129524 -53.437791 -8.689747 0.500000
105314 39.638831 -52.816612 -8.650481 0.500000
105315 40.252754 -52.278196 -8.801154 0.500000
105316 40.864841 -51.808901 -9.017576 0.500000
105317 40.512455 -51.727957 -9.013010 0.500000
105318 40.799686 -51.174079 -9.333533 0.400000
105319 41.114448 -50.639301 -9.725284 0.400000
105320 41.453068 -50.194562 -10.059505 0.400000
105321 40.774909 -50.511064 -9.600180 0.400000
105322 40.410593 -50.435576 -9.486033 0.400000
105323 40.060960 -50.260955 -9.488773 0.400000
105324 37.669508 -51.919858 -9.648578 0.700000
105325 38.130179 -51.256842 -9.449506 0.600000
105326 37.876902 -51.253205 -9.658623 0.700000
105327 38.140273 -50.583822 -9.732590 0.700000
105328 38.389880 -49.930811 -9.809296 0.600000
105329 38.628475 -49.201403 -9.885090 0.600000
105330 38.079707 -49.824401 -9.984625 0.700000
105331 37.819088 -49.707987 -10.263143 0.700000
105332 37.565811 -49.589754 -10.572708 0.700000
105338 36.898664 -53.613322 -14.255532 0.500000
105339 36.723388 -53.713366 -13.751461 0.500000
105340 36.819744 -52.927569 -13.796206 0.600000
105341 36.860121 -52.176333 -13.316791 0.600000
105342 36.905087 -51.466934 -12.851986 0.700000
105343 36.944547 -50.769358 -12.304083 0.800000
105344 36.961983 -50.706603 -12.820938 0.800000
105345 37.038150 -49.885337 -12.778019 0.800000
105346 37.154694 -49.111364 -12.732361 0.800000
105347 37.217096 -48.354671 -12.725968 0.800000
105348 37.152859 -49.054976 -13.198992 0.800000
105349 37.207919 -48.914915 -13.722239 0.800000
105350 37.279497 -48.843975 -14.094814 0.800000
105351 38.023729 -50.714789 -16.292819 0.800000
105352 37.852125 -50.033583 -15.880978 0.900000
105353 38.004458 -49.865328 -16.274556 0.900000
105354 37.972340 -49.050428 -16.289166 0.900000
105355 37.954904 -48.221886 -16.353088 0.900000
105356 37.976010 -47.439727 -16.339391 1.000000
105357 38.029235 -48.053631 -16.802369 1.000000
105358 38.018223 -47.738949 -17.124719 1.000000
105359 37.917279 -47.597069 -17.504599 1.000000
114076 36.095701 -23.884026 -22.343498 0.300000
114368 28.305585 -58.185311 -13.349665 0.400000
114369 30.730074 -54.014406 -13.778856 0.500000
114370 30.292345 -55.063044 -13.720413 0.400000
114371 30.965916 -54.551912 -13.832733 0.500000
114372 31.392633 -54.875689 -13.990712 0.500000
114373 31.669770 -55.347713 -14.084769 0.500000
114375 32.381883 -54.802021 -14.457343 0.400000
114380 34.264028 -52.440994 -15.775964 0.400000
114381 34.587966 -51.625185 -15.943074 0.500000
114382 33.952937 -48.616603 -15.735784 0.700000
114383 34.307159 -48.994949 -15.988733 0.700000
114384 34.442974 -48.285550 -16.313822 0.700000
114385 35.066991 -47.874462 -16.724750 0.700000
114386 35.619429 -47.678013 -17.148462 0.800000
114387 36.235187 -47.316037 -17.521036 0.800000
114388 35.739644 -46.906768 -17.392278 0.800000
114389 35.833247 -46.107330 -17.619658 0.900000
114390 35.935108 -45.418848 -17.841559 1.000000
114422 31.943236 -44.126468 -16.034391 0.600000
114423 33.465654 -41.841838 -17.815990 0.900000
114424 33.335344 -42.496668 -17.489075 0.900000
114425 33.898795 -42.258383 -17.927397 1.000000
114426 34.364972 -42.660376 -18.084463 1.000000
114427 34.806372 -43.067826 -18.151125 0.900000
114428 35.234007 -43.393422 -18.294493 0.900000
114429 35.344128 -42.782247 -18.565705 1.000000
114430 35.792869 -42.459379 -18.637845 1.000000
114431 36.235187 -42.136511 -18.727336 1.000000
114432 36.554537 -41.733609 -18.541049 1.000000
114433 36.313189 -41.545345 -18.801303 1.000000
114434 36.387520 -40.933261 -18.928234 1.000000
114435 36.368249 -40.344823 -18.933713 1.000000
114436 35.691008 -37.769157 -19.632290 1.000000
114437 35.912166 -38.212077 -19.368383 1.000000
114438 36.095701 -37.425371 -19.474311 0.900000
114439 36.401285 -37.062486 -19.193054 0.900000
114440 36.674752 -36.645032 -18.990330 0.700000
114441 37.017961 -36.353996 -18.757471 0.700000
114442 36.764683 -36.000206 -19.030509 0.700000
114443 37.066597 -35.128008 -19.071602 0.700000
114444 37.182224 -34.487730 -19.083473 0.500000
114445 33.333509 -33.948404 -20.960042 0.700000
114446 33.708837 -34.480454 -20.839504 0.700000
114447 34.232827 -33.653730 -20.996569 0.600000
114448 34.734794 -33.515489 -20.958216 0.600000
114449 35.317515 -33.309035 -20.886989 0.400000
114450 36.672916 -30.205867 -19.826796 0.300000
114451 36.534348 -31.152642 -20.224939 0.300000
114452 36.930782 -31.013491 -19.887065 0.400000
114453 37.186812 -31.083522 -19.606721 0.400000
114454 37.447431 -31.407299 -19.509925 0.300000
114455 37.479550 -32.141254 -19.372949 0.300000
114456 37.617201 -31.450954 -19.287111 0.300000
114457 38.044836 -30.788848 -18.870704 0.300000
114458 38.425669 -30.362299 -18.657022 0.300000
114459 38.871658 -29.769313 -18.567531 0.300000
114460 38.594521 -29.691098 -18.570271 0.300000
114756 42.613923 -48.454714 -11.489533 0.400000
114757 43.183797 -48.311016 -12.046568 0.400000
114758 42.827741 -47.960863 -11.797272 0.400000
114759 43.073677 -47.389706 -12.052047 0.400000
114760 43.288412 -46.777621 -12.315041 0.400000
114761 42.669901 -44.492991 -12.247466 0.400000
114762 43.027793 -44.830411 -12.441972 0.400000
114763 43.262717 -44.171033 -12.680310 0.400000
114764 43.848192 -43.766311 -13.188947 0.300000
114765 44.427243 -43.477095 -13.609006 0.300000
114770 39.870085 -42.488483 -12.067571 0.700000
114771 40.202282 -42.650371 -11.944293 0.600000
114772 40.473913 -42.028283 -12.215505 0.700000
114773 41.088753 -41.566263 -12.421882 0.600000
114774 41.669639 -41.238848 -12.822765 0.500000
114810 41.917410 -34.438617 -17.408716 0.400000
114811 42.431307 -33.974779 -17.869868 0.400000
114812 42.135816 -33.765597 -17.848865 0.400000
114813 42.419377 -32.985258 -18.241529 0.400000
118418 44.050080 -51.321416 -9.620270 0.300000
118420 44.604353 -50.889410 -10.756256 0.300000
118439 47.909807 -47.270563 -15.231713 0.300000
118441 47.182093 -47.594340 -14.769648 0.300000
118442 47.466571 -46.907678 -14.991549 0.300000
118443 47.074726 -46.602090 -14.707552 0.300000
118444 46.638832 -46.254667 -14.486564 0.300000
118445 46.213032 -45.859040 -14.261011 0.300000
118446 37.745675 -45.053235 -14.569663 0.900000
118447 37.839277 -44.371120 -14.241834 0.800000
118448 37.769534 -44.241973 -14.744079 0.800000
118449 37.839277 -43.519840 -14.849094 0.800000
118450 37.976928 -42.777699 -14.985156 0.800000
118451 37.890667 -43.421616 -15.827101 1.000000
118452 37.970504 -42.654009 -15.428958 0.900000
118453 38.156792 -42.079214 -15.142222 0.800000
118454 38.285266 -41.322521 -15.219842 0.800000
118455 38.461459 -40.558552 -15.327596 0.700000
118456 38.593603 -39.826416 -15.448135 0.700000
118457 38.651417 -39.051533 -15.637161 0.700000
118458 38.395386 -39.636333 -15.868194 0.700000
118459 38.233876 -39.518100 -16.192370 0.800000
118460 38.047589 -39.295276 -16.513807 0.800000
118461 37.782381 -40.750454 -16.738447 0.900000
118462 37.742922 -40.047421 -16.728402 1.000000
118463 37.744757 -39.292547 -16.754884 0.800000
118464 37.618118 -39.026067 -17.065363 1.000000
118465 37.473126 -38.924205 -17.222428 1.000000
118466 37.285921 -38.805972 -17.517383 1.000000
120946 39.592948 -56.971146 -9.942619 0.500000
120947 39.269927 -57.032082 -10.041242 0.500000
120948 38.919377 -56.345420 -9.717066 0.500000
120949 38.653252 -55.689680 -9.449506 0.500000
120950 38.169639 -56.410903 -9.837605 0.500000
120951 38.275171 -55.723331 -9.537171 0.500000
120952 38.486236 -54.948448 -9.217561 0.500000
120953 38.401810 -54.154467 -9.017576 0.600000
120954 38.429340 -53.433244 -8.953654 0.600000
120955 38.560567 -52.571051 -8.947262 0.600000
120956 38.800079 -51.858923 -9.031273 0.500000
120957 38.252229 -52.631077 -9.054103 0.600000
120958 37.970504 -52.609249 -9.181947 0.600000
120959 37.681438 -52.639262 -9.386497 0.600000
120960 37.262979 -54.019863 -9.729850 0.600000
120961 37.317122 -53.303187 -9.660449 0.600000
120962 37.482303 -52.617434 -9.663189 0.700000
120963 37.273991 -52.621982 -9.961796 0.700000
120964 37.148270 -52.557408 -10.316107 0.600000
120965 36.960148 -52.522848 -10.639370 0.600000
120974 37.119822 -53.514188 -14.742253 0.500000
120975 37.175800 -52.747491 -14.751384 0.500000
120976 37.279497 -51.909854 -14.750471 0.700000
120977 37.347405 -51.123148 -14.726729 0.700000
120978 37.512586 -51.732504 -15.192447 0.500000
120979 37.643813 -51.720681 -15.541278 0.600000
120980 37.868643 -51.585167 -15.956772 0.600000
120981 37.753016 -53.170402 -16.313822 0.500000
120982 37.874149 -52.305480 -16.330259 0.500000
120983 37.964080 -51.486943 -16.322954 0.500000
120984 37.987022 -51.281399 -16.716531 0.600000
120985 37.872313 -51.114963 -17.027923 0.500000
120986 37.607106 -50.782091 -17.238866 0.700000
127990 27.603566 -56.036194 -13.129590 0.400000
127991 27.904563 -56.462743 -13.233692 0.400000
127992 28.293656 -55.459580 -13.323183 0.400000
127993 28.940614 -54.869323 -13.459246 0.400000
127994 29.582067 -54.260877 -13.565174 0.400000
127995 29.613267 -52.933936 -13.621790 0.400000
127996 29.926194 -53.309554 -13.619051 0.500000
127997 30.273073 -53.765206 -13.629096 0.500000
127998 31.028317 -53.159488 -13.807164 0.500000
127999 31.763372 -52.702017 -14.004409 0.500000
128000 32.430520 -52.295476 -14.318541 0.500000
128001 33.089408 -51.825272 -14.801609 0.500000
128002 32.759964 -51.428735 -14.456430 0.600000
128003 33.102256 -50.448309 -14.692941 0.600000
128004 33.296802 -49.649780 -14.945890 0.600000
128005 32.318564 -49.609762 -14.342283 0.600000
128006 32.928816 -49.208679 -14.748645 0.600000
128007 33.473913 -48.789406 -15.260934 0.700000
128008 33.611563 -48.068183 -15.585111 0.700000
128009 33.709754 -47.352417 -15.928463 0.700000
128010 33.784086 -46.613914 -16.270903 0.700000
128033 30.890667 -42.718583 -16.587774 0.700000
128034 31.042082 -42.009183 -17.007833 0.600000
128035 31.818433 -41.706324 -17.238866 0.800000
128036 32.407578 -41.610828 -17.460766 0.800000
128037 32.079051 -40.366651 -17.925571 0.800000
128038 32.584689 -40.818665 -17.825122 0.800000
128039 33.060960 -41.315245 -17.824209 0.900000
128040 33.594128 -41.154266 -18.149298 0.900000
128041 34.164002 -41.046947 -18.475301 0.900000
128042 34.702675 -40.807752 -18.805869 1.000000
128043 35.256031 -40.592203 -19.109042 1.000000
128044 34.766912 -40.288435 -18.961108 1.000000
128045 34.900892 -39.627238 -19.251497 0.900000
128046 35.016519 -38.956947 -19.495314 0.900000
128047 34.157578 -38.551316 -19.348293 0.900000
128048 34.647615 -38.404888 -19.443263 0.900000
128049 35.197300 -38.172060 -19.540973 0.900000
128050 35.401023 -37.356250 -19.729999 1.000000
128051 35.657971 -36.564087 -19.890718 0.700000
128052 35.885554 -35.876516 -19.881586 0.700000
128053 34.948611 -30.802490 -21.119848 0.300000
128054 34.989906 -31.479148 -20.996569 0.300000
128055 35.347798 -30.690623 -20.900686 0.300000
128056 35.766257 -30.435967 -20.587468 0.300000
128057 36.212245 -30.062168 -20.312603 0.300000
128058 36.257211 -28.649736 -20.192065 0.300000
128059 36.323283 -29.232716 -20.104400 0.300000
128060 36.520583 -29.731115 -19.959206 0.300000
128061 36.820661 -29.441898 -19.657859 0.300000
128062 37.247379 -28.953504 -19.273413 0.300000
128063 37.514421 -28.633365 -19.031423 0.300000
128064 37.920950 -28.269570 -18.727336 0.300000
128065 37.686026 -27.646572 -18.783953 0.300000
128066 37.836524 -26.886241 -18.636019 0.300000
128067 37.963163 -25.861250 -18.598579 0.300000
128068 37.418983 -25.649339 -18.965674 0.400000
128069 37.748428 -25.377403 -18.815001 0.300000
128295 41.186944 -47.375154 -10.752603 0.600000
128296 41.806372 -47.074114 -11.189099 0.500000
128297 41.458574 -46.723962 -11.053037 0.500000
128298 41.633850 -46.173722 -11.316030 0.500000
128299 41.840326 -45.508888 -11.585416 0.400000
128300 40.907054 -45.513435 -11.097782 0.500000
128301 41.484269 -45.146912 -11.435656 0.500000
128302 42.060567 -44.811311 -11.790880 0.400000
128303 42.334951 -44.202865 -12.042916 0.400000
128304 42.577216 -43.556220 -12.261164 0.400000
128305 42.781857 -42.893204 -12.596298 0.400000
128306 41.130048 -40.045602 -13.547823 0.700000
128307 41.382408 -40.216585 -13.450114 0.600000
128308 41.658627 -39.679988 -13.976101 0.600000
128309 42.247772 -39.259806 -14.470127 0.500000
128311 42.861695 -38.202982 -15.590590 0.400000
128337 40.911642 -33.468195 -17.480856 0.400000
128338 41.415444 -32.976163 -17.714628 0.400000
128342 41.081411 -31.696515 -18.074418 0.300000
137180 26.490431 -57.172143 -12.442885 0.400000
137181 26.958443 -56.603714 -12.835549 0.400000
137182 27.315417 -55.551438 -13.051058 0.400000
137183 27.562271 -54.627400 -13.200818 0.400000
137184 27.856844 -53.686991 -13.389845 0.400000
137185 26.859335 -53.877073 -13.154246 0.300000
137186 27.482434 -53.355937 -13.399889 0.300000
137187 28.021107 -52.888461 -13.554216 0.400000
137188 28.329445 -51.928044 -13.764245 0.400000
137219 31.176062 -36.832386 -19.608548 0.500000
137220 31.804668 -36.697782 -19.731826 0.600000
137221 31.480730 -36.173918 -19.961945 0.600000
137222 31.908365 -35.480889 -20.368307 0.600000
137223 32.224044 -34.833335 -20.664175 0.600000
137225 31.767961 -34.333117 -20.817588 0.500000
137226 32.663608 -34.103926 -20.940866 0.600000
137227 33.118774 -33.381794 -21.098845 0.500000
137228 33.380310 -32.660571 -21.234907 0.500000
137229 33.901548 -32.004831 -21.364578 0.400000
137235 32.425931 -31.530989 -21.717062 0.400000
137236 32.974699 -31.475510 -21.611134 0.400000
137237 33.730861 -31.220854 -21.474158 0.400000
137238 34.338359 -31.050780 -21.349054 0.400000
137239 34.773336 -30.395040 -21.259563 0.300000
137240 35.030284 -29.624705 -21.231255 0.300000
137241 35.491873 -28.765240 -21.072363 0.300000
137245 36.047982 -27.145445 -20.893381 0.300000
137246 36.217751 -26.318722 -20.705267 0.300000
137247 36.480205 -25.362851 -20.645911 0.300000
137433 48.965129 -45.793557 -16.353088 0.300000
137448 38.310043 -45.745354 -11.284983 0.800000
137449 38.815680 -45.132360 -11.190926 0.600000
137450 38.536708 -45.045959 -11.411913 0.700000
137451 38.753278 -44.281990 -11.574458 0.600000
137452 39.002885 -43.670815 -11.779009 0.600000
137453 38.320137 -44.096455 -12.196328 0.700000
137454 38.783561 -43.509836 -12.062092 0.600000
137455 39.256162 -43.027808 -12.016434 0.600000
137456 39.552570 -42.366612 -12.246553 0.700000
137457 39.871002 -41.665397 -12.548813 0.700000
137458 40.216965 -41.007839 -12.932345 0.700000
137459 37.918197 -43.744484 -13.904874 0.800000
137460 38.126508 -43.137856 -13.652838 0.800000
137461 38.489906 -42.524862 -13.375234 0.700000
137462 38.574332 -41.701777 -13.924050 0.800000
137463 38.722995 -41.766350 -13.580698 0.700000
137464 38.825774 -41.972804 -13.115893 0.700000
137465 39.397484 -41.392551 -13.133243 0.700000
137466 39.952675 -40.837765 -13.178902 0.700000
137467 40.557421 -40.417582 -13.376147 0.700000
137468 40.837311 -39.793674 -13.758766 0.700000
137469 41.150237 -39.194322 -14.258271 0.600000
137470 41.455821 -38.604975 -14.724902 0.600000
137471 40.641847 -38.715933 -14.619888 0.600000
137472 41.251181 -38.303026 -14.933106 0.600000
137473 41.821973 -37.966516 -15.174183 0.600000
137474 42.095439 -37.426281 -15.697431 0.500000
137475 42.366152 -36.749623 -16.206981 0.400000
137476 42.722209 -36.159366 -16.798717 0.400000
137477 43.011275 -35.530911 -17.348446 0.400000
137478 42.457919 -35.831041 -16.787758 0.400000
137479 42.107368 -35.623678 -16.887294 0.400000
137480 41.876115 -35.368113 -16.926561 0.400000
137481 41.033692 -36.404927 -16.170454 0.400000
137482 41.255769 -35.775563 -16.664480 0.400000
137483 41.613661 -35.020689 -17.127459 0.400000
137484 41.291558 -34.802412 -17.091845 0.400000
137485 41.007080 -34.697821 -17.048926 0.400000
137486 40.782250 -34.431341 -17.176770 0.500000
137487 38.881752 -38.318487 -15.805185 0.700000
137488 39.138700 -37.599083 -15.983254 0.600000
137489 39.351600 -36.963352 -16.206068 0.500000
137490 38.589015 -37.282582 -16.500109 0.600000
137491 39.043262 -36.851485 -16.378657 0.500000
137492 39.576430 -36.284875 -16.443493 0.500000
137493 39.925145 -35.571838 -16.695528 0.500000
137494 40.209623 -34.995223 -16.988656 0.500000
137495 40.535397 -34.152129 -17.310093 0.500000
137496 40.278449 -34.091194 -17.318312 0.500000
137497 40.054537 -33.882012 -17.521036 0.500000
137498 39.774647 -33.752865 -17.594090 0.400000
137499 38.902859 -35.026146 -17.319225 0.400000
137500 39.252492 -34.190328 -17.536560 0.400000
137501 39.580100 -33.522764 -17.758461 0.400000
137502 39.307552 -33.402712 -17.937442 0.400000
137503 39.048768 -33.174431 -18.013236 0.400000
137504 38.868905 -33.226272 -18.221439 0.400000
144014 39.636078 -56.253562 -9.636707 0.500000
144015 39.759046 -55.519606 -9.265046 0.500000
144016 39.959099 -54.834763 -8.932651 0.300000
144017 39.511275 -54.189937 -8.788370 0.500000
144018 39.887520 -54.179932 -8.732666 0.400000
144019 40.230730 -54.176294 -8.643175 0.400000
144020 40.708837 -53.563300 -8.533595 0.300000
144024 42.429471 -51.614271 -9.274177 0.400000
144025 42.672654 -51.196816 -9.746287 0.300000
144026 41.556765 -51.405089 -9.391976 0.400000
144027 42.217489 -51.063122 -9.769117 0.300000
144028 42.911249 -50.863944 -10.229355 0.300000
144029 43.199398 -50.508335 -10.650328 0.300000
144030 43.446252 -50.164549 -11.163531 0.300000
144031 43.759178 -49.790750 -11.696823 0.300000
144032 44.072104 -49.505171 -12.131493 0.300000
144033 43.375591 -49.671607 -11.610072 0.300000
144034 43.004851 -49.445145 -11.472183 0.400000
144035 42.697431 -49.212317 -11.364429 0.400000
144036 41.768748 -49.780746 -10.405598 0.400000
144037 42.078921 -49.382391 -10.818352 0.400000
144038 42.352387 -48.932195 -11.148007 0.400000
144039 42.084427 -48.662987 -11.021076 0.400000
144040 41.735711 -48.385593 -10.839354 0.500000
144041 41.352125 -48.156403 -10.646675 0.500000
144042 39.058863 -51.268666 -9.168249 0.500000
144043 39.350682 -50.717517 -9.266872 0.400000
144044 39.678291 -50.152726 -9.480554 0.400000
144045 38.705559 -50.647487 -9.412979 0.500000
144046 39.353435 -50.096338 -9.490599 0.600000
144047 40.052701 -49.577930 -9.686931 0.500000
144048 40.386734 -49.055885 -9.921616 0.600000
144049 40.709754 -48.531111 -10.211092 0.600000
144050 40.959361 -47.907204 -10.482304 0.500000
144051 40.597798 -47.664371 -10.356286 0.700000
144052 40.193105 -47.506120 -10.292364 0.700000
144053 39.758129 -47.333318 -10.273188 0.700000
144054 38.902859 -48.508374 -10.001062 0.600000
144055 39.167148 -47.849906 -10.134386 0.700000
144056 39.402990 -47.110493 -10.293277 0.700000
144057 38.977190 -46.956790 -10.416556 0.700000
144058 38.608286 -46.807634 -10.593711 0.700000
144059 38.310043 -46.653931 -10.851226 0.800000
144065 36.587573 -54.752909 -10.990941 0.500000
144066 36.623362 -53.971660 -10.972678 0.500000
144067 36.731647 -53.239523 -11.017423 0.600000
144068 36.883063 -52.500111 -11.023815 0.600000
144071 36.558207 -54.530994 -12.639217 0.500000
144072 36.704117 -53.719732 -13.216342 0.500000
144073 36.581149 -53.755202 -12.699486 0.500000
144074 36.572890 -53.768844 -12.270295 0.500000
144075 36.665575 -53.075816 -11.887676 0.600000
144076 36.816991 -52.439175 -11.423785 0.700000
144077 37.073021 -51.767974 -10.980896 0.800000
144078 37.220766 -51.052208 -11.004639 0.800000
144079 37.331805 -50.256407 -11.004639 0.700000
144080 37.420819 -49.469701 -10.983636 0.700000
144081 37.089539 -50.090881 -11.865760 0.800000
144082 37.273991 -49.342373 -11.423785 0.800000
144083 37.535528 -48.733017 -10.985462 0.800000
144084 37.686026 -47.993605 -11.014684 0.800000
144085 37.884243 -47.236912 -11.050297 0.800000
144086 38.074201 -46.516599 -11.134309 0.800000
144087 37.868643 -46.419284 -11.485880 0.800000
144088 37.764946 -46.385633 -11.897721 0.700000
144089 37.664002 -46.223744 -12.268469 0.800000
144090 37.340981 -47.577969 -12.705879 0.800000
144091 37.475879 -46.809453 -12.702226 0.800000
144092 37.614448 -46.119153 -12.708618 0.800000
144093 37.600682 -46.031842 -13.113153 0.800000
144094 37.608941 -45.867225 -13.588003 0.700000
144095 37.559387 -45.812656 -13.982493 0.700000
144096 37.401548 -50.340990 -14.693855 0.800000
144097 37.425407 -49.586116 -14.649109 0.900000
144098 37.422654 -48.765759 -14.547747 0.900000
144099 37.683273 -49.291442 -15.453614 0.900000
144100 37.544704 -48.663896 -14.998854 0.900000
144101 37.461196 -47.951768 -14.507567 0.900000
144102 37.502492 -47.147782 -14.481085 0.800000
144103 37.599765 -46.436564 -14.478346 0.800000
144104 37.685108 -45.742626 -14.494783 0.800000
144105 37.730992 -45.618026 -14.987896 1.000000
144106 37.805323 -45.403387 -15.598808 1.000000
144107 37.916362 -45.432491 -16.078224 1.000000
144108 37.998952 -46.643017 -16.349436 1.000000
144109 38.012717 -45.867225 -16.414271 1.000000
144110 38.039330 -45.216033 -16.518373 1.000000
144111 38.035659 -45.016855 -16.945737 1.000000
144112 37.963163 -44.869519 -17.352099 1.000000
144113 37.885161 -44.596673 -17.666230 1.000000
161594 35.454248 -26.176842 -22.312451 0.300000
161595 35.816729 -25.888534 -21.970011 0.300000
161596 36.074594 -24.466097 -22.217481 0.300000
161597 36.015863 -25.003604 -21.925266 0.300000
161598 36.083771 -25.573852 -21.638529 0.300000
161599 36.227845 -25.231885 -21.315266 0.300000
161600 36.405874 -24.789875 -20.894294 0.300000
161601 36.583902 -24.353321 -20.539983 0.300000
161625 36.705952 -22.241493 -20.912557 0.300000
161626 36.671999 -22.804466 -20.639519 0.300000
161627 36.744495 -23.315597 -20.312603 0.300000
161628 36.774778 -23.905854 -20.211241 0.300000
161629 36.940876 -23.520231 -19.902589 0.300000
161630 37.195989 -23.019104 -19.599416 0.300000
162178 28.232172 -56.857461 -13.354231 0.400000
162179 28.623100 -57.205794 -13.430937 0.400000
162180 28.936943 -57.659628 -13.470204 0.400000
162181 29.949135 -56.081669 -13.645533 0.400000
162182 29.627950 -57.095746 -13.599874 0.400000
162202 36.798637 -52.015354 -17.043447 0.400000
162203 37.039985 -51.184993 -17.181336 0.500000
162204 37.229025 -50.388283 -17.263521 0.700000
162205 33.644600 -51.520594 -15.255455 0.600000
162206 34.228239 -51.175898 -15.662730 0.600000
162207 34.869691 -50.797552 -16.102879 0.700000
162208 34.699922 -49.547008 -16.091008 0.700000
162209 35.113792 -49.995385 -16.278208 0.700000
162210 35.471684 -50.541077 -16.529331 0.600000
162211 36.148008 -50.157273 -16.907384 0.600000
162212 36.747248 -49.907164 -17.264434 0.700000
162213 37.387783 -49.587935 -17.363970 0.700000
162214 37.541034 -48.722104 -17.542039 0.800000
162215 37.622707 -47.989057 -17.675362 0.800000
162216 37.678685 -47.185071 -17.766679 0.800000
162217 36.772025 -47.019545 -17.774898 0.800000
162218 37.265732 -46.744880 -17.921918 0.800000
162219 37.712638 -46.319240 -17.818730 0.900000
162220 37.733745 -45.573461 -17.870781 1.000000
162221 37.736498 -44.912264 -17.923745 1.000000
162222 37.714474 -44.269257 -17.963011 1.000000
162279 31.494495 -47.074114 -14.804348 0.500000
162281 31.567908 -46.306507 -15.091998 0.500000
162282 32.226797 -46.706681 -15.081953 0.500000
162283 32.846225 -46.365624 -15.535799 0.600000
162284 33.363792 -46.167356 -16.036218 0.700000
162285 33.835475 -45.922704 -16.543028 0.800000
162286 31.548637 -43.021442 -16.485498 0.700000
162287 32.056110 -43.506198 -16.385963 0.700000
162288 32.581936 -43.903644 -16.355828 0.700000
162289 33.290378 -42.998705 -17.198686 1.000000
162290 33.179340 -43.575319 -16.840722 0.900000
162291 33.023336 -44.293814 -16.527504 0.900000
162292 33.526220 -44.718544 -16.670872 0.900000
162293 33.952937 -45.129632 -16.916516 0.900000
162294 34.329183 -45.671686 -17.065363 0.900000
162295 34.837573 -45.426124 -17.444329 0.900000
162296 35.402859 -45.011398 -17.742937 0.900000
162297 35.989251 -44.723091 -18.010496 0.900000
162298 35.610252 -43.706285 -18.222352 0.900000
162299 36.010357 -44.036429 -18.172128 0.900000
162300 36.562796 -44.323827 -18.176693 1.000000
162301 37.060174 -44.111916 -18.349283 1.000000
162302 37.444678 -43.722656 -18.216873 1.000000
162303 37.642895 -43.499832 -17.962098 1.000000
162304 37.515339 -42.799527 -17.924658 1.000000
162305 37.389618 -42.051020 -17.887218 1.000000
162306 37.278580 -41.323430 -17.873520 1.000000
162307 36.884898 -41.368905 -18.522786 1.000000
162308 36.974830 -40.862321 -18.018715 1.000000
162309 37.175800 -40.522173 -17.826948 1.000000
162310 37.095045 -39.853700 -17.780377 1.000000
162311 37.041820 -39.207965 -17.738371 1.000000
162312 37.074857 -38.597699 -17.753895 1.000000
162313 35.630441 -40.360284 -19.149222 1.000000
162314 36.116807 -40.035598 -19.183922 1.000000
162315 36.332460 -39.699997 -18.900839 1.000000
162316 36.155349 -38.687738 -19.128219 1.000000
162317 36.325119 -38.961494 -18.765690 1.000000
162318 36.636209 -39.197051 -18.644238 1.000000
162319 36.805061 -38.745036 -18.307277 1.000000
162320 37.034479 -38.225719 -18.010496 1.000000
162321 37.196907 -37.888300 -17.804119 0.900000
162322 37.372182 -37.039749 -17.848865 0.800000
162323 37.583247 -36.080241 -17.921918 0.700000
162324 37.722733 -35.476342 -18.019628 0.500000
162325 37.207001 -35.931085 -18.493564 0.600000
162326 37.627295 -35.468156 -18.334672 0.500000
162327 37.954904 -34.834244 -18.124643 0.500000
162328 38.275171 -34.144853 -18.215960 0.500000
162329 38.512848 -33.410898 -18.228744 0.400000
162330 38.702806 -32.733330 -18.300885 0.300000
162331 32.615889 -36.532255 -19.935463 0.600000
162332 33.321579 -36.414022 -20.036825 0.700000
162333 33.945596 -36.365819 -20.156451 0.800000
162334 34.036445 -35.048883 -20.655956 0.800000
162335 34.324594 -35.630954 -20.476974 0.700000
162336 34.770583 -36.061141 -20.240463 0.900000
162337 35.184453 -35.894705 -20.182933 0.800000
162338 35.645124 -35.469066 -20.012170 0.700000
162339 36.202151 -35.123461 -19.994819 0.700000
162340 35.234925 -32.020293 -20.825806 0.300000
162341 35.543262 -32.466851 -20.837677 0.400000
162342 35.901154 -32.885214 -20.736315 0.400000
162343 36.510488 -32.059401 -20.428576 0.400000
162344 36.404038 -32.645110 -20.524459 0.400000
162345 36.097536 -33.634631 -20.531765 0.500000
162346 36.205821 -34.084827 -20.241376 0.600000
162347 36.270058 -34.498643 -20.036825 0.600000
162348 36.452675 -34.749662 -19.699865 0.600000
162349 36.807814 -34.590502 -19.549191 0.500000
162350 37.043656 -34.060271 -19.219536 0.400000
162351 37.367594 -33.888378 -18.953803 0.300000
162352 37.643813 -32.324971 -19.182096 0.300000
162353 37.703462 -32.997991 -18.975719 0.300000
162354 37.898008 -33.026185 -18.741947 0.300000
162355 38.147615 -32.673304 -18.692636 0.400000
162356 38.544049 -32.417738 -18.407726 0.400000
162357 38.956084 -31.999374 -18.364807 0.300000
162358 39.330494 -31.221763 -18.339238 0.300000
162361 39.201102 -29.746576 -18.409552 0.400000
162367 38.406398 -27.599279 -18.357502 0.300000
162368 38.645911 -27.676585 -18.535570 0.300000
162369 39.090064 -27.077233 -18.334672 0.300000
162952 44.403383 -49.126825 -12.491283 0.400000
162953 44.708968 -48.614784 -12.800848 0.400000
162954 44.943892 -48.008157 -13.045579 0.400000
162955 43.872051 -48.008157 -12.421882 0.400000
162956 44.563976 -47.651638 -12.819112 0.400000
162957 45.169639 -47.415171 -13.305833 0.400000
162958 45.373362 -46.764888 -13.531386 0.400000
162959 45.586262 -46.103692 -13.759679 0.400000
162960 45.790903 -45.474327 -14.025412 0.300000
162961 42.345963 -46.812182 -11.646599 0.500000
162962 42.920426 -46.472034 -12.128754 0.400000
162963 43.528842 -46.144619 -12.584427 0.400000
162964 43.396697 -45.156007 -12.641957 0.400000
162965 43.758260 -45.465232 -12.872076 0.400000
162966 44.150106 -45.742626 -13.004486 0.400000
162967 44.785135 -45.396111 -13.444635 0.400000
162968 45.383457 -45.148731 -13.867434 0.300000
162969 45.995544 -44.904079 -14.285667 0.300000
162970 46.185502 -44.254706 -14.565097 0.300000
162979 39.417673 -44.682164 -11.200971 0.600000
162980 39.983876 -44.087360 -11.285896 0.600000
162981 40.647353 -43.707195 -11.483141 0.500000
162982 40.560174 -42.901390 -11.841104 0.500000
162983 40.929078 -43.128761 -11.737916 0.500000
162984 41.249345 -43.357042 -11.716913 0.500000
162985 41.877033 -42.988700 -12.084921 0.500000
162986 42.454248 -42.595802 -12.484891 0.400000
162988 41.664133 -40.403940 -13.403542 0.400000
162989 41.967882 -40.625854 -13.309485 0.500000
162990 42.244102 -40.913252 -13.263827 0.400000
162992 42.860777 -40.511259 -13.866520 0.300000
162993 42.559781 -41.123343 -13.335054 0.300000
163060 43.175538 -34.969758 -17.918266 0.300000
163063 42.972733 -33.595523 -18.379418 0.300000
163064 43.425145 -33.318130 -19.031423 0.300000
