#!ascii label, from file  /biac2/kgs/3Danat/FreesurferSegmentations/fsaverage-bkup/label/CBA/cROIs/averages/label/MPM_rh.FG1.label 
541
40 31.494495 -66.802696 -10.947109 0.500000
621 26.874017 -63.594027 -10.899624 0.700000
829 33.897877 -68.419763 -12.514112 0.400000
1385 20.272287 -64.940068 -4.298302 0.300000
1386 25.021238 -63.434867 -4.522029 0.500000
1387 25.029497 -66.905468 -6.017805 0.600000
1388 26.895124 -60.245298 -9.058669 0.400000
2499 28.889224 -65.760424 -11.922377 0.700000
2749 32.799424 -67.766752 -11.608246 0.400000
2751 33.684059 -64.433484 -11.574458 0.400000
2753 32.011144 -64.197017 -11.472183 0.400000
3305 25.342423 -61.293026 -3.889201 0.400000
3306 27.108941 -60.276221 -5.994063 0.400000
3307 26.763897 -62.021525 -6.467999 0.500000
3308 27.284217 -58.448153 -8.817591 0.400000
3309 26.491348 -56.954776 -10.793696 0.300000
5599 26.645517 -65.298405 -8.274254 0.700000
5600 25.537887 -68.181478 -6.552924 0.500000
5601 27.108941 -66.406160 -9.056842 0.700000
5603 27.484269 -64.848209 -11.826494 0.600000
5604 29.086524 -63.129280 -13.232779 0.700000
5605 27.599896 -62.066090 -13.020010 0.600000
6099 36.072759 -68.939989 -13.123198 0.400000
7100 22.738071 -61.855089 -3.161402 0.400000
7104 24.967095 -65.071034 -5.171294 0.500000
7105 26.640929 -63.726812 -7.271591 0.600000
7106 26.697824 -62.058814 -9.930748 0.600000
7107 26.543655 -60.559071 -12.136972 0.600000
7108 26.286707 -58.931999 -11.201884 0.500000
7109 26.305978 -55.311333 -12.539681 0.400000
10053 30.272156 -66.264280 -11.317857 0.600000
10054 30.705297 -63.719537 -12.451104 0.600000
10057 28.639618 -58.584576 -13.420892 0.400000
10429 32.245150 -67.191047 -11.152573 0.400000
10430 33.315155 -66.098753 -11.529713 0.400000
10431 32.587442 -65.598536 -11.230192 0.400000
10432 32.878344 -64.159728 -11.396390 0.400000
10433 31.775302 -65.517591 -11.126091 0.500000
10985 27.520058 -59.238496 -5.768509 0.300000
10986 27.793524 -58.566386 -7.170228 0.300000
10987 27.392502 -59.466778 -7.422264 0.400000
10988 27.641191 -57.606878 -8.668744 0.300000
10989 27.146566 -56.778335 -9.810209 0.400000
13279 26.868511 -64.405289 -9.591961 0.800000
13280 26.782250 -65.885934 -8.633130 0.700000
13281 27.006162 -65.070124 -10.012020 0.800000
13282 27.324594 -65.659471 -10.455822 0.700000
13283 27.130965 -64.269776 -11.335207 0.700000
13284 27.415444 -63.534911 -12.491283 0.600000
13285 27.007997 -62.816416 -12.072137 0.600000
14004 34.926587 -68.802657 -12.837375 0.400000
15672 25.163477 -62.448984 -4.124799 0.400000
15673 23.998034 -62.840973 -3.556806 0.400000
15674 23.829182 -63.894158 -4.035308 0.500000
15675 22.542607 -64.921878 -4.637089 0.500000
15676 23.764028 -64.654489 -4.527508 0.500000
15677 23.737415 -65.377531 -4.887298 0.500000
15678 24.989120 -64.242491 -4.853510 0.600000
15679 26.996985 -61.186617 -7.746440 0.300000
15680 26.689565 -62.935559 -6.759301 0.400000
15681 26.938254 -62.027892 -8.074269 0.500000
15682 26.844652 -62.829149 -8.689747 0.700000
15683 26.799686 -61.174793 -9.410240 0.500000
15684 26.484924 -60.489040 -10.539834 0.400000
15685 26.630834 -59.627757 -10.120688 0.400000
15686 26.159151 -55.200376 -11.540671 0.300000
15687 26.111432 -56.145333 -11.740656 0.400000
15688 26.056372 -54.386386 -12.453843 0.400000
18908 37.564893 -72.518819 -11.738829 0.300000
22554 23.786970 -67.302004 -5.500950 0.400000
22556 23.925538 -68.168745 -5.667147 0.400000
22564 28.387258 -66.609885 -10.864010 0.600000
22565 28.500132 -67.818592 -9.738982 0.600000
22566 29.032381 -66.956399 -10.894145 0.500000
22567 29.535265 -67.254711 -10.793696 0.500000
22568 29.640798 -66.019628 -11.737916 0.700000
22569 30.509833 -65.055572 -11.920550 0.600000
22570 29.783954 -64.809101 -12.358873 0.700000
22571 29.539854 -61.463100 -13.569739 0.400000
22572 30.311616 -61.896016 -13.388018 0.600000
22576 26.787756 -58.865607 -12.621867 0.500000
22577 27.389749 -59.618662 -13.018183 0.500000
23380 34.581542 -66.841804 -12.658394 0.500000
23381 33.987809 -66.596243 -12.069398 0.400000
23387 32.348847 -62.892813 -11.997257 0.500000
24381 26.406922 -60.843740 -4.762193 0.400000
24382 26.216964 -61.914206 -5.053495 0.500000
24383 26.069219 -62.791860 -5.332013 0.500000
24384 26.831804 -61.234819 -6.205919 0.400000
24385 27.130965 -60.318057 -7.543716 0.300000
24386 27.077740 -59.400385 -8.840420 0.400000
24387 26.794180 -58.650059 -9.936227 0.400000
24388 26.955690 -57.733296 -9.819341 0.300000
24389 26.625328 -55.981625 -10.673157 0.400000
28496 20.358548 -65.702217 -5.214213 0.400000
28497 19.407840 -66.234267 -5.271743 0.400000
28509 26.066466 -66.161508 -7.085303 0.600000
28510 25.322234 -67.576669 -6.350200 0.500000
28511 26.240824 -66.748127 -7.346471 0.700000
28512 26.558338 -67.310189 -7.605812 0.700000
28513 26.955690 -67.785851 -8.039568 0.600000
28515 27.517305 -66.985503 -9.466857 0.600000
28516 27.780677 -66.186974 -10.828396 0.700000
28517 28.134898 -65.372074 -11.988125 0.700000
28518 28.915837 -64.478048 -12.752450 0.700000
28519 27.967882 -64.138810 -12.776193 0.700000
28520 28.303750 -62.619967 -13.241911 0.600000
28521 28.771762 -61.049284 -13.447374 0.400000
31925 24.102649 -61.683196 -3.323947 0.400000
31927 21.433141 -64.544441 -4.022524 0.400000
31928 21.400105 -65.193814 -4.799633 0.400000
31933 23.753016 -66.308845 -5.224258 0.400000
31934 25.010226 -65.997800 -5.646144 0.500000
31935 26.009571 -63.650416 -5.655276 0.500000
31936 26.015077 -64.526251 -6.033329 0.700000
31937 26.039854 -65.411182 -6.549271 0.600000
31938 26.602386 -64.599920 -7.861500 0.700000
31939 26.833640 -63.694980 -9.158204 0.800000
31940 26.741873 -62.840063 -10.438472 0.700000
31941 26.714342 -62.095194 -11.575371 0.600000
31942 26.499607 -61.387613 -11.029294 0.500000
31943 26.334426 -59.791464 -11.626509 0.600000
31944 26.410593 -58.038884 -12.203634 0.600000
31945 26.355533 -57.926107 -10.953501 0.400000
31946 26.197693 -57.147587 -11.872152 0.400000
36000 35.783692 -69.810368 -12.549726 0.400000
40394 30.116152 -67.568484 -10.537094 0.500000
40395 30.850289 -66.583510 -11.015597 0.500000
40396 31.136603 -65.226556 -11.389997 0.500000
40397 31.381621 -63.924171 -11.866673 0.600000
40398 31.677111 -62.604506 -12.444711 0.600000
40399 29.961983 -63.400307 -12.932345 0.700000
40400 31.009046 -62.210698 -13.008139 0.600000
40405 27.034610 -61.339410 -12.564337 0.600000
40406 28.023860 -60.454480 -13.245563 0.500000
41149 31.862481 -67.004602 -11.015597 0.400000
41150 32.453462 -66.423440 -11.200058 0.400000
41151 32.029497 -66.258823 -11.093216 0.400000
41152 32.179995 -65.549423 -11.105088 0.400000
41153 31.636734 -66.181517 -11.040252 0.500000
41707 27.762324 -58.073444 -7.931814 0.300000
43999 26.896959 -63.928718 -10.285972 0.800000
44000 26.914395 -64.712696 -9.801078 0.800000
44001 26.954772 -64.348901 -10.447604 0.700000
44002 27.097929 -64.697235 -10.621106 0.600000
44003 26.989644 -63.897796 -11.128830 0.600000
44004 27.065811 -63.559467 -11.712347 0.600000
44005 26.919901 -63.229323 -11.480401 0.600000
44724 34.399843 -68.638949 -12.696747 0.400000
44725 35.152334 -68.063244 -12.981657 0.400000
44726 34.651285 -67.866795 -12.828244 0.400000
46392 25.197431 -62.866438 -4.345787 0.400000
46393 24.540378 -63.182940 -4.014305 0.400000
46394 24.455952 -63.625859 -4.234380 0.500000
46395 23.764945 -64.292513 -4.280951 0.400000
46396 24.408233 -64.082422 -4.468152 0.500000
46397 24.398139 -64.377095 -4.666310 0.500000
46398 25.033168 -63.784110 -4.726580 0.600000
46399 26.997903 -60.693675 -8.419448 0.300000
46400 26.952937 -61.601342 -7.895287 0.300000
46401 26.958443 -61.132047 -8.583819 0.400000
46402 26.856582 -61.484928 -8.815765 0.500000
46403 26.874017 -60.710046 -9.200210 0.400000
46404 26.740037 -60.444476 -9.728024 0.400000
46405 26.808863 -59.956081 -9.583743 0.400000
46406 26.072890 -54.372743 -11.922377 0.400000
46407 26.038936 -54.787469 -12.007302 0.400000
46408 26.012324 -53.933461 -12.341523 0.400000
46409 26.089408 -53.493270 -12.790804 0.300000
49628 37.458443 -73.172740 -11.772617 0.300000
53274 24.427504 -67.162853 -5.705500 0.500000
53276 24.500000 -67.589402 -5.824213 0.500000
53284 28.600158 -66.129676 -11.490446 0.600000
53285 28.698349 -66.797239 -10.935238 0.600000
53286 29.000263 -66.395246 -11.379952 0.700000
53287 29.307683 -66.494380 -11.468530 0.700000
53288 29.332460 -65.914128 -11.861194 0.700000
53289 29.703199 -65.468479 -12.056613 0.700000
53290 29.334295 -65.350246 -12.207287 0.700000
53291 29.745412 -60.704589 -13.670188 0.400000
53292 30.193236 -60.943784 -13.646446 0.400000
53296 26.961196 -58.005233 -12.813633 0.400000
53297 27.312664 -58.334467 -12.987136 0.400000
54325 33.640011 -67.371125 -12.131493 0.500000
54326 33.387651 -67.226517 -11.827407 0.500000
54327 33.524385 -65.223827 -11.513276 0.400000
54328 33.890536 -65.545786 -11.766224 0.400000
54329 34.061222 -64.714515 -11.733350 0.400000
54333 33.785003 -63.821399 -11.682212 0.400000
54334 32.446120 -64.220664 -11.442048 0.400000
54336 32.604877 -63.576747 -11.646599 0.500000
54338 32.166230 -63.551282 -11.728784 0.500000
55992 27.306241 -59.762361 -5.881742 0.400000
55993 27.019009 -59.981547 -5.290007 0.400000
55994 26.818957 -60.559980 -5.378584 0.400000
55995 26.273860 -61.403984 -4.887298 0.400000
55996 26.691401 -61.109310 -5.492731 0.400000
55997 26.538149 -61.618623 -5.583135 0.500000
55998 26.971291 -60.790080 -6.116428 0.400000
55999 27.362219 -58.955646 -8.150062 0.400000
56000 27.233745 -59.897874 -7.500797 0.400000
56001 27.246592 -59.424032 -8.133625 0.400000
56002 27.145648 -59.933344 -8.153715 0.400000
56003 27.171343 -59.002939 -8.798415 0.300000
56004 27.042869 -58.561838 -9.347231 0.400000
56005 27.141060 -58.117099 -9.278743 0.500000
56007 26.882276 -56.394532 -10.260403 0.400000
56008 26.707001 -55.501416 -10.668591 0.400000
56009 26.449135 -55.110337 -11.075866 0.400000
62853 20.007080 -66.133314 -5.881742 0.300000
62874 26.413346 -65.682209 -7.691650 0.700000
62875 26.184846 -66.417983 -7.241456 0.600000
62876 26.483089 -66.004167 -7.824973 0.700000
62877 26.937337 -66.141499 -8.867816 0.700000
62878 26.707919 -66.568048 -8.137278 0.700000
62879 26.842816 -66.863632 -8.338176 0.700000
62880 26.712507 -67.504820 -7.872458 0.700000
62881 27.094259 -67.049167 -8.526289 0.700000
62882 27.263110 -67.376582 -8.713490 0.600000
62883 27.228239 -66.765407 -9.194731 0.700000
62884 27.348454 -65.253840 -11.127004 0.600000
62885 27.495281 -65.926860 -10.702379 0.700000
62886 27.629261 -65.538510 -11.365342 0.700000
62887 27.955952 -65.819541 -11.388171 0.700000
62888 27.750394 -65.103775 -11.934248 0.600000
62889 28.035790 -64.730886 -12.411837 0.800000
62890 27.699004 -64.464406 -12.331478 0.700000
62891 27.493446 -62.816416 -12.778932 0.600000
62892 27.787101 -63.228414 -12.918648 0.600000
62893 27.922916 -62.433523 -13.114980 0.400000
62894 28.535921 -61.852361 -13.398063 0.500000
62895 28.127557 -61.612256 -13.267479 0.400000
70047 22.863792 -61.000172 -3.240848 0.400000
70048 22.207656 -60.940146 -3.372345 0.400000
70049 22.119560 -61.830533 -3.239022 0.400000
70052 25.457132 -60.620006 -3.875503 0.400000
70053 24.826692 -60.809180 -3.565024 0.400000
70054 24.749607 -61.476743 -3.576896 0.400000
70056 23.351993 -63.025598 -3.415264 0.400000
70059 21.938779 -64.399833 -3.894680 0.400000
70060 21.308338 -64.947343 -4.459020 0.500000
70061 21.887389 -64.785455 -4.317478 0.500000
70062 22.594914 -65.190176 -4.897343 0.500000
70063 22.010357 -65.330237 -5.105546 0.500000
70069 24.323808 -65.254750 -4.985007 0.500000
70070 23.707132 -65.814084 -5.061714 0.500000
70071 24.389880 -65.678571 -5.183166 0.500000
70072 24.377950 -66.185155 -5.339318 0.500000
70073 24.975354 -65.509406 -5.395022 0.500000
70074 26.453724 -62.457169 -5.836084 0.500000
70075 26.046277 -63.261155 -5.470815 0.500000
70076 26.418852 -62.882809 -6.003194 0.500000
70077 26.689565 -63.304811 -7.038732 0.500000
70078 26.421605 -63.741364 -6.341981 0.600000
70079 26.415181 -64.227030 -6.580319 0.700000
70080 26.035265 -64.965533 -6.292670 0.600000
70081 26.383981 -64.573544 -6.885319 0.700000
70082 26.350027 -65.014645 -7.181187 0.600000
70083 26.621658 -64.180646 -7.569285 0.700000
70084 26.800604 -62.441708 -9.307965 0.700000
70085 26.851076 -63.341190 -8.923519 0.700000
70086 26.827216 -62.883718 -9.566392 0.700000
70087 26.820792 -63.260246 -9.814775 0.700000
70088 26.752885 -62.508100 -10.148996 0.700000
70089 26.625328 -62.127026 -10.733427 0.700000
70090 26.581280 -61.756865 -10.489610 0.500000
70091 26.393157 -59.737804 -10.850313 0.500000
70092 26.372051 -60.227108 -11.059429 0.600000
70093 26.350027 -59.343087 -11.371734 0.500000
70094 26.349109 -58.895620 -11.944293 0.600000
70095 26.295884 -58.508179 -11.721479 0.600000
70096 26.640929 -57.827883 -10.364505 0.300000
70097 26.561091 -58.303544 -10.474086 0.400000
70098 26.393157 -57.452265 -10.876795 0.300000
70099 26.072890 -55.833379 -12.116882 0.400000
70100 26.094914 -56.678292 -11.791793 0.400000
70101 26.220635 -56.262656 -12.192676 0.400000
79759 38.299031 -71.304654 -11.816449 0.300000
90707 25.461720 -67.868614 -6.430559 0.500000
90708 24.810174 -68.202396 -6.077161 0.500000
90739 29.820661 -66.853627 -11.180881 0.600000
90740 29.780284 -67.403867 -10.622020 0.600000
90741 30.184977 -66.896373 -10.949848 0.600000
90742 30.450184 -67.094641 -10.842094 0.500000
90743 30.534610 -66.385242 -11.169010 0.500000
90744 30.987940 -65.923222 -11.215581 0.500000
90745 30.639225 -65.740416 -11.375387 0.600000
90746 30.603435 -64.416203 -12.178065 0.600000
90747 30.903514 -64.493510 -11.856628 0.600000
90748 31.018223 -63.821399 -12.165281 0.600000
90749 31.514683 -63.283893 -12.159802 0.500000
90750 31.173309 -63.085624 -12.445624 0.600000
90751 28.935108 -63.903253 -13.049231 0.700000
90752 29.417803 -63.941451 -12.870250 0.700000
90753 29.524253 -63.223866 -13.115893 0.700000
90754 30.853960 -61.339410 -13.453767 0.400000
90755 30.622706 -62.135211 -13.226387 0.600000
90756 31.232958 -61.460372 -13.261087 0.600000
90766 26.630834 -61.323949 -11.852976 0.600000
90767 26.781332 -61.787787 -12.096793 0.700000
90768 26.818039 -61.009267 -12.332391 0.600000
90769 27.966964 -59.125720 -13.220908 0.500000
90770 27.706346 -60.027931 -13.097629 0.500000
90771 28.346880 -59.514980 -13.373407 0.500000
90772 28.630441 -59.920611 -13.465638 0.500000
90773 28.961721 -59.007487 -13.525907 0.500000
92499 32.556241 -67.487539 -11.343426 0.500000
92500 33.088490 -66.940028 -11.600027 0.400000
92501 32.774647 -66.694467 -11.349818 0.400000
92502 32.958181 -65.872291 -11.336120 0.400000
92503 33.149057 -65.023740 -11.355297 0.400000
92504 33.285790 -64.323436 -11.462138 0.400000
92505 32.728763 -64.861852 -11.293201 0.400000
92506 32.304799 -64.882770 -11.260327 0.400000
92507 31.908365 -64.789093 -11.209189 0.500000
93501 27.726534 -58.919267 -6.463433 0.300000
93502 27.507211 -59.459502 -6.541966 0.400000
93503 27.292476 -59.968814 -6.653373 0.400000
93504 27.559518 -58.978383 -7.333686 0.400000
93505 27.536576 -58.525459 -8.066050 0.400000
93506 27.407185 -58.029789 -8.764627 0.300000
93507 27.233745 -57.612334 -9.349971 0.300000
93508 27.426456 -57.207613 -9.264132 0.300000
97629 26.786838 -64.836386 -8.929911 0.900000
97630 26.695989 -65.563975 -8.485196 0.700000
97631 26.824463 -65.170168 -9.139028 0.800000
97632 26.920819 -65.475755 -9.328054 0.700000
97633 27.041034 -65.798623 -9.528952 0.700000
97634 27.224568 -66.113305 -9.691497 0.700000
97635 27.152072 -65.438466 -10.155388 0.800000
97636 27.226403 -64.976447 -10.887753 0.600000
97637 27.268616 -64.573544 -11.556195 0.600000
97638 27.359466 -64.242491 -12.179891 0.700000
97639 27.221815 -63.974193 -11.936074 0.600000
97640 27.204379 -63.280255 -12.299517 0.600000
97641 27.235580 -62.492639 -12.565250 0.600000
98934 35.457919 -68.931804 -12.986222 0.400000
101934 23.638307 -60.219832 -3.312989 0.300000
101935 23.507080 -60.993805 -3.221672 0.400000
101936 25.257080 -61.864184 -3.992389 0.400000
101937 24.665181 -62.123388 -3.638991 0.400000
101938 24.570661 -62.675446 -3.780533 0.400000
101939 23.889749 -63.433048 -3.737614 0.400000
101940 23.212507 -64.049680 -3.922075 0.400000
101941 22.516912 -64.603557 -4.250817 0.500000
101942 23.132670 -64.450764 -4.279125 0.400000
101943 23.154694 -64.808192 -4.499200 0.500000
101944 23.149188 -65.108323 -4.731145 0.500000
101945 23.140929 -65.463022 -4.920172 0.400000
101946 23.742004 -64.973719 -4.725666 0.500000
101947 24.366938 -64.816377 -4.827028 0.500000
101948 24.959754 -64.619928 -5.040711 0.500000
101949 26.907053 -61.641360 -7.076172 0.300000
101950 26.750132 -62.481725 -6.598583 0.400000
101951 26.874935 -62.047900 -7.277070 0.400000
101952 26.850158 -62.475359 -7.426830 0.400000
101953 26.829051 -62.895542 -7.676126 0.500000
101954 26.777662 -63.301173 -7.971080 0.600000
101955 26.843734 -62.415333 -8.381095 0.600000
101956 26.839146 -62.006064 -9.033100 0.600000
101957 26.721684 -61.563144 -9.670494 0.500000
101958 26.598716 -61.262104 -10.252185 0.500000
101959 26.621658 -60.931051 -9.925269 0.500000
101960 26.552832 -60.110694 -10.302409 0.400000
101961 26.455559 -59.297613 -10.671331 0.500000
101962 26.294966 -56.068026 -11.146180 0.300000
101963 26.245412 -56.603714 -11.248456 0.300000
101964 26.132539 -55.729697 -11.606419 0.400000
101965 26.035265 -55.268588 -12.084921 0.400000
101966 26.140798 -54.836582 -12.484891 0.400000
101967 26.418852 -54.324541 -12.891253 0.300000
101968 26.223388 -53.956199 -12.816372 0.300000
107762 37.699791 -71.879450 -11.761658 0.300000
114342 28.242266 -67.072813 -10.286885 0.600000
114343 28.258784 -67.683988 -9.730763 0.600000
114344 28.466178 -67.226517 -10.338936 0.600000
114345 28.764421 -67.391134 -10.387334 0.600000
114348 29.309518 -67.092822 -11.000986 0.500000
114349 29.602255 -66.650812 -11.313291 0.600000
114350 29.981254 -66.221534 -11.559847 0.600000
114351 30.379523 -65.707674 -11.633814 0.600000
114352 30.061091 -65.636734 -11.829233 0.600000
114353 30.128999 -65.005551 -12.105924 0.700000
114354 30.207001 -64.299789 -12.399966 0.600000
114355 29.290247 -62.326203 -13.401716 0.600000
114356 29.666492 -62.553575 -13.301267 0.700000
114357 29.932617 -61.765050 -13.518602 0.500000
114358 30.511668 -61.139323 -13.534126 0.400000
114364 26.651023 -59.721434 -12.412750 0.500000
114365 26.915313 -60.137069 -12.563424 0.500000
114366 27.041951 -59.295794 -12.769801 0.500000
114367 27.636603 -58.748283 -13.117719 0.500000
115989 33.587704 -68.321538 -12.316867 0.400000
115990 34.232827 -67.645790 -12.652001 0.400000
115991 33.918066 -67.563936 -12.388095 0.400000
115992 34.248428 -66.745398 -12.371658 0.500000
115994 33.665706 -66.386151 -11.809143 0.400000
115995 34.242004 -65.720407 -12.024652 0.400000
116009 32.546146 -62.280729 -12.353394 0.500000
118324 25.999476 -60.460846 -4.236206 0.300000
118325 27.181437 -59.457683 -5.182252 0.400000
118326 26.610646 -60.212556 -4.732059 0.400000
118327 25.965522 -61.009267 -4.328436 0.400000
118328 25.808600 -61.635903 -4.397838 0.300000
118329 25.693891 -62.207060 -4.524768 0.500000
118330 25.703986 -62.666351 -4.729319 0.500000
118331 25.619560 -63.120185 -4.899169 0.500000
118332 26.138962 -62.348031 -5.203255 0.500000
118333 26.499607 -61.993331 -5.749332 0.500000
118334 26.788674 -61.638631 -6.299062 0.400000
118335 27.179602 -60.352617 -6.821397 0.400000
118336 27.019927 -60.793718 -6.892624 0.400000
118337 26.942843 -61.221177 -6.937370 0.400000
118338 27.030939 -60.799175 -7.586635 0.300000
118339 27.067646 -60.312600 -8.276080 0.300000
118340 27.023598 -59.861495 -8.930825 0.400000
118341 26.849240 -59.468596 -9.520734 0.400000
118342 26.974961 -59.059328 -9.411153 0.400000
118343 26.869429 -58.240790 -9.871392 0.300000
118344 26.712507 -57.314932 -10.367244 0.300000
118345 27.054799 -57.232169 -9.791946 0.400000
118346 26.806110 -56.860189 -10.259490 0.300000
118347 26.539067 -56.461834 -10.753516 0.300000
118348 26.329838 -55.654210 -11.064908 0.300000
118349 26.236235 -54.805659 -11.449354 0.500000
127928 20.332853 -65.423914 -4.703750 0.400000
127929 19.809780 -65.613997 -4.846205 0.300000
127930 19.872182 -65.988705 -5.321968 0.400000
127931 19.514290 -66.480738 -5.860739 0.400000
127959 25.659938 -66.535307 -6.527355 0.600000
127960 25.185501 -67.234702 -6.197700 0.500000
127961 25.750787 -66.910015 -6.671636 0.600000
127962 25.880179 -67.121926 -6.833268 0.600000
127963 25.946251 -67.492087 -6.906322 0.500000
127964 26.588621 -66.275194 -7.987518 0.700000
127965 26.435370 -67.021882 -7.473402 0.700000
127966 26.113267 -67.733101 -7.027774 0.600000
127967 26.299555 -68.003218 -7.207668 0.600000
127968 26.536314 -68.142370 -7.436875 0.500000
127969 26.763897 -68.513440 -7.643252 0.500000
127971 27.187861 -68.025955 -8.272427 0.600000
127972 27.538412 -67.656704 -8.945435 0.600000
127973 27.737546 -67.244706 -9.615704 0.600000
127974 27.431962 -66.319759 -9.965449 0.700000
127975 27.652203 -66.641717 -10.130733 0.500000
127976 27.884374 -66.792692 -10.286885 0.600000
127977 28.100944 -66.440720 -10.853052 0.600000
127978 28.281726 -66.061464 -11.432003 0.600000
127979 28.537756 -65.498492 -11.983559 0.700000
127980 28.892895 -65.105594 -12.367092 0.700000
127981 28.462507 -64.968262 -12.443798 0.800000
127982 28.451495 -64.328893 -12.836462 0.800000
127983 28.517567 -63.613127 -13.125025 0.700000
127984 27.715522 -63.823218 -12.646522 0.700000
127985 28.109203 -63.383936 -13.034621 0.700000
127986 28.682748 -62.878262 -13.323183 0.600000
127987 28.923178 -62.079732 -13.459246 0.500000
127988 29.160855 -61.293026 -13.556955 0.400000
137118 24.185239 -60.925594 -3.336731 0.400000
137119 23.436419 -61.760503 -3.217106 0.400000
137120 24.043000 -62.298919 -3.386956 0.400000
137121 23.344652 -62.470812 -3.271896 0.400000
137122 22.688516 -62.562670 -3.209800 0.400000
137125 20.849502 -64.753623 -4.154021 0.500000
137126 20.841243 -65.170168 -4.585951 0.500000
137127 20.865103 -65.440285 -5.045277 0.500000
137129 21.955297 -65.034654 -4.722927 0.500000
137139 23.112481 -65.907761 -5.053495 0.500000
137140 23.084033 -66.390699 -5.223345 0.400000
137142 23.768616 -66.836347 -5.335665 0.400000
137143 24.464211 -66.716295 -5.491818 0.500000
137144 25.021238 -66.462548 -5.822386 0.600000
137145 25.590195 -63.534001 -4.998705 0.600000
137146 25.528711 -63.932356 -5.222432 0.600000
137147 25.518616 -64.408927 -5.370366 0.700000
137148 26.428947 -63.304811 -6.167565 0.400000
137149 26.013241 -64.102430 -5.803210 0.700000
137150 25.555323 -64.790912 -5.575830 0.500000
137151 25.522287 -65.271121 -5.791338 0.500000
137152 25.556241 -65.734959 -6.010500 0.600000
137153 25.538805 -66.175150 -6.243359 0.600000
137154 26.003147 -65.804989 -6.794001 0.600000
137155 26.362874 -65.343880 -7.487099 0.600000
137156 26.626246 -64.904598 -8.104404 0.700000
137157 26.794180 -63.794114 -8.263296 0.800000
137158 26.766650 -64.136081 -8.536334 0.800000
137159 26.738202 -64.516247 -8.711663 0.800000
137160 26.828134 -64.069689 -9.394716 0.800000
137161 26.875853 -63.675881 -10.012020 0.800000
137162 26.850158 -63.199310 -10.700552 0.600000
137163 26.791427 -62.860981 -11.280417 0.600000
137164 26.737284 -62.522652 -11.014684 0.600000
137165 26.583115 -61.752317 -11.317857 0.500000
137166 26.528055 -60.942874 -11.622856 0.600000
137167 26.429864 -60.996534 -10.774519 0.500000
137168 26.388569 -60.600907 -11.340686 0.600000
137169 26.468406 -60.213466 -11.842931 0.600000
137170 26.475748 -59.389471 -12.111403 0.500000
137171 26.592292 -58.469071 -12.389008 0.500000
137172 26.767567 -57.523205 -12.641043 0.400000
137173 26.733614 -59.114806 -10.042155 0.400000
137174 26.484924 -58.768292 -10.547139 0.400000
137175 26.298637 -58.390855 -11.083171 0.500000
137176 26.234400 -57.096656 -11.324249 0.300000
137177 26.194940 -57.529571 -11.432003 0.400000
137178 26.246330 -58.064349 -11.541584 0.400000
137179 26.281201 -57.625067 -12.024652 0.500000
148952 38.200840 -69.502052 -12.630085 0.300000
148979 37.676849 -69.518423 -12.735100 0.300000
148982 35.924096 -69.391095 -12.842854 0.400000
148985 35.288150 -69.418379 -12.747884 0.300000
161898 31.038412 -67.361121 -10.719729 0.500000
162016 19.299555 -65.751330 -4.790502 0.300000
162097 24.703724 -67.834054 -5.959362 0.500000
162139 30.348323 -67.724915 -10.429340 0.500000
162140 30.726403 -67.237431 -10.730687 0.500000
162141 31.167803 -66.654450 -10.927932 0.500000
162142 31.306372 -65.993253 -11.050297 0.500000
162143 31.398139 -65.327509 -11.265806 0.500000
162144 31.543131 -64.650851 -11.467617 0.500000
162145 30.772287 -65.114689 -11.606419 0.500000
162146 31.260488 -64.556264 -11.589982 0.500000
162147 31.710147 -63.989654 -11.669428 0.500000
162148 31.856975 -63.371203 -11.934248 0.400000
162149 32.023074 -62.768214 -12.202721 0.500000
162150 32.208443 -62.125207 -12.523244 0.500000
162151 29.328789 -64.695416 -12.565250 0.700000
162152 29.860121 -64.130624 -12.644696 0.600000
162153 30.351076 -63.537639 -12.695834 0.600000
162154 30.123493 -62.655437 -13.189860 0.600000
162155 30.487809 -62.812778 -12.976178 0.600000
162156 30.831018 -62.971029 -12.730534 0.600000
162157 31.343079 -62.362583 -12.694920 0.600000
162158 31.857893 -61.901473 -12.718663 0.500000
162169 26.847405 -62.526290 -11.815536 0.700000
162170 26.979550 -62.035167 -12.320520 0.700000
162171 27.307158 -61.711390 -12.776193 0.700000
162172 27.160331 -60.489040 -12.792630 0.500000
162173 27.440221 -60.906495 -12.965219 0.600000
162174 27.784348 -61.274837 -13.150593 0.500000
162175 28.401941 -60.724597 -13.394410 0.400000
