#!ascii label, from file  /biac2/kgs/3Danat/FreesurferSegmentations/fsaverage-bkup/label/CBA/cROIs/averages/label/MPM_rh.FG3.label 
1523
39 28.475355 -37.396268 -8.245945 0.300000
153 32.438779 -29.058095 -20.768276 0.400000
155 28.066073 -56.612809 -8.506199 0.500000
341 21.449660 -49.162295 -6.106383 0.300000
343 30.994363 -47.066838 -7.104480 1.000000
344 27.212638 -41.599914 -14.047329 1.000000
622 29.482958 -49.536094 -14.343196 0.500000
821 25.637913 -42.810441 -5.484512 0.400000
822 27.011668 -47.617077 -4.947567 0.800000
823 31.395386 -41.801820 -6.435125 0.500000
824 33.527138 -40.777739 -10.047634 0.700000
825 32.696645 -35.908348 -9.749027 0.400000
1384 26.032512 -58.539101 -3.928467 0.400000
1390 26.015994 -53.527830 -12.268469 0.500000
1391 29.229681 -35.223504 -17.680841 0.700000
1392 26.381228 -38.735032 -17.217863 0.800000
1393 29.586655 -32.544157 -21.044054 0.600000
1767 21.989251 -53.717913 -6.019631 0.300000
1768 26.869429 -52.996690 -4.392358 0.700000
1769 29.741742 -52.142682 -7.793925 1.000000
1770 27.443891 -49.136829 -11.761658 0.900000
1771 30.518092 -45.135089 -11.286809 1.000000
1772 32.136865 -38.516755 -14.280188 0.700000
1773 34.273205 -31.926616 -16.976785 0.400000
2503 25.816859 -46.198278 -14.600711 0.800000
2504 30.242790 -43.036903 -16.437100 0.600000
2741 27.331936 -39.974662 -6.388553 0.400000
2742 28.738726 -42.239283 -5.349363 0.400000
2743 30.287756 -39.419875 -6.907235 0.400000
2744 32.350682 -38.907834 -7.993910 0.400000
2745 30.774122 -36.716881 -8.683355 0.400000
3304 27.890798 -58.099819 -5.612357 0.400000
3310 26.894206 -55.034850 -10.640283 0.500000
3311 30.898926 -32.111241 -19.415868 0.400000
3312 28.510226 -33.497299 -19.511751 0.700000
3313 30.517174 -30.385945 -21.177377 0.400000
3314 31.740431 -29.785684 -22.273184 0.400000
3904 29.667410 -47.302395 -5.428809 1.000000
3905 27.108024 -50.321890 -4.759454 0.900000
3906 29.363661 -50.128170 -5.385890 0.900000
3907 29.025040 -52.924841 -5.351189 0.900000
3908 30.526351 -49.709806 -7.467009 1.000000
3909 30.269403 -48.734836 -9.665928 1.000000
3910 31.267830 -46.463848 -9.107980 1.000000
3911 34.324594 -37.508134 -11.621030 0.600000
3912 33.215129 -39.838239 -12.178065 0.700000
3913 34.058469 -36.540441 -13.820862 0.600000
3914 33.173834 -35.291716 -15.743089 0.500000
3915 34.743053 -33.062564 -15.050905 0.300000
5611 27.015339 -45.170559 -12.961567 0.900000
5612 25.889356 -47.758957 -13.103108 0.900000
5613 25.668197 -43.581686 -14.238182 0.900000
5614 28.676325 -38.002895 -18.586708 0.600000
5615 27.934846 -41.225206 -17.069929 0.700000
6085 23.643813 -45.951807 -5.629707 0.400000
6086 24.332067 -48.486546 -5.257133 0.600000
6087 26.580362 -45.263326 -4.900082 0.600000
6088 29.437992 -44.723091 -5.214213 0.700000
6089 31.524778 -44.420232 -6.619586 0.700000
6090 32.355271 -43.967308 -8.517157 0.800000
6091 32.892109 -41.344349 -8.075182 0.700000
6092 33.756555 -38.248456 -9.627575 0.500000
6093 33.987809 -35.134375 -11.214668 0.300000
7098 23.390535 -58.612770 -3.852674 0.400000
7110 26.866676 -51.648831 -13.785248 0.400000
7111 27.887127 -38.317577 -15.774137 0.900000
7112 25.952675 -39.945558 -15.557715 1.000000
7113 26.945596 -36.576820 -17.473551 0.800000
7114 27.743970 -35.580023 -19.315419 0.600000
7115 30.095963 -35.102543 -20.380178 0.500000
7117 32.000132 -32.279496 -21.570042 0.400000
7118 34.004327 -29.442808 -22.013843 0.300000
7962 24.544966 -50.708422 -5.349363 0.600000
7963 24.504589 -53.066721 -5.178600 0.600000
7964 24.041165 -55.687861 -4.601475 0.500000
7965 26.522549 -55.783357 -4.060877 0.600000
7966 28.453330 -55.551438 -5.421504 0.600000
7967 28.843341 -54.538270 -8.105317 0.700000
7968 27.922916 -53.082182 -10.211092 0.800000
7969 29.030546 -50.936703 -9.999236 0.900000
7970 28.905743 -47.023183 -11.642033 1.000000
7971 28.998427 -43.397060 -12.767061 1.000000
7972 32.204773 -43.151498 -10.546226 0.800000
7973 31.234793 -41.740885 -12.449277 0.800000
7974 29.702282 -40.137460 -14.222658 0.900000
7975 30.638307 -37.034292 -16.103792 0.700000
7976 32.001049 -33.855637 -17.652533 0.500000
7977 33.380310 -30.580575 -18.923668 0.300000
8552 24.922129 -40.344823 -6.478044 0.400000
8553 26.094914 -37.773705 -8.072443 0.300000
9972 28.714867 -34.653256 -10.519744 0.300000
10063 26.482171 -51.549697 -11.932422 0.700000
10064 25.905874 -50.073601 -13.446461 0.700000
10065 27.275958 -48.306468 -14.668286 0.600000
10066 25.889356 -42.321137 -15.724826 0.800000
10067 27.527400 -44.630324 -15.659078 0.700000
10068 29.770189 -46.180998 -15.164138 0.600000
10421 27.988071 -38.647721 -7.255153 0.400000
10422 28.859859 -39.722734 -6.531921 0.400000
10423 29.446251 -38.386698 -7.465183 0.400000
10424 30.617200 -38.101120 -7.801230 0.400000
10425 29.673834 -37.082495 -8.434059 0.400000
10984 28.219324 -57.476821 -7.030513 0.400000
10990 27.560436 -55.868849 -9.625749 0.600000
10991 31.689959 -30.455976 -20.172888 0.400000
10992 30.512586 -31.144457 -20.329954 0.500000
10993 31.401810 -29.612882 -21.089713 0.400000
10994 31.515601 -29.117212 -21.886912 0.400000
11583 21.771762 -50.358270 -5.992236 0.300000
11584 30.447431 -47.266925 -6.123733 0.900000
11585 29.482958 -48.743022 -5.449812 0.900000
11586 30.337311 -48.609327 -6.257056 0.900000
11587 30.092292 -49.937178 -6.281712 0.900000
11588 30.777793 -48.390141 -7.292594 0.900000
11589 30.878737 -48.102743 -8.313520 1.000000
11590 31.243053 -46.824005 -8.083401 1.000000
11591 34.554930 -35.854688 -12.394487 0.400000
11592 34.289723 -37.081585 -12.725968 0.600000
11593 34.573283 -35.371751 -13.438243 0.500000
11594 34.434715 -34.828787 -14.416250 0.400000
11595 34.784348 -33.641907 -13.981580 0.300000
13290 30.758522 -48.382865 -14.452777 0.500000
13291 27.019009 -43.297016 -13.428198 1.000000
13292 26.211458 -44.315641 -13.562434 0.900000
13293 26.230729 -42.465746 -14.098466 0.900000
13294 30.196907 -37.705493 -19.069776 0.500000
13981 24.678946 -44.335650 -5.461683 0.400000
13982 25.200184 -45.624392 -5.212387 0.600000
13983 26.185763 -44.047343 -5.132028 0.400000
13984 30.129917 -42.042834 -5.749332 0.500000
13985 29.130572 -43.447082 -5.185905 0.600000
13986 30.451102 -43.293378 -5.704587 0.600000
13987 30.618118 -44.562112 -5.790425 0.800000
13988 31.566073 -43.077830 -6.488089 0.700000
13989 32.305716 -42.899571 -7.311770 0.700000
13990 32.205690 -41.615376 -7.173881 0.500000
13991 32.594783 -37.429919 -8.834941 0.400000
13992 33.136209 -38.574962 -8.742711 0.500000
13993 33.382145 -37.027926 -9.612051 0.500000
13994 33.950184 -36.627751 -10.452169 0.500000
13995 33.441794 -35.574566 -10.418382 0.300000
15669 24.668852 -58.674615 -3.607944 0.400000
15671 24.335737 -60.166173 -3.374171 0.400000
15690 26.076561 -52.702017 -13.040100 0.300000
15691 28.474437 -36.757808 -16.734794 0.800000
15692 27.199791 -37.383535 -16.572250 0.900000
15693 27.941270 -35.920171 -17.498206 0.800000
15694 28.748821 -32.924322 -20.360088 0.600000
15695 27.877950 -34.394053 -19.504446 0.700000
15696 28.465260 -34.101198 -20.194804 0.600000
15697 28.713032 -35.321729 -19.971077 0.600000
15698 29.650892 -33.829261 -20.811195 0.600000
15699 30.922785 -33.717395 -21.009354 0.500000
15700 30.684190 -32.347708 -21.475985 0.600000
15702 32.837048 -29.699283 -22.313364 0.300000
17468 21.931437 -54.542817 -6.232401 0.300000
17469 25.667279 -47.993605 -4.995052 0.700000
17470 24.477976 -49.577021 -5.326534 0.700000
17471 25.749869 -49.144105 -5.055322 0.700000
17472 27.062140 -51.598809 -4.595083 0.900000
17473 25.760881 -51.722500 -4.820636 0.700000
17474 25.680126 -52.951216 -4.600562 0.700000
17475 24.325643 -54.302713 -5.005097 0.600000
17476 25.495674 -54.329088 -4.384140 0.600000
17477 25.217620 -55.799728 -4.159500 0.500000
17478 26.706083 -54.377291 -4.196026 0.600000
17479 29.624280 -52.621072 -6.496307 1.000000
17480 28.763503 -54.219040 -5.388629 0.600000
17481 29.232434 -53.904358 -6.522789 0.800000
17482 28.852518 -55.187643 -6.673463 0.600000
17483 29.280153 -53.312282 -7.961949 0.900000
17484 28.973650 -52.706564 -9.086064 0.800000
17485 29.544442 -51.574253 -8.965525 0.900000
17486 30.400630 -46.952243 -10.509699 1.000000
17487 29.731647 -47.958135 -10.744385 0.900000
17488 29.734400 -46.084593 -11.496839 1.000000
17489 28.847012 -45.157826 -12.262077 1.000000
17490 29.846356 -44.292904 -12.089487 1.000000
17491 32.987547 -42.314771 -9.263219 0.700000
17492 32.374542 -43.617156 -9.526213 0.800000
17493 32.970111 -41.997360 -10.301496 0.700000
17494 32.748034 -39.218879 -13.220908 0.800000
17495 32.280939 -40.875054 -12.282167 0.800000
17496 31.671605 -40.168383 -13.298527 0.800000
17497 30.544704 -40.915981 -13.346012 0.800000
17498 30.938386 -39.369853 -14.332238 0.800000
17499 30.126246 -38.623165 -15.192447 0.800000
17500 31.451364 -37.834640 -15.220755 0.700000
17501 33.745543 -33.591885 -16.387789 0.400000
17502 32.604877 -34.598687 -16.687310 0.400000
17503 33.263766 -32.941603 -17.352099 0.400000
17504 32.719586 -32.167629 -18.323714 0.400000
17505 33.829969 -31.303617 -17.980361 0.300000
18851 23.389618 -39.159762 -7.320902 0.300000
18853 24.466047 -39.071542 -7.244195 0.300000
18854 25.625984 -38.984231 -7.199450 0.300000
22591 27.700840 -51.093135 -11.003726 0.800000
22592 27.197038 -52.340041 -11.101435 0.800000
22593 26.964867 -50.404654 -11.796359 0.800000
22594 25.604877 -47.045010 -13.874739 0.900000
22595 25.764552 -48.937652 -13.269306 0.900000
22596 25.872837 -48.138213 -14.060113 0.800000
22597 26.399581 -49.119549 -14.200742 0.600000
22598 26.459230 -47.355145 -14.694768 0.800000
22599 25.872837 -39.313465 -16.323867 0.800000
22600 25.677373 -41.120615 -15.621638 0.900000
22601 26.090326 -40.535815 -16.417924 0.800000
22602 29.147090 -42.179257 -16.833417 0.600000
22603 27.705428 -42.731316 -16.342130 0.700000
22604 28.823152 -43.794505 -16.033478 0.700000
22605 28.631359 -45.485241 -15.490141 0.600000
22606 29.996854 -44.427508 -15.748568 0.600000
22607 31.073283 -45.219671 -15.491054 0.600000
22608 31.421999 -43.676272 -16.155843 0.600000
23365 26.576692 -41.291598 -5.802296 0.400000
23366 27.208968 -42.484845 -5.317402 0.400000
23367 28.105533 -41.076050 -5.785859 0.400000
23368 29.599502 -40.867778 -6.044287 0.400000
23369 30.933797 -40.624035 -6.568448 0.400000
23370 31.935895 -40.368470 -7.197624 0.400000
23371 31.414657 -39.175223 -7.416785 0.400000
23372 31.656922 -37.779161 -8.250511 0.400000
23373 31.832198 -36.299427 -9.125330 0.400000
24378 27.152072 -58.363570 -4.607867 0.400000
24379 25.624148 -59.981547 -3.847195 0.400000
24380 26.741873 -59.658679 -4.648960 0.300000
24390 26.317908 -54.247234 -11.454833 0.500000
24391 30.000525 -33.641907 -18.697202 0.800000
24392 28.671736 -34.264905 -18.625974 0.800000
24393 29.509571 -32.656933 -19.551018 0.600000
24394 29.472864 -31.895693 -20.386570 0.600000
24395 29.784872 -31.399113 -21.164593 0.600000
24396 30.522680 -31.171742 -21.739892 0.600000
24397 30.957657 -29.993957 -21.865909 0.400000
24398 32.052439 -28.845275 -22.446687 0.400000
25458 28.397352 -47.443365 -5.003271 1.000000
25459 27.143813 -48.988583 -4.885471 0.900000
25460 28.397352 -48.856708 -4.962178 0.900000
25461 28.345963 -50.207295 -4.903735 0.900000
25462 28.203724 -51.583348 -4.750322 0.900000
25463 28.110121 -53.027613 -4.604214 0.700000
25464 29.226010 -51.516046 -5.360321 0.900000
25465 29.906922 -51.367800 -6.340155 1.000000
25466 30.178553 -50.971264 -7.600333 1.000000
25467 30.064762 -50.495602 -8.772846 1.000000
25468 30.497903 -49.347830 -8.514418 1.000000
25469 30.742004 -47.671647 -9.336273 1.000000
25470 31.007211 -45.872682 -10.236661 1.000000
25471 33.971291 -39.158853 -10.874055 0.700000
25472 33.470242 -40.402121 -11.113306 0.700000
25473 33.923572 -38.683191 -12.002736 0.700000
25474 33.647353 -38.206620 -13.053797 0.600000
25475 33.197693 -37.614544 -14.067418 0.600000
25476 32.659938 -36.987908 -15.012552 0.700000
25477 33.684977 -35.938361 -14.797956 0.500000
25478 34.143813 -34.213065 -15.451787 0.400000
25479 34.582460 -32.523239 -15.971382 0.300000
28531 27.189696 -47.151420 -12.398140 0.900000
28532 26.597798 -48.432887 -12.379876 0.900000
28533 26.272942 -46.308326 -13.078453 0.900000
28534 25.679209 -45.692604 -13.659230 0.900000
28535 25.483745 -44.916812 -14.381550 0.900000
28536 27.262192 -38.377604 -17.884478 0.700000
28537 26.982303 -40.028322 -17.132024 0.800000
28538 28.286314 -39.583583 -17.822383 0.600000
28539 29.472864 -40.734083 -17.593176 0.600000
29557 22.557289 -47.570694 -5.815994 0.400000
29558 22.897746 -48.859436 -5.727416 0.400000
29559 23.996199 -47.289662 -5.425156 0.500000
29560 25.480074 -46.876755 -4.974049 0.700000
29561 26.796015 -46.439292 -4.862642 0.700000
29562 27.642109 -43.718109 -5.019708 0.600000
29563 28.033037 -44.927726 -4.889124 0.700000
29564 28.226665 -46.167356 -4.956699 0.700000
29565 29.536183 -45.995463 -5.300052 0.900000
29566 30.575905 -45.869044 -5.939272 0.900000
29567 31.284348 -45.714432 -6.893537 0.900000
29568 31.637651 -45.509797 -7.854194 1.000000
29569 32.051521 -44.248339 -7.532758 0.700000
29570 32.760882 -42.640367 -8.279733 0.700000
29571 33.334426 -41.115158 -8.966438 0.700000
29572 32.747117 -40.142007 -7.953730 0.500000
29573 33.345439 -39.867343 -8.803894 0.600000
29574 33.784086 -39.559027 -9.762724 0.700000
29575 34.137389 -37.912856 -10.573621 0.600000
29576 34.333771 -36.300336 -11.373560 0.400000
29577 34.453068 -34.645980 -12.112317 0.300000
31920 22.192974 -58.426325 -4.375008 0.400000
31950 28.133981 -50.632935 -14.124035 0.400000
31951 27.508128 -40.007403 -14.807088 0.900000
31952 26.452806 -40.785014 -14.735860 1.000000
31953 26.734531 -39.080637 -15.597895 0.900000
31954 26.347274 -38.238452 -16.383223 0.900000
31955 26.384898 -37.629096 -17.269913 0.800000
31956 27.710934 -35.084353 -18.468909 0.800000
31957 27.158496 -35.896524 -18.478040 0.800000
31958 26.971291 -37.101594 -18.162083 0.700000
31959 28.055979 -36.778726 -18.951064 0.600000
31960 29.368249 -36.488600 -19.520883 0.600000
31966 31.697300 -31.019857 -22.012930 0.400000
34224 23.166623 -50.015393 -5.689063 0.500000
34225 23.316204 -51.046751 -5.714632 0.400000
34226 23.325381 -52.226355 -5.707327 0.500000
34227 25.806765 -50.471046 -4.994139 0.800000
34228 24.535790 -51.898940 -5.298225 0.600000
34229 23.268485 -53.312282 -5.698195 0.400000
34230 23.208836 -54.320903 -5.701847 0.400000
34231 22.960147 -55.493231 -5.394108 0.400000
34232 22.628868 -56.967508 -4.870861 0.400000
34233 23.697955 -57.154863 -4.250817 0.500000
34234 25.011144 -57.231260 -3.926641 0.500000
34235 26.262848 -57.181238 -3.993302 0.500000
34236 27.869691 -54.379110 -4.548511 0.600000
34237 27.630179 -55.711508 -4.554903 0.600000
34238 27.398926 -57.044815 -4.573167 0.600000
34239 28.197300 -56.851094 -5.549348 0.500000
34240 28.546933 -56.444554 -6.819570 0.400000
34241 28.481778 -55.608736 -8.350960 0.600000
34242 28.074332 -54.917526 -9.433982 0.600000
34243 28.495543 -53.867069 -9.210255 0.800000
34244 28.427636 -51.923496 -10.120688 0.800000
34245 28.318433 -49.986290 -11.015597 0.900000
34246 29.641715 -49.818035 -9.953577 0.900000
34247 29.003016 -49.044971 -10.858531 0.900000
34248 28.115627 -48.012704 -11.729697 0.900000
34249 28.018354 -46.104601 -12.379876 0.900000
34250 27.962376 -44.257434 -12.826417 1.000000
34251 28.084426 -42.443918 -13.388931 1.000000
34252 31.771631 -45.209666 -8.834941 1.000000
34253 31.715653 -44.747647 -9.934401 1.000000
34254 31.373362 -44.130106 -10.931585 1.000000
34255 32.729681 -41.456216 -11.331554 0.800000
34256 31.809256 -42.494849 -11.524234 0.800000
34257 30.838359 -43.409793 -11.831060 1.000000
34258 30.172130 -42.565789 -12.651088 1.000000
34259 29.340719 -41.759075 -13.377060 1.000000
34260 28.407447 -40.855954 -14.144125 0.900000
34261 28.775433 -39.267081 -15.018031 0.900000
34262 29.239775 -37.719135 -15.985993 0.800000
34263 29.840850 -36.088426 -16.912863 0.700000
34264 32.001049 -36.290332 -15.971382 0.700000
34265 31.276089 -35.439053 -16.895513 0.700000
34266 30.624542 -34.600506 -17.793161 0.700000
34267 31.416492 -33.026185 -18.535570 0.500000
34268 32.178160 -31.357277 -19.234147 0.300000
34269 32.816860 -29.852077 -19.839580 0.300000
35917 22.425145 -46.407460 -5.786772 0.400000
35918 23.481385 -44.734915 -5.585875 0.300000
35919 24.420163 -43.045998 -5.650710 0.400000
35921 24.095307 -41.806368 -6.023284 0.300000
35922 25.273598 -41.532612 -5.931967 0.400000
35923 26.125197 -40.136551 -6.416861 0.400000
35924 26.781332 -38.848718 -7.204016 0.400000
35925 27.270452 -37.607268 -8.164673 0.300000
40070 26.152727 -36.524979 -9.128070 0.300000
40151 27.383325 -34.992495 -10.389161 0.300000
40152 28.742397 -36.062051 -9.375539 0.300000
40153 29.854615 -35.698256 -9.558174 0.300000
40154 30.907185 -35.260793 -9.829386 0.300000
40171 34.837573 -31.826572 -14.784259 0.300000
40172 34.882539 -31.251777 -15.740350 0.300000
40173 34.777924 -30.751559 -16.711965 0.300000
40176 34.556765 -30.165850 -17.714628 0.300000
40423 27.431044 -54.174475 -10.396466 0.600000
40424 26.736367 -53.395045 -11.241150 0.700000
40425 26.123362 -52.534671 -12.084921 0.500000
40426 26.168328 -49.684340 -12.513199 0.900000
40427 25.959099 -50.822108 -12.665699 0.700000
40428 25.886603 -51.816177 -12.928693 0.500000
40429 26.231647 -50.927608 -13.647359 0.600000
40430 27.203461 -49.846229 -14.279274 0.500000
40431 28.394599 -48.877626 -14.582448 0.500000
40432 25.750787 -41.712691 -14.857312 0.900000
40433 25.560829 -42.960506 -14.943151 0.900000
40434 25.806765 -44.182856 -15.150441 0.900000
40435 26.738202 -41.743613 -16.421576 0.700000
40436 26.545491 -43.513474 -15.783269 0.700000
40437 26.445465 -45.433400 -15.207057 0.700000
40438 27.403514 -46.402003 -15.186054 0.700000
40439 28.547851 -47.148692 -15.014378 0.600000
40440 29.656398 -47.772600 -14.771474 0.500000
40441 30.931044 -46.751246 -14.943151 0.500000
41141 28.240431 -38.032908 -7.788446 0.300000
41142 28.724961 -38.550406 -7.341905 0.400000
41143 28.973650 -37.891028 -7.856934 0.400000
41144 29.590326 -37.781890 -7.911724 0.400000
41145 29.084689 -37.233470 -8.348221 0.400000
41704 28.201888 -57.069371 -7.770183 0.400000
41705 28.009177 -58.024332 -7.059735 0.400000
41706 27.973388 -57.617791 -7.808536 0.400000
41708 27.848585 -57.078466 -8.625825 0.300000
41709 27.666886 -56.761055 -9.149073 0.300000
41710 27.897221 -56.288122 -9.088803 0.500000
41711 32.046015 -29.694736 -20.555507 0.400000
41712 31.516519 -29.996685 -20.636779 0.400000
41713 31.828527 -29.361863 -21.028530 0.400000
41714 31.783561 -29.041724 -21.445850 0.400000
41715 32.302046 -28.666106 -21.291524 0.400000
42303 21.627688 -49.773470 -6.017805 0.300000
42304 30.730992 -47.201442 -6.574840 1.000000
42305 30.399712 -47.932669 -6.184916 0.900000
42306 30.667672 -47.852634 -6.660678 0.900000
42307 30.582329 -48.541116 -6.723687 0.900000
42308 30.897090 -47.724397 -7.219540 0.900000
42309 31.031070 -47.619806 -7.722698 1.000000
42310 31.154956 -46.953152 -7.585722 1.000000
42311 34.641191 -35.005227 -12.736926 0.300000
42312 34.589801 -35.605489 -12.925040 0.400000
42313 34.693498 -34.763304 -13.226387 0.300000
42314 34.702675 -34.510467 -13.733197 0.400000
44006 29.331542 -50.391011 -14.121296 0.400000
44010 30.090457 -48.990402 -14.387029 0.500000
44011 27.139224 -42.462108 -13.707629 1.000000
44012 26.614316 -42.893204 -13.770637 1.000000
44013 26.710672 -42.009183 -14.050068 1.000000
44701 25.174489 -43.568043 -5.447072 0.400000
44702 25.476403 -44.181037 -5.293659 0.400000
44703 25.949922 -43.395241 -5.321055 0.400000
44704 30.753933 -41.922782 -6.051592 0.500000
44705 30.316204 -42.624906 -5.720111 0.500000
44706 30.954904 -42.527591 -6.082640 0.500000
44707 31.037494 -43.166960 -6.069856 0.600000
44708 31.514683 -42.441189 -6.463433 0.600000
44709 31.913871 -42.372068 -6.820483 0.700000
44710 31.803750 -41.718148 -6.782130 0.600000
44711 32.670032 -36.645032 -9.287875 0.400000
44712 33.013241 -37.231651 -9.222126 0.500000
44713 33.067384 -36.457677 -9.645838 0.400000
44714 33.430782 -36.275780 -10.037589 0.400000
44715 33.085737 -35.735545 -10.096945 0.300000
46389 25.384636 -58.617317 -3.704740 0.400000
46390 24.440352 -59.454045 -3.460010 0.400000
46391 25.175407 -59.358549 -3.624381 0.400000
46410 25.986629 -53.093096 -12.669352 0.300000
46411 28.775433 -36.018395 -17.176770 0.700000
46412 28.166099 -36.315798 -17.116500 0.800000
46413 28.483614 -35.572747 -17.584958 0.800000
46414 29.088359 -32.747882 -20.726270 0.600000
46415 28.582722 -33.490932 -20.261466 0.600000
46416 29.060829 -33.283569 -20.708920 0.600000
46417 29.004851 -33.937490 -20.553681 0.600000
46418 29.583902 -33.189892 -20.928995 0.600000
46419 30.199660 -33.100763 -21.122587 0.600000
46420 30.120740 -32.408643 -21.276913 0.600000
48186 21.374410 -54.413670 -6.209571 0.300000
48188 22.025040 -54.137186 -6.151128 0.300000
48189 26.357368 -47.715302 -4.965831 0.700000
48190 25.726010 -48.526564 -5.052582 0.600000
48191 26.383981 -48.371951 -4.978615 0.800000
48192 26.961196 -52.304571 -4.459933 0.700000
48193 26.343603 -52.309118 -4.550337 0.700000
48194 26.258260 -52.976682 -4.443496 0.700000
48195 25.567253 -53.674258 -4.503765 0.600000
48196 26.205035 -53.671529 -4.318392 0.600000
48197 26.080231 -54.370015 -4.212464 0.600000
48198 26.830887 -53.646973 -4.295562 0.600000
48199 29.753671 -52.400977 -7.134615 1.000000
48200 29.429733 -53.251346 -6.537400 0.900000
48201 29.527924 -53.051259 -7.145573 0.900000
48202 29.307683 -53.663344 -7.207668 0.900000
48203 29.500394 -52.740215 -7.823147 0.900000
48204 29.388438 -52.447360 -8.425840 0.900000
48205 29.677505 -51.878022 -8.366484 1.000000
48206 30.437337 -46.045485 -10.904190 1.000000
48207 30.107893 -46.552069 -11.025642 1.000000
48208 30.117069 -45.580737 -11.434743 1.000000
48209 29.747248 -45.183291 -11.824667 1.000000
48210 30.188648 -44.702173 -11.725132 1.000000
48211 33.269272 -41.539888 -9.647665 0.700000
48212 33.005900 -42.172891 -9.774596 0.700000
48213 33.289461 -41.372543 -10.161781 0.700000
48214 32.450709 -38.856903 -13.755113 0.800000
48215 32.218538 -39.670893 -13.294875 0.800000
48216 31.922130 -39.338931 -13.777943 0.800000
48217 31.314631 -39.767299 -13.822688 0.800000
48218 31.581673 -38.975136 -14.274708 0.800000
48219 31.202675 -38.631350 -14.755037 0.800000
48220 31.847798 -38.223900 -14.734947 0.800000
48221 34.013504 -32.764253 -16.722010 0.400000
48222 33.483089 -33.263561 -16.917429 0.400000
48223 33.812533 -32.452299 -17.215123 0.400000
48224 33.593210 -32.151259 -17.663491 0.400000
48225 34.054799 -31.631032 -17.480856 0.400000
49572 23.911773 -39.119745 -7.269764 0.300000
53311 27.564106 -50.059958 -11.389084 0.900000
53312 27.278711 -50.744802 -11.442961 0.800000
53313 27.161249 -49.740728 -11.767137 0.900000
53314 25.638831 -46.623918 -14.275622 0.900000
53315 25.667279 -47.675284 -13.952359 0.900000
53316 25.828789 -47.247826 -14.324933 0.800000
53317 26.097667 -47.752591 -14.403466 0.800000
53318 26.079314 -46.883122 -14.618061 0.800000
53319 26.043524 -39.015154 -16.733881 0.800000
53320 25.970111 -39.912817 -16.403313 0.900000
53321 26.238071 -39.616324 -16.790498 0.800000
53322 29.648139 -42.641276 -16.589600 0.600000
53323 28.941532 -42.915032 -16.430708 0.700000
53324 29.527924 -43.345219 -16.211547 0.600000
53325 29.447169 -44.173761 -15.936682 0.600000
53326 30.073021 -43.823609 -16.009736 0.600000
53327 30.664919 -44.077356 -15.886457 0.600000
54301 26.997903 -40.612212 -6.075335 0.400000
54302 27.370478 -41.181551 -5.778554 0.400000
54303 27.759571 -40.508531 -6.076248 0.400000
54304 29.589408 -39.573578 -6.688987 0.400000
54305 29.216833 -40.280249 -6.249751 0.400000
54306 29.963818 -40.131094 -6.448822 0.400000
54307 30.302439 -40.763187 -6.288104 0.400000
54308 30.660331 -40.010132 -6.720035 0.400000
54309 31.191663 -39.900994 -6.983028 0.400000
54310 30.867725 -39.291638 -7.137354 0.400000
54311 30.720897 -37.431738 -8.199374 0.400000
54312 31.154956 -37.941050 -8.008521 0.400000
54313 31.250394 -37.248931 -8.395706 0.400000
54314 31.756031 -37.051572 -8.655960 0.400000
54315 31.312796 -36.498604 -8.894298 0.400000
55989 27.565024 -58.254432 -5.067193 0.300000
55990 26.922654 -59.053871 -4.616086 0.400000
55991 27.376901 -58.873792 -5.111025 0.300000
56006 27.052963 -55.918871 -10.220224 0.400000
56010 26.571186 -54.636494 -11.073127 0.500000
56011 30.427242 -32.882486 -19.050599 0.700000
56012 29.741742 -33.158970 -19.115435 0.700000
56013 30.189565 -32.413191 -19.496227 0.600000
56014 30.463032 -30.725184 -20.769189 0.400000
56015 29.944547 -31.458230 -20.402094 0.600000
56016 29.978501 -31.119901 -20.803890 0.500000
56017 29.593996 -31.601929 -20.781974 0.600000
56018 30.120740 -30.837960 -21.172812 0.500000
56019 30.352911 -30.701537 -21.451329 0.500000
56020 30.713556 -30.147660 -21.550865 0.400000
56022 31.768878 -28.954414 -22.190085 0.400000
57789 29.049817 -47.383339 -5.160336 1.000000
57790 28.442318 -48.167317 -4.981355 0.900000
57791 29.036970 -48.117295 -5.150291 0.900000
57792 29.455428 -49.427865 -5.442507 0.900000
57793 28.946120 -49.483344 -5.132028 0.900000
57794 28.925931 -50.164549 -5.117417 0.900000
57795 28.276220 -50.880315 -4.851684 0.900000
57796 28.797457 -50.866673 -5.058974 0.900000
57797 28.747903 -51.550607 -5.021534 0.900000
57798 29.266388 -50.813013 -5.343884 0.900000
57799 30.368511 -49.832587 -6.866142 1.000000
57800 30.027137 -50.649305 -6.332849 0.900000
57801 30.251049 -50.519249 -6.906322 1.000000
57802 30.100551 -51.196816 -6.962025 1.000000
57803 30.377688 -50.333714 -7.523626 1.000000
57804 30.374935 -50.182739 -8.041395 1.000000
57805 30.546540 -49.560650 -7.961036 1.000000
57806 31.068695 -47.256011 -8.739058 1.000000
57807 30.832853 -47.909023 -8.818504 1.000000
57808 31.010882 -47.049558 -9.265959 1.000000
57809 30.885161 -46.817639 -9.793772 1.000000
57810 31.165968 -46.186455 -9.665928 1.000000
57811 34.165837 -38.301207 -11.282243 0.700000
57812 33.990562 -38.936938 -11.454833 0.700000
57813 34.170425 -38.082020 -11.843844 0.700000
57814 34.204379 -36.817834 -13.284830 0.600000
57815 33.997903 -37.643648 -12.931432 0.600000
57816 33.843734 -37.386263 -13.459246 0.600000
57817 33.443629 -37.921951 -13.564260 0.600000
57818 33.665706 -37.121603 -13.956925 0.600000
57819 33.439959 -36.827839 -14.436340 0.600000
57820 33.883194 -36.238491 -14.328586 0.600000
57821 34.587966 -33.984784 -14.722163 0.400000
57822 34.300735 -34.533204 -14.942237 0.400000
57823 34.492528 -33.700114 -15.193360 0.400000
57824 34.377819 -33.406350 -15.662730 0.400000
57825 34.670557 -32.799723 -15.512970 0.300000
62911 27.087835 -46.132795 -12.740579 0.900000
62912 26.736367 -46.723962 -12.763408 0.900000
62913 26.594127 -45.664410 -13.037360 0.900000
62914 25.894862 -43.895458 -13.902134 0.900000
62915 25.873755 -44.884070 -13.675667 0.900000
62916 25.613136 -44.522095 -13.948706 0.900000
62917 25.514028 -45.336995 -14.008975 0.900000
62918 25.516781 -44.309275 -14.267403 0.900000
62919 27.950446 -38.180245 -18.237876 0.600000
62920 27.659544 -39.006059 -17.838820 0.700000
62921 28.456083 -38.834166 -18.173041 0.600000
62925 30.078527 -41.047856 -17.448895 0.600000
64981 23.086786 -46.819458 -5.706413 0.500000
64982 23.236366 -47.406076 -5.699108 0.500000
64983 23.843865 -46.610276 -5.532911 0.500000
64984 25.893026 -45.465232 -5.027926 0.600000
64985 25.335999 -46.291046 -5.078151 0.600000
64986 26.026089 -46.100054 -4.900082 0.700000
64987 26.165575 -46.652112 -4.887298 0.700000
64988 26.722601 -45.877230 -4.838900 0.600000
64989 27.988071 -42.372068 -5.302791 0.400000
64990 27.424620 -43.132399 -5.143899 0.400000
64991 28.176194 -42.980515 -5.129288 0.500000
64992 29.304930 -44.097364 -5.199603 0.700000
64993 28.615758 -44.181947 -5.040711 0.700000
64994 28.735973 -44.822225 -4.992313 0.700000
64995 28.186288 -45.530715 -4.927477 0.700000
64996 28.889224 -45.430672 -5.050756 0.700000
64997 28.924096 -46.080045 -5.091848 0.900000
64998 29.543524 -45.346999 -5.247088 0.800000
64999 31.092554 -44.509362 -6.162999 0.800000
65000 30.667672 -45.211485 -5.851608 0.900000
65001 31.060436 -45.164192 -6.251577 0.800000
65002 30.960410 -45.796285 -6.353852 0.900000
65003 31.410986 -45.096890 -6.758388 0.800000
65004 31.649581 -45.046868 -7.227758 0.800000
65005 31.819350 -44.352930 -7.046950 0.700000
65006 32.603960 -42.141968 -7.659689 0.700000
65007 32.553488 -42.785885 -7.787533 0.700000
65008 32.859072 -42.021916 -8.097098 0.700000
65009 33.044442 -41.872760 -8.604822 0.700000
65010 33.139880 -41.231572 -8.516244 0.700000
65011 32.147877 -39.651794 -7.593940 0.500000
65012 32.363530 -40.250236 -7.558327 0.500000
65013 32.564500 -39.515371 -7.936380 0.500000
65014 33.476666 -38.401250 -9.181034 0.500000
65015 33.268354 -39.231611 -8.750016 0.500000
65016 33.558338 -39.068813 -9.201123 0.500000
65017 33.600551 -39.725463 -9.273264 0.700000
65018 33.799686 -38.899649 -9.687844 0.500000
65019 33.981385 -38.721389 -10.194655 0.500000
65020 33.982303 -38.086568 -10.102425 0.500000
65021 33.990562 -35.913805 -10.819265 0.300000
65022 34.161249 -36.463134 -10.909669 0.400000
65023 34.205297 -35.732817 -11.257587 0.300000
65024 34.388831 -35.506355 -11.733350 0.300000
65025 34.275040 -34.882447 -11.686778 0.300000
70044 22.767436 -58.530006 -4.096491 0.400000
70106 26.710672 -52.529214 -13.471117 0.300000
70108 27.293393 -52.116307 -13.683886 0.300000
70109 27.929340 -51.515137 -13.887523 0.300000
70110 27.498952 -51.140428 -13.958751 0.400000
70111 27.707263 -39.154305 -15.308419 0.900000
70112 27.063058 -39.516281 -15.223494 0.900000
70113 27.261275 -38.649540 -15.670949 0.900000
70114 26.990562 -36.930610 -17.005093 0.900000
70115 26.729025 -37.810084 -16.490064 0.900000
70116 26.610646 -37.413548 -16.920168 0.900000
70117 26.369298 -37.852830 -16.865378 0.800000
70118 26.635423 -37.088861 -17.323791 0.800000
70119 28.537756 -33.849270 -19.067036 0.700000
70120 28.189041 -34.667808 -18.506349 0.800000
70121 28.110121 -34.232164 -19.004941 0.800000
70122 27.675145 -35.037969 -19.349207 0.600000
70123 27.453068 -35.229871 -18.909971 0.700000
70124 27.330100 -35.756463 -18.864312 0.700000
70125 27.053881 -36.544988 -18.310017 0.800000
70126 27.429209 -36.377643 -18.705420 0.600000
70127 27.390667 -36.963352 -18.520959 0.600000
70128 27.813713 -36.188469 -19.109042 0.600000
70129 29.437992 -35.231690 -20.188412 0.600000
70130 29.034217 -35.919261 -19.746437 0.600000
70131 29.590326 -35.893796 -19.900763 0.600000
70132 30.042738 -36.394923 -19.707170 0.600000
70133 30.363923 -35.737364 -20.146406 0.500000
70135 30.844783 -34.950658 -20.475148 0.500000
70136 31.417410 -33.013452 -21.282392 0.500000
70137 31.732172 -33.586428 -21.109803 0.400000
70138 32.123100 -32.941603 -21.300656 0.400000
70141 31.176980 -30.477803 -22.002885 0.400000
70142 31.054930 -31.120810 -21.915221 0.400000
70143 31.767961 -30.336833 -22.169996 0.400000
70145 32.832460 -30.249522 -22.059502 0.300000
70146 33.515208 -30.138565 -21.915221 0.300000
70148 34.112612 -30.013965 -21.738065 0.300000
70150 34.480598 -29.288195 -21.787376 0.300000
75444 23.618118 -48.684815 -5.494557 0.500000
75445 23.074856 -49.424227 -5.700934 0.400000
75446 23.751180 -49.263248 -5.471728 0.400000
75447 24.579838 -50.055411 -5.311923 0.600000
75448 23.955821 -50.258226 -5.505515 0.500000
75449 23.938385 -50.878496 -5.504602 0.500000
75450 23.289591 -51.670659 -5.695455 0.500000
75451 23.920032 -51.488762 -5.502776 0.600000
75452 27.111694 -49.672517 -4.859903 0.900000
75453 26.480336 -49.725267 -4.926564 0.800000
75454 26.454641 -50.393740 -4.838900 0.900000
75455 25.125853 -52.407343 -4.949394 0.700000
75456 25.192843 -51.779797 -5.036145 0.600000
75457 24.560567 -52.505568 -5.211474 0.500000
75458 23.906267 -52.605611 -5.477207 0.500000
75459 23.873231 -53.163126 -5.467162 0.500000
75460 23.246461 -53.769754 -5.740201 0.400000
75461 23.853960 -53.734284 -5.426983 0.600000
75462 24.221946 -54.952996 -4.804199 0.500000
75463 23.700708 -54.907521 -5.173121 0.500000
75464 23.466702 -55.585998 -4.995965 0.500000
75465 22.806896 -56.236281 -5.163989 0.400000
75466 23.335475 -56.358153 -4.737538 0.400000
75467 23.154694 -57.053000 -4.510158 0.400000
75468 23.883325 -56.420907 -4.388706 0.500000
75469 25.847143 -55.832469 -4.070009 0.600000
75470 25.102911 -56.530045 -4.028003 0.500000
75471 25.760881 -56.510037 -3.963168 0.500000
75472 25.627819 -57.215798 -3.896506 0.500000
75473 26.382145 -56.484571 -4.038961 0.500000
75474 28.608417 -52.996690 -4.920172 0.900000
75475 27.947693 -53.725189 -4.541206 0.600000
75476 28.482696 -53.686081 -4.890951 0.600000
75477 28.647877 -54.841129 -5.392282 0.600000
75478 28.253278 -54.959362 -4.937522 0.600000
75479 28.084426 -55.632382 -4.938435 0.600000
75480 27.495281 -56.387256 -4.560382 0.600000
75481 27.913739 -56.331777 -4.943915 0.600000
75482 27.824725 -56.970237 -5.017881 0.500000
75483 28.311091 -56.182622 -5.459857 0.600000
75484 28.897484 -54.880237 -7.402174 0.800000
75485 28.698349 -55.792452 -6.783957 0.600000
75486 28.744232 -55.553257 -7.462444 0.600000
75487 28.557945 -56.094401 -7.556500 0.600000
75488 28.674489 -55.191281 -8.149149 0.700000
75489 28.501967 -54.794745 -8.769193 0.700000
75490 28.719455 -54.179023 -8.692487 0.800000
75491 29.009439 -51.758879 -9.587395 0.800000
75492 28.731385 -52.336403 -9.623922 0.800000
75493 28.702019 -51.373257 -10.095119 0.800000
75494 28.351469 -50.935794 -10.584579 0.800000
75495 28.720373 -50.483779 -10.551705 0.900000
75496 30.184977 -49.664332 -9.212995 1.000000
75497 29.881228 -50.157273 -9.370974 1.000000
75498 30.007866 -49.313270 -9.873218 0.900000
75499 29.326954 -47.455189 -11.222887 0.900000
75500 29.354484 -48.465628 -10.853965 0.900000
75501 28.967227 -48.049993 -11.280417 0.900000
75502 28.616676 -48.526564 -11.332468 0.900000
75503 28.523991 -47.574331 -11.670341 0.900000
75504 28.035790 -47.039553 -12.073963 0.900000
75505 28.468931 -46.565711 -12.030131 0.900000
75506 28.904825 -44.267438 -12.500415 1.000000
75507 28.423047 -44.692169 -12.574382 1.000000
75508 28.423047 -43.771768 -12.813633 1.000000
75509 27.984400 -43.322482 -13.085758 1.000000
75510 28.568039 -42.867739 -13.089411 1.000000
75511 32.004720 -44.749466 -8.154628 0.900000
75512 31.725748 -45.381559 -8.345481 1.000000
75513 32.079051 -44.602129 -8.666918 0.900000
75514 32.339670 -43.400698 -10.054940 0.800000
75515 32.057027 -44.215598 -9.686931 0.800000
75516 31.950577 -43.920924 -10.218397 0.900000
75517 31.565155 -44.450245 -10.433906 1.000000
75518 31.776220 -43.607151 -10.763561 0.900000
75519 33.373886 -40.113813 -11.671254 0.700000
75520 33.143551 -40.945084 -11.191839 0.700000
75521 33.000394 -40.696794 -11.720566 0.800000
75522 31.769796 -41.367086 -12.336044 0.800000
75523 32.041427 -41.717238 -11.872152 0.800000
75524 31.548637 -42.141059 -11.964383 0.800000
75525 31.330231 -42.915941 -11.717826 0.800000
75526 31.045753 -42.537595 -12.132406 0.900000
75527 30.541034 -42.999614 -12.253858 1.000000
75528 30.714474 -42.145606 -12.545160 0.900000
75529 30.136340 -40.535815 -13.800772 0.800000
75530 29.939041 -41.332525 -13.394410 0.900000
75531 29.538018 -40.956907 -13.787988 0.900000
75532 28.902072 -41.303422 -13.748721 0.900000
75533 29.056241 -40.513078 -14.187957 0.900000
75534 28.561616 -40.042873 -14.600711 0.900000
75535 29.259964 -39.750928 -14.617148 0.900000
75536 30.363923 -37.785528 -15.710215 0.800000
75537 29.681175 -38.201163 -15.579632 0.800000
75538 29.943629 -37.346246 -16.096487 0.700000
75539 29.533430 -36.869675 -16.450798 0.700000
75540 30.222602 -36.567725 -16.509241 0.700000
75541 32.892109 -36.136629 -15.414347 0.600000
75542 32.351600 -36.661402 -15.486488 0.700000
75543 32.592030 -35.834679 -15.858149 0.600000
75544 32.310305 -34.244897 -17.168551 0.500000
75545 31.978108 -35.097995 -16.793238 0.500000
75546 31.620216 -34.687817 -17.277219 0.500000
75547 30.939303 -35.027965 -17.341141 0.700000
75548 31.278842 -34.232164 -17.784029 0.700000
75549 30.975092 -33.835628 -18.197696 0.700000
75550 31.692712 -33.438182 -18.125556 0.500000
75551 33.086655 -31.404570 -18.661588 0.400000
75552 32.442450 -31.776550 -18.775734 0.400000
75553 32.815942 -30.953465 -19.139177 0.300000
75554 32.573677 -30.579666 -19.537320 0.300000
75555 33.107762 -30.228604 -19.381168 0.300000
79584 21.806634 -47.217813 -5.961188 0.300000
79589 23.953986 -43.904553 -5.587701 0.400000
79590 23.838359 -43.223348 -5.690889 0.300000
79595 23.923703 -41.140624 -6.281712 0.300000
79596 24.494494 -41.009658 -6.217790 0.400000
79597 24.649581 -41.661759 -5.994976 0.400000
79598 25.075381 -40.934170 -6.164826 0.400000
79599 25.687468 -40.842312 -6.128299 0.400000
79600 25.550735 -40.241142 -6.432385 0.400000
79601 25.839801 -38.377604 -7.612204 0.300000
79602 26.194940 -38.946942 -7.193058 0.300000
79603 26.443629 -38.332129 -7.629554 0.300000
79604 27.036445 -38.251185 -7.674300 0.300000
79605 26.676718 -37.711859 -8.131799 0.300000
90132 27.308994 -34.257630 -11.010118 0.300000
90133 28.061485 -34.839701 -10.443038 0.300000
90134 28.083509 -35.539096 -9.850389 0.300000
90135 28.765339 -35.366294 -9.932574 0.300000
90136 29.305847 -35.888339 -9.464117 0.300000
90137 29.333378 -35.221685 -10.003802 0.300000
90139 30.359335 -34.779675 -10.243053 0.300000
90141 31.400892 -35.063435 -9.996497 0.300000
90184 34.862350 -30.679709 -15.594242 0.300000
90186 34.847667 -30.997120 -16.227984 0.300000
90196 34.397090 -29.858443 -18.207741 0.300000
90811 28.028448 -53.990759 -9.887829 0.800000
90812 27.807289 -54.534632 -9.925269 0.600000
90813 27.663215 -53.590585 -10.338936 0.800000
90814 26.859335 -51.926225 -11.539758 0.700000
90815 26.972208 -52.852991 -11.221974 0.700000
90816 26.631752 -52.527395 -11.592722 0.700000
90817 26.387651 -52.946668 -11.652991 0.600000
90818 26.283037 -52.060829 -11.999996 0.700000
90819 26.200446 -48.072730 -12.737840 0.900000
90820 26.373886 -49.051338 -12.419142 0.900000
90821 26.018747 -48.669353 -12.820025 0.900000
90822 25.781988 -49.475158 -13.378887 0.800000
90823 25.871002 -49.890794 -12.971612 0.800000
90824 25.824201 -50.476503 -13.043752 0.800000
90825 25.899450 -51.339606 -12.787151 0.600000
90826 25.915050 -50.968535 -13.181641 0.600000
90827 26.034348 -51.407817 -13.244650 0.500000
90828 26.028842 -50.575637 -13.529560 0.700000
90829 26.796933 -48.689362 -14.460996 0.700000
90830 26.700577 -49.659784 -14.187044 0.600000
90831 27.269534 -49.106816 -14.464648 0.500000
90832 27.804536 -49.428775 -14.481085 0.500000
90833 27.859597 -48.476542 -14.692028 0.600000
90834 26.148139 -40.348461 -15.155920 1.000000
90835 26.021500 -41.181551 -14.796130 1.000000
90836 25.828789 -40.818665 -15.166878 0.900000
90837 25.733351 -41.667216 -15.725739 0.900000
90838 25.614972 -41.972804 -15.284677 0.900000
90839 25.666361 -42.612173 -15.344033 0.900000
90840 25.626901 -43.553491 -15.039947 0.900000
90841 25.845307 -43.224257 -15.428958 0.900000
90842 27.411773 -40.685880 -17.063536 0.700000
90843 26.785921 -40.953269 -16.727489 0.800000
90844 27.274122 -41.521699 -16.714705 0.700000
90845 27.538412 -43.769949 -15.938508 0.700000
90846 27.060305 -43.136947 -16.040784 0.700000
90847 27.010750 -43.996411 -15.730305 0.700000
90848 26.475748 -44.392948 -15.496533 0.700000
90849 26.962114 -45.031407 -15.449048 0.700000
90850 26.903383 -45.938165 -15.226234 0.700000
90851 27.443891 -45.505250 -15.415261 0.700000
90852 29.193892 -45.821751 -15.394258 0.600000
90853 28.593734 -46.271947 -15.248150 0.600000
90854 29.127819 -46.639379 -15.117566 0.600000
90855 29.083771 -47.476107 -14.892926 0.600000
90856 29.727059 -46.892217 -14.954109 0.600000
90857 30.309780 -47.188709 -14.785172 0.500000
90858 30.363923 -46.431107 -15.047252 0.600000
90859 31.789067 -44.829501 -15.742176 0.600000
90860 31.689959 -45.562547 -15.473704 0.600000
92485 27.708181 -39.294366 -6.830528 0.400000
92486 28.105533 -39.846424 -6.455215 0.400000
92487 28.460672 -39.180680 -6.907235 0.400000
92488 29.202151 -39.069723 -7.017729 0.400000
92489 29.941794 -38.902377 -7.183926 0.400000
92490 30.462114 -38.746855 -7.369300 0.400000
92491 30.046409 -38.241181 -7.618596 0.400000
92492 30.165706 -37.609087 -8.038655 0.400000
92493 30.247379 -36.959714 -8.491589 0.400000
93498 28.120216 -57.876086 -6.222356 0.400000
93499 27.708181 -58.656425 -5.690889 0.400000
93500 27.935764 -58.394493 -6.365724 0.400000
93509 27.351207 -56.373614 -9.727111 0.400000
93510 27.260357 -55.499597 -10.178218 0.400000
93511 31.308207 -31.316350 -19.789356 0.300000
93512 30.644731 -31.605567 -19.878847 0.500000
93513 31.107237 -30.827956 -20.247768 0.400000
93514 30.926456 -30.331376 -20.737228 0.400000
93515 30.961327 -29.954849 -21.160940 0.400000
93516 31.073283 -29.691098 -21.542646 0.400000
93517 31.355926 -29.317299 -21.517078 0.400000
93518 31.840457 -28.723404 -21.897870 0.400000
94578 30.082198 -47.270563 -5.738374 0.900000
94579 29.592161 -48.049083 -5.423330 0.900000
94580 30.036314 -48.019980 -5.736548 0.900000
94581 29.925276 -48.708461 -5.796817 0.900000
94582 29.876639 -49.362382 -5.833344 0.900000
94583 29.756424 -50.046316 -5.778554 0.900000
94584 30.197824 -49.296899 -6.259796 0.900000
94585 30.473126 -49.195946 -6.744690 0.900000
94586 30.656660 -49.072256 -7.349210 1.000000
94587 30.696120 -48.947656 -7.814928 1.000000
94588 30.854877 -48.252808 -7.793925 1.000000
94589 31.092554 -47.464284 -8.217637 1.000000
94590 31.287101 -46.657569 -8.586559 1.000000
94591 34.430127 -36.685959 -12.023739 0.500000
94592 34.329183 -37.307138 -12.180805 0.600000
94593 34.469586 -36.479505 -12.567990 0.400000
94594 34.439303 -36.238491 -13.072974 0.400000
94595 34.353042 -35.936542 -13.639141 0.500000
94596 34.233745 -35.628226 -14.187957 0.500000
94597 34.527400 -35.104362 -13.915832 0.400000
94598 34.665968 -34.260358 -14.233616 0.400000
94599 34.779759 -33.371790 -14.492957 0.300000
97651 27.019009 -44.271076 -13.202644 0.900000
97652 26.593210 -44.733096 -13.262914 0.900000
97653 26.570268 -43.787230 -13.495773 0.900000
97654 26.154563 -43.292469 -13.838212 0.900000
97655 25.948087 -42.978696 -14.166041 0.900000
97656 29.493970 -37.766429 -18.880749 0.600000
97657 29.222339 -38.631350 -18.440600 0.600000
98893 24.193498 -45.156916 -5.504602 0.400000
98894 24.446776 -45.757177 -5.445246 0.400000
98895 24.982696 -44.962286 -5.325621 0.500000
98896 25.742528 -44.790393 -5.155770 0.500000
98897 26.461065 -44.645785 -5.006923 0.600000
98898 29.449004 -42.136511 -5.505515 0.500000
98899 28.916755 -42.856825 -5.203255 0.500000
98900 29.656398 -42.734954 -5.423330 0.600000
98901 29.769272 -43.382508 -5.389543 0.600000
98902 29.974830 -44.004597 -5.443420 0.600000
98903 30.087704 -44.628505 -5.484512 0.800000
98904 30.597012 -43.910010 -5.773988 0.700000
98905 31.109990 -43.854532 -6.118254 0.800000
98906 31.595438 -43.735389 -6.548358 0.700000
98907 31.929471 -43.681729 -6.962025 0.700000
98908 31.959754 -43.002343 -6.876187 0.700000
98909 32.280022 -42.266568 -7.224106 0.700000
98910 32.586524 -41.488048 -7.602159 0.700000
98911 32.492921 -38.142047 -8.417622 0.500000
98912 32.735187 -38.771411 -8.303475 0.500000
98913 32.911380 -37.954692 -8.798415 0.500000
98914 33.299555 -37.771886 -9.211168 0.500000
98915 33.612481 -37.609087 -9.617530 0.500000
98916 33.878606 -37.439013 -10.061332 0.500000
98917 33.690483 -36.821472 -10.001062 0.500000
98918 33.738202 -36.093883 -10.429340 0.300000
98919 33.709754 -35.366294 -10.790043 0.300000
101931 24.017305 -58.653697 -3.663647 0.300000
101969 26.301390 -53.053078 -13.116806 0.300000
101970 26.430782 -52.199071 -13.459246 0.300000
101971 28.167017 -37.541785 -16.261771 0.900000
101972 27.495281 -37.826455 -16.181412 0.900000
101973 27.818302 -37.015193 -16.688223 0.900000
101974 27.573283 -36.595919 -17.053492 0.900000
101975 27.376901 -36.233944 -17.469898 0.900000
101976 28.591899 -33.188983 -19.931811 0.600000
101977 28.102780 -33.862912 -19.476138 0.600000
101978 28.252360 -33.723761 -19.811272 0.600000
101979 28.067908 -34.252173 -19.831362 0.600000
101980 28.009177 -34.885175 -19.768353 0.600000
101981 28.226665 -35.381755 -19.699865 0.600000
101982 28.578134 -34.634157 -20.187499 0.600000
101983 29.125066 -34.525019 -20.395702 0.600000
101984 29.797720 -34.509557 -20.585642 0.600000
101985 30.568564 -34.414971 -20.765537 0.500000
101986 30.275827 -33.771054 -20.899773 0.600000
101987 30.846618 -33.053469 -21.229428 0.500000
101988 31.279759 -32.267673 -21.570955 0.500000
101989 32.388307 -29.235445 -22.436642 0.300000
101990 32.264421 -29.785684 -22.317930 0.400000
105170 21.858941 -54.983918 -6.222356 0.300000
105171 24.999214 -48.260994 -5.072672 0.600000
105172 24.383456 -49.039514 -5.274483 0.600000
105173 25.045098 -48.776673 -5.148465 0.600000
105174 25.101075 -49.317817 -5.176773 0.700000
105175 25.135947 -49.922626 -5.205082 0.700000
105176 27.078658 -50.967626 -4.678181 0.900000
105177 26.449135 -51.002186 -4.753975 0.800000
105178 26.384898 -51.670659 -4.658092 0.700000
105179 25.708574 -52.350045 -4.724753 0.700000
105180 25.101075 -53.000328 -4.872687 0.600000
105181 24.458705 -53.668801 -5.093675 0.600000
105182 24.992790 -53.642426 -4.790502 0.600000
105183 24.903776 -54.319084 -4.641655 0.600000
105184 24.790902 -55.019388 -4.511071 0.500000
105185 24.603697 -55.765167 -4.337568 0.500000
105186 25.380048 -55.066682 -4.273646 0.600000
105187 25.997641 -55.090328 -4.135757 0.600000
105188 26.611563 -55.101242 -4.132104 0.600000
105189 29.386603 -52.760224 -5.915530 1.000000
105190 28.904825 -53.548749 -5.384064 0.800000
105191 29.205821 -53.425968 -5.919182 0.800000
105192 29.058994 -54.079889 -5.940185 0.600000
105193 28.892895 -54.672874 -6.010500 0.700000
105194 28.702019 -55.413196 -5.972146 0.600000
105195 29.037887 -54.557369 -6.599496 0.800000
105196 29.094783 -54.296347 -7.292594 0.800000
105197 29.070923 -53.951651 -8.037742 0.800000
105198 28.914919 -53.611503 -8.617606 0.800000
105199 29.148926 -53.003057 -8.552771 0.800000
105200 29.233351 -52.113579 -9.003878 0.800000
105201 29.293918 -51.326873 -9.455899 0.900000
105202 30.360252 -47.926303 -10.047634 1.000000
105203 30.040903 -48.381046 -10.212005 0.900000
105204 30.117987 -47.517943 -10.609235 1.000000
105205 29.750001 -47.094123 -11.100522 1.000000
105206 29.347143 -46.623918 -11.546150 1.000000
105207 28.891977 -46.085502 -11.974428 1.000000
105208 29.317777 -45.696242 -11.897721 1.000000
105209 29.362743 -44.804945 -12.145191 1.000000
105210 29.414133 -43.844527 -12.460235 1.000000
105211 32.677373 -43.144223 -8.891558 0.700000
105212 32.390142 -43.811786 -9.013010 0.800000
105213 32.720504 -42.983243 -9.387411 0.700000
105214 32.683797 -42.776790 -9.949925 0.800000
105215 32.615889 -42.540323 -10.468607 0.800000
105216 33.011406 -39.549932 -12.679397 0.800000
105217 32.768223 -40.354827 -12.254771 0.800000
105218 32.507604 -40.013770 -12.784411 0.800000
105219 32.001049 -40.503983 -12.817286 0.800000
105220 31.474306 -40.974188 -12.828244 0.800000
105221 30.898008 -41.328887 -12.916821 0.800000
105222 31.139356 -40.563100 -13.335967 0.800000
105223 30.747510 -40.172930 -13.819949 0.800000
105224 30.337311 -39.780032 -14.259185 0.800000
105225 29.895910 -39.364396 -14.711205 0.800000
105226 30.551128 -39.006059 -14.776040 0.800000
105227 30.800735 -38.259370 -15.236279 0.800000
105228 31.045753 -37.447199 -15.666383 0.700000
105229 33.440876 -34.408604 -16.101966 0.500000
105230 32.891191 -34.954296 -16.212460 0.500000
105231 33.194940 -34.143034 -16.501936 0.500000
105232 32.933404 -33.826533 -16.952129 0.400000
105233 32.646173 -33.441820 -17.474464 0.400000
105234 32.391060 -33.067112 -17.964837 0.500000
105235 33.006818 -32.577808 -17.819643 0.400000
105236 33.346356 -31.812020 -18.166649 0.400000
105237 33.633587 -30.930728 -18.449732 0.300000
107663 24.709230 -39.711820 -6.845139 0.300000
107664 25.308469 -39.653613 -6.799481 0.400000
107665 25.045098 -39.024249 -7.220453 0.300000
107666 25.263503 -38.390336 -7.623162 0.300000
107667 25.550735 -37.779161 -8.069703 0.300000
113986 29.266388 -34.462264 -10.611975 0.300000
114391 27.775171 -52.059010 -10.636630 0.800000
114392 27.592554 -52.699288 -10.700552 0.800000
114393 27.452151 -51.732504 -11.064908 0.800000
114394 27.118118 -51.431464 -11.385431 0.800000
114395 26.702413 -51.023104 -11.781748 0.800000
114396 25.654432 -47.399710 -13.502165 0.900000
114397 25.789329 -48.364675 -13.209950 0.900000
114398 25.631490 -48.112748 -13.558781 0.900000
114399 25.722339 -48.581133 -13.652838 0.900000
114400 25.853566 -49.115002 -13.756940 0.800000
114401 26.055454 -49.719810 -13.832733 0.700000
114402 26.121526 -48.668444 -14.138646 0.800000
114403 26.439959 -48.244623 -14.453690 0.800000
114404 26.843734 -47.797156 -14.722163 0.800000
114405 25.885685 -39.659070 -15.901981 0.900000
114406 25.680126 -40.469423 -15.576892 0.900000
114407 25.754458 -40.116542 -15.976862 0.900000
114408 25.815942 -40.782286 -16.036218 0.800000
114409 25.970111 -41.388004 -16.081876 0.800000
114410 28.570792 -41.663578 -17.006007 0.700000
114411 27.838490 -42.000998 -16.681830 0.700000
114412 28.346880 -42.491211 -16.570423 0.700000
114413 28.249607 -43.315206 -16.185978 0.700000
114414 28.081673 -44.164666 -15.842625 0.700000
114415 28.073414 -44.967743 -15.592416 0.700000
114416 28.712114 -44.573935 -15.736697 0.700000
114417 29.320530 -45.029588 -15.609766 0.600000
114418 29.796802 -45.348818 -15.434437 0.600000
114419 30.374017 -45.661681 -15.307506 0.600000
114420 30.506162 -44.827682 -15.575979 0.600000
114421 31.232040 -44.483896 -15.798793 0.600000
115957 26.133456 -42.051020 -5.583135 0.400000
115958 26.417017 -42.664014 -5.368540 0.400000
115959 26.920819 -41.898226 -5.525605 0.400000
115960 27.683404 -41.764531 -5.521953 0.400000
115961 28.417541 -41.661759 -5.540216 0.400000
115962 28.497379 -40.400302 -6.126473 0.400000
115963 28.850682 -40.960545 -5.868958 0.400000
115964 29.189303 -41.535341 -5.605051 0.400000
115965 29.909675 -41.465310 -5.846129 0.400000
115966 30.568564 -41.310698 -6.162086 0.400000
115967 31.150368 -41.201559 -6.478957 0.500000
115968 31.626639 -41.114249 -6.794915 0.500000
115969 31.442187 -40.514897 -6.846052 0.400000
115970 31.690876 -39.778213 -7.272504 0.400000
115971 31.906529 -39.052443 -7.694389 0.400000
115972 31.019141 -38.615889 -7.576590 0.400000
115973 31.545884 -38.479466 -7.807623 0.400000
115974 32.042345 -38.320306 -8.073356 0.400000
115975 32.134112 -37.609997 -8.521723 0.400000
115976 32.225879 -36.852395 -8.953654 0.400000
115977 32.277269 -36.094792 -9.404761 0.400000
118320 26.619822 -58.460885 -4.230727 0.400000
118321 25.825118 -59.262143 -3.861805 0.400000
118322 26.438123 -59.142091 -4.217943 0.400000
118323 26.234400 -59.792374 -4.219769 0.400000
118350 26.124279 -53.921638 -11.837452 0.500000
118351 29.598585 -34.439527 -18.205002 0.800000
118352 28.912166 -34.736019 -18.145646 0.800000
118353 29.326036 -33.955680 -18.657022 0.800000
118354 29.093865 -33.508213 -19.095345 0.700000
118355 28.948873 -33.052560 -19.562889 0.600000
118356 30.035397 -31.938439 -19.934550 0.600000
118357 29.446251 -32.225837 -19.998472 0.600000
118358 28.936026 -32.660571 -20.000298 0.600000
118359 29.047064 -32.395001 -20.374699 0.600000
118360 29.246199 -32.122155 -20.785627 0.600000
118361 29.600420 -31.955719 -21.150895 0.600000
118362 30.088621 -31.804744 -21.486943 0.600000
118363 30.139093 -31.253596 -21.503380 0.600000
118364 30.741086 -30.561476 -21.830296 0.600000
118365 31.291689 -29.892094 -22.104247 0.400000
118366 31.232958 -29.523752 -21.886912 0.400000
118367 31.455952 -29.396424 -22.180954 0.400000
118368 31.865234 -29.308204 -22.332540 0.400000
120840 27.695334 -47.540680 -4.940262 1.000000
120841 27.085082 -48.284640 -4.928391 0.700000
120842 27.828396 -48.188235 -4.912867 0.900000
120843 27.758653 -48.920372 -4.859903 0.900000
120844 27.749476 -49.612491 -4.868121 0.900000
120845 29.001180 -48.783039 -5.172208 0.900000
120846 28.385423 -49.530637 -4.953959 0.900000
120847 27.722864 -50.256407 -4.784109 0.900000
120848 27.718275 -50.903962 -4.724753 0.900000
120849 27.643026 -51.600628 -4.596909 0.900000
120850 27.593472 -52.279105 -4.527508 0.700000
120851 27.505375 -53.007604 -4.451715 0.700000
120852 28.133063 -52.310937 -4.684574 0.800000
120853 28.655218 -52.292748 -4.945741 0.900000
120854 29.101207 -52.275467 -5.322881 0.900000
120855 29.689434 -50.751168 -5.784033 0.900000
120856 29.580231 -51.504223 -5.765770 0.900000
120857 29.504065 -52.180881 -5.820560 0.900000
120858 29.824332 -51.983522 -6.454301 1.000000
120859 29.941794 -51.824362 -7.018642 1.000000
120860 29.976666 -51.606085 -7.665168 1.000000
120861 29.912428 -51.354158 -8.273341 1.000000
120862 30.163871 -50.761172 -8.162847 1.000000
120863 30.309780 -49.939906 -8.631304 1.000000
120864 30.427242 -49.089536 -9.080585 1.000000
120865 30.705297 -48.757573 -8.360092 1.000000
120866 30.664919 -48.525654 -8.929911 1.000000
120867 30.530939 -48.220976 -9.508863 1.000000
120868 30.608024 -47.355145 -9.897874 1.000000
120869 30.692449 -46.457482 -10.358113 1.000000
120870 30.818171 -45.524349 -10.786391 1.000000
120871 33.780415 -40.010132 -10.421122 0.700000
120872 33.519796 -40.603117 -10.573621 0.700000
120873 33.773074 -39.790946 -10.989115 0.700000
120874 33.710672 -39.556298 -11.549803 0.700000
120875 33.607893 -39.293457 -12.105011 0.700000
120876 34.114447 -37.870110 -12.402705 0.700000
120877 33.805192 -38.442177 -12.550639 0.700000
120878 33.450053 -39.050624 -12.578948 0.700000
120879 33.237153 -38.733213 -13.109501 0.700000
120880 32.996723 -38.428535 -13.618138 0.700000
120881 32.714080 -38.109305 -14.135906 0.700000
120882 32.392895 -37.800080 -14.617148 0.700000
120883 32.935239 -37.300772 -14.549573 0.700000
120884 33.170163 -36.479505 -14.933106 0.600000
120885 33.448218 -35.620040 -15.272806 0.500000
120886 34.090588 -35.378117 -14.661893 0.500000
120887 33.901548 -35.077986 -15.143135 0.500000
120888 33.688648 -34.756028 -15.625290 0.500000
120889 33.957526 -33.900201 -15.921158 0.400000
120890 34.205297 -33.089849 -16.193283 0.400000
120891 34.464998 -32.224018 -16.454451 0.400000
128011 27.315417 -48.149127 -12.091314 0.900000
128012 27.013503 -48.743022 -12.066658 0.900000
128013 26.833640 -47.715302 -12.443798 0.900000
128014 26.412428 -47.366969 -12.729621 0.900000
128015 26.047195 -47.011359 -13.067495 0.900000
128016 26.196776 -45.270602 -13.346925 0.900000
128017 25.929733 -45.972726 -13.371581 0.900000
128018 25.734269 -46.731237 -13.401716 0.900000
128019 25.556241 -46.353801 -13.751461 0.900000
128020 25.529628 -45.992734 -14.131340 0.900000
128021 25.606713 -45.618026 -14.503915 0.900000
128022 26.759308 -38.514027 -17.584958 0.700000
128023 26.597798 -39.398047 -17.127459 0.700000
128024 27.126377 -39.193413 -17.489075 0.700000
128025 27.594390 -39.850062 -17.480856 0.800000
128026 28.091768 -40.437591 -17.403237 0.700000
128027 28.979156 -39.386224 -18.053415 0.500000
128028 28.896566 -40.158378 -17.721934 0.700000
128029 28.702019 -40.928713 -17.383147 0.700000
128030 29.276482 -41.385276 -17.224255 0.600000
128031 29.857368 -41.851842 -17.033402 0.600000
128032 30.422654 -42.220184 -16.866291 0.600000
130693 22.003016 -48.397417 -5.959362 0.400000
130694 22.184715 -49.032238 -5.877177 0.400000
130695 22.734400 -48.214610 -5.785859 0.400000
130696 23.468537 -48.054540 -5.582222 0.500000
130697 24.193498 -47.896290 -5.326534 0.500000
130698 24.597274 -46.452025 -5.301878 0.600000
130699 24.740430 -47.119588 -5.160336 0.500000
130700 24.886340 -47.685289 -5.096414 0.600000
130701 25.572759 -47.477926 -4.958525 0.700000
130702 26.227976 -47.217813 -4.900995 0.700000
130703 26.931831 -46.994989 -4.900082 0.700000
130704 26.691401 -43.258818 -5.210561 0.400000
130705 26.907971 -43.883635 -5.048929 0.500000
130706 27.181437 -44.484806 -4.927477 0.600000
130707 28.401941 -43.563496 -5.069019 0.600000
130708 27.930258 -44.317460 -4.923825 0.600000
130709 27.295229 -45.074153 -4.849858 0.600000
130710 27.463163 -45.670776 -4.859903 0.600000
130711 27.470504 -46.266490 -4.892777 0.800000
130712 27.649450 -46.854928 -4.928391 0.700000
130713 28.339539 -46.769436 -4.977702 1.000000
130714 28.978239 -46.732147 -5.119244 0.900000
130715 29.565549 -46.650293 -5.373105 0.900000
130716 30.117069 -45.291520 -5.491818 0.800000
130717 30.093210 -45.930889 -5.588614 0.900000
130718 30.087704 -46.592086 -5.687237 0.900000
130719 30.527269 -46.521146 -6.060724 1.000000
130720 30.869560 -46.487495 -6.490828 1.000000
130721 31.123755 -46.413827 -6.990334 1.000000
130722 31.288018 -46.299231 -7.475228 1.000000
130723 31.488071 -45.624392 -7.362908 0.900000
130724 31.864316 -44.893165 -7.681605 0.800000
130725 32.232303 -44.124649 -8.018565 0.700000
130726 32.204773 -43.610789 -7.390303 0.700000
130727 32.450709 -43.460724 -7.895287 0.700000
130728 32.582853 -43.287921 -8.402098 0.700000
130729 32.907709 -42.476659 -8.757322 0.700000
130730 33.180258 -41.713600 -9.128983 0.700000
130731 33.475748 -40.954179 -9.507036 0.700000
130732 32.117594 -41.008748 -7.159270 0.400000
130733 32.500263 -40.853226 -7.579330 0.500000
130734 32.835213 -40.727717 -7.982039 0.700000
130735 32.940745 -39.372582 -8.329957 0.500000
130736 33.062796 -40.001947 -8.369224 0.500000
130737 33.131621 -40.606755 -8.409403 0.600000
130738 33.390404 -40.462147 -8.925345 0.700000
130739 33.567515 -40.331181 -9.398369 0.700000
130740 33.700577 -40.187482 -9.881437 0.700000
130741 33.906136 -39.366215 -10.309715 0.700000
130742 34.096094 -38.515846 -10.730687 0.700000
130743 34.250263 -37.719135 -11.074953 0.700000
130744 34.097929 -37.264392 -10.525223 0.500000
130745 34.270452 -37.081585 -11.009205 0.400000
130746 34.366807 -36.886955 -11.506883 0.500000
130747 34.470504 -36.102978 -11.864847 0.400000
130748 34.541165 -35.257155 -12.231942 0.300000
137117 25.017567 -60.062491 -3.560459 0.300000
137189 28.597405 -50.962169 -13.994365 0.400000
137190 28.798375 -50.098157 -14.237268 0.500000
137191 27.318170 -40.768644 -14.430861 1.000000
137192 26.802439 -41.190645 -14.363286 1.000000
137193 26.901547 -40.295711 -14.805262 1.000000
137194 26.599633 -39.975571 -15.097477 1.000000
137195 26.283037 -39.558117 -15.475530 0.900000
137196 26.937337 -38.218443 -16.049915 0.900000
137197 26.473912 -38.628622 -15.979601 0.900000
137198 26.122444 -39.115197 -15.917505 0.900000
137199 26.057289 -38.682282 -16.382310 0.800000
137200 26.101338 -38.433082 -16.779540 0.800000
137201 26.282119 -38.177517 -17.180423 0.800000
137202 28.315680 -35.080715 -18.055242 0.800000
137203 27.769665 -35.545462 -17.931963 0.800000
137204 27.293393 -35.857416 -17.942921 0.800000
137205 27.755900 -34.700549 -18.993069 0.800000
137206 27.310829 -35.491803 -18.439687 0.800000
137207 27.014421 -36.209388 -17.985840 0.800000
137208 26.788674 -36.718700 -17.864389 0.800000
137209 26.589539 -37.392630 -17.672622 0.800000
137210 26.561091 -38.001076 -17.604134 0.800000
137211 26.966702 -37.790075 -17.993146 0.700000
137212 27.531070 -37.619092 -18.365720 0.600000
137213 28.304668 -37.416276 -18.742860 0.600000
137214 28.372575 -36.076603 -19.435958 0.600000
137215 28.627688 -36.657765 -19.233234 0.600000
137216 28.985580 -37.258026 -19.006767 0.600000
137217 29.733482 -37.144340 -19.244192 0.600000
137218 30.429995 -36.954257 -19.480703 0.500000
137224 31.143026 -34.364039 -20.779234 0.500000
137230 30.571317 -31.748356 -21.653140 0.600000
137231 31.058601 -31.756542 -21.692407 0.500000
137232 31.596356 -31.687421 -21.728933 0.400000
137233 32.245150 -30.308639 -22.207436 0.300000
137234 32.345176 -30.971655 -21.939876 0.400000
143730 22.348978 -49.656146 -5.836084 0.400000
143731 22.488464 -50.181829 -5.849781 0.500000
143732 22.546277 -50.808466 -5.871698 0.300000
143733 23.847536 -49.809849 -5.466249 0.500000
143734 23.268485 -50.551990 -5.689063 0.500000
143735 22.648139 -51.300498 -5.902745 0.300000
143736 22.660069 -51.925315 -5.900006 0.300000
143737 22.701364 -52.425533 -5.868045 0.300000
143738 22.669245 -52.969406 -5.858913 0.300000
143739 26.448218 -49.046790 -4.957612 0.700000
143740 25.768223 -49.825311 -5.056235 0.700000
143741 25.156136 -50.545624 -5.190471 0.600000
143742 25.832460 -51.055846 -4.925651 0.700000
143743 25.179995 -51.162256 -5.125636 0.600000
143744 24.565155 -51.288675 -5.303704 0.600000
143745 23.931962 -52.096299 -5.473554 0.500000
143746 23.248296 -52.782961 -5.684497 0.400000
143747 22.638044 -53.529649 -5.893614 0.400000
143748 22.639880 -53.945285 -5.929227 0.300000
143749 22.565548 -54.396390 -5.986757 0.300000
143750 22.460934 -54.913888 -5.937446 0.300000
143751 23.797064 -54.285433 -5.355755 0.500000
143752 23.060174 -54.892970 -5.550261 0.400000
143753 22.415050 -55.467765 -5.759377 0.300000
143755 22.150761 -56.851094 -5.295486 0.300000
143756 21.943367 -57.574136 -5.020621 0.400000
143757 22.435239 -57.679636 -4.639828 0.400000
143758 22.953724 -57.788775 -4.343960 0.400000
143759 23.554799 -57.875176 -4.088272 0.500000
143760 24.459623 -56.496394 -4.142149 0.500000
143761 24.344914 -57.203975 -4.038961 0.500000
143762 24.232958 -57.946116 -3.884635 0.400000
143763 24.825774 -57.958849 -3.754964 0.500000
143764 25.492004 -57.932474 -3.781446 0.400000
143765 26.159151 -57.883361 -3.922988 0.500000
143766 27.426456 -53.665163 -4.359484 0.600000
143767 27.326429 -54.388205 -4.316565 0.600000
143768 27.221815 -55.086690 -4.294649 0.600000
143769 28.301915 -54.352735 -4.842552 0.600000
143770 27.758653 -55.050311 -4.564035 0.600000
143771 27.071317 -55.776081 -4.227074 0.600000
143772 26.965784 -56.462743 -4.240772 0.600000
143773 26.881359 -57.113026 -4.217029 0.600000
143774 26.794180 -57.789684 -4.227987 0.400000
143775 27.280546 -57.743301 -4.605128 0.400000
143776 27.721946 -57.629615 -5.048016 0.500000
143777 28.064238 -57.485006 -5.601399 0.500000
143778 28.596487 -56.018005 -6.127386 0.500000
143779 28.458836 -56.711943 -6.174871 0.500000
143780 28.279890 -57.344945 -6.157520 0.400000
143781 28.374411 -56.994793 -6.891711 0.400000
143782 28.384505 -56.550964 -7.700782 0.500000
143783 28.291820 -56.142604 -8.424014 0.500000
143784 28.129392 -55.832469 -8.960959 0.600000
143785 28.306503 -55.264040 -8.929911 0.600000
143786 28.284479 -54.388205 -9.340839 0.600000
143787 28.222995 -53.456890 -9.739895 0.800000
143788 28.723126 -53.197687 -9.212082 0.800000
143789 28.474437 -52.880276 -9.687844 0.800000
143790 28.150499 -52.481011 -10.159041 0.800000
143791 28.093603 -51.524232 -10.559924 0.800000
143792 28.009177 -50.593827 -10.976330 0.900000
143793 27.873362 -49.516995 -11.410087 0.900000
143794 29.805979 -51.082221 -8.854118 1.000000
143795 29.602255 -50.752987 -9.426677 0.900000
143796 29.337966 -50.371912 -10.017499 0.900000
143797 29.690352 -48.871259 -10.367244 0.900000
143798 29.348060 -49.462426 -10.421122 0.900000
143799 29.007604 -49.978104 -10.449430 0.900000
143800 28.625853 -49.524271 -10.937064 0.900000
143801 28.243184 -49.080441 -11.347991 0.900000
143802 27.777924 -48.565672 -11.731524 0.900000
143803 27.675145 -47.595250 -12.051134 0.900000
143804 27.560436 -46.562982 -12.416403 0.900000
143805 27.518223 -45.703518 -12.652915 0.900000
143806 28.423047 -45.664410 -12.283993 1.000000
143807 27.953199 -45.233313 -12.597211 1.000000
143808 27.480598 -44.737643 -12.905863 0.900000
143809 27.507211 -43.816333 -13.110414 1.000000
143810 27.575119 -42.900480 -13.379800 1.000000
143811 27.647615 -42.050110 -13.678407 1.000000
143812 31.416492 -46.186455 -7.937293 1.000000
143813 31.489906 -46.047304 -8.425840 1.000000
143814 31.512848 -45.817203 -8.958220 1.000000
143815 32.117594 -44.423870 -9.208429 0.900000
143816 31.768878 -44.974109 -9.400195 1.000000
143817 31.475223 -45.573461 -9.519821 1.000000
143818 31.366938 -45.293339 -10.092380 1.000000
143819 31.179733 -44.973200 -10.599190 1.000000
143820 30.955821 -44.633962 -11.074040 1.000000
143821 33.237153 -41.161542 -10.682289 0.700000
143822 32.889356 -41.726333 -10.844834 0.800000
143823 32.498427 -42.316590 -10.926106 0.800000
143824 32.517699 -41.171546 -11.810970 0.800000
143825 32.274516 -42.033739 -11.400955 0.800000
143826 32.023991 -42.834997 -11.050297 0.800000
143827 31.570661 -43.267913 -11.272198 0.800000
143828 31.118249 -43.796324 -11.408261 1.000000
143829 30.679602 -44.223783 -11.564413 1.000000
143830 30.354746 -43.836342 -11.979907 1.000000
143831 29.976666 -43.397060 -12.368005 1.000000
143832 29.589408 -42.944136 -12.727795 1.000000
143833 30.341899 -41.739066 -12.985309 0.900000
143834 29.771107 -42.196538 -12.991701 1.000000
143835 29.145255 -42.502125 -13.043752 1.000000
143836 28.710278 -42.101951 -13.377060 1.000000
143837 28.259702 -41.692682 -13.705802 1.000000
143838 27.788936 -41.251581 -14.049155 1.000000
143839 27.941270 -40.423948 -14.482912 0.900000
143840 28.120216 -39.588130 -14.987896 0.900000
143841 28.297326 -38.776868 -15.399737 0.900000
143842 29.419639 -38.907834 -15.129438 0.800000
143843 29.002098 -38.494927 -15.505665 0.800000
143844 28.537756 -38.021994 -15.863628 0.900000
143845 28.838753 -37.272577 -16.342130 0.800000
143846 29.142502 -36.420389 -16.815154 0.700000
143847 29.529759 -35.653691 -17.265348 0.700000
143848 32.049686 -37.434466 -15.130351 0.700000
143849 31.713818 -37.047934 -15.632596 0.700000
143850 31.314631 -36.628661 -16.096487 0.700000
143851 32.306634 -35.483617 -16.306517 0.500000
143852 31.617463 -35.812852 -16.485498 0.700000
143853 30.948480 -36.222120 -16.499196 0.700000
143854 30.578658 -35.822856 -16.892773 0.700000
143855 30.187730 -35.335371 -17.344794 0.700000
143856 29.880310 -34.882447 -17.764853 0.700000
143857 30.297851 -34.138487 -18.247921 0.700000
143858 30.687861 -33.391798 -18.613190 0.600000
143859 31.148532 -32.588722 -18.966587 0.500000
143860 32.116676 -32.640562 -18.439687 0.400000
143861 31.831280 -32.164901 -18.926408 0.400000
143862 31.515601 -31.733804 -19.373862 0.300000
143863 31.922130 -30.919814 -19.694386 0.300000
143864 32.305716 -30.132199 -20.036825 0.300000
143865 32.609466 -29.462817 -20.278816 0.300000
148734 21.358810 -48.575676 -6.126473 0.300000
148735 21.902989 -47.771690 -5.955709 0.400000
148736 22.491217 -47.032278 -5.790425 0.400000
148737 23.028055 -46.168265 -5.716458 0.400000
148739 22.955559 -45.576190 -5.680845 0.300000
148740 23.561222 -45.300615 -5.656189 0.400000
148741 24.056765 -44.518457 -5.540216 0.300000
148742 24.538543 -43.713561 -5.551174 0.400000
148743 25.027662 -42.928674 -5.572177 0.400000
148748 23.542869 -41.949157 -6.089033 0.300000
148749 23.701626 -42.556694 -5.884482 0.300000
148750 24.278842 -42.420271 -5.826952 0.300000
148751 24.875328 -42.284758 -5.770335 0.400000
148752 25.480074 -42.168343 -5.693629 0.400000
148753 25.921474 -41.403465 -5.862566 0.400000
148754 26.350027 -40.698613 -6.103643 0.400000
148755 26.721684 -40.051968 -6.396772 0.400000
148756 25.915050 -39.569031 -6.787609 0.400000
148757 26.513372 -39.471716 -6.794001 0.400000
148758 27.091506 -39.396229 -6.794915 0.400000
148759 27.372313 -38.746855 -7.224106 0.400000
148760 27.632014 -38.151141 -7.730003 0.300000
148761 27.874280 -37.489945 -8.193895 0.300000
161163 25.529628 -37.157073 -8.568295 0.300000
161166 26.130703 -37.113417 -8.615780 0.300000
161167 26.694154 -37.055210 -8.659612 0.300000
161168 27.306241 -36.986999 -8.672397 0.300000
161169 27.916492 -36.893322 -8.723534 0.300000
161408 26.650105 -34.395872 -10.934324 0.300000
161410 27.399843 -35.671881 -9.792859 0.300000
161412 28.634112 -36.742347 -8.814852 0.300000
161413 29.226928 -36.582277 -8.905256 0.400000
161414 29.769272 -36.397651 -8.987441 0.300000
161415 30.329969 -36.193926 -9.109806 0.300000
161416 29.855533 -35.002499 -10.125254 0.300000
161417 30.392371 -35.458152 -9.691497 0.300000
161418 30.886996 -35.981107 -9.265959 0.300000
161419 31.421081 -35.783748 -9.443114 0.400000
161420 31.897352 -35.566381 -9.690584 0.400000
161421 32.339670 -35.352651 -9.964535 0.300000
161430 32.737022 -35.166207 -10.242140 0.300000
161431 33.111432 -34.972486 -10.562663 0.300000
161432 33.450053 -34.769670 -10.893232 0.300000
161436 34.034610 -34.281276 -11.675820 0.300000
161468 34.821055 -32.752429 -14.373331 0.300000
161469 34.829314 -32.460484 -14.881055 0.300000
161470 34.823808 -30.967107 -15.107522 0.300000
161471 34.869691 -31.530079 -15.260021 0.300000
161472 34.818302 -32.175815 -15.381473 0.300000
161473 34.783430 -31.897512 -15.877326 0.300000
161474 34.672392 -31.623757 -16.390529 0.300000
161475 34.536576 -31.325445 -16.916516 0.300000
161482 34.832984 -29.854805 -17.016965 0.300000
161483 34.676063 -30.483260 -17.213297 0.300000
161484 34.392502 -31.031681 -17.416021 0.300000
161485 34.242921 -30.750649 -17.870781 0.300000
161486 34.041034 -30.405045 -18.361154 0.300000
161487 33.826299 -30.065806 -18.825959 0.300000
161490 33.602387 -29.734753 -19.270674 0.300000
161491 33.347274 -29.345493 -19.771092 0.300000
161492 33.081149 -28.958051 -20.279729 0.300000
161493 32.839801 -28.584253 -20.780148 0.300000
162223 27.819219 -55.376817 -9.543563 0.600000
162224 27.527400 -55.033031 -10.041242 0.600000
162225 27.139224 -54.588292 -10.480478 0.600000
162226 27.354877 -53.240433 -10.783651 0.700000
162227 27.074987 -53.775211 -10.845747 0.600000
162228 26.789592 -54.147191 -10.967199 0.600000
162229 26.485842 -53.806133 -11.383605 0.600000
162230 26.246330 -53.426877 -11.780835 0.500000
162231 26.026089 -53.052169 -12.186284 0.500000
162232 26.761144 -49.437869 -12.061179 0.900000
162233 26.550079 -50.058139 -12.093140 0.800000
162234 26.336262 -50.615654 -12.208200 0.700000
162235 25.898532 -49.388757 -12.824591 0.900000
162236 26.066466 -50.240946 -12.578034 0.700000
162237 26.185763 -51.192269 -12.308649 0.700000
162238 26.050866 -51.751603 -12.352481 0.600000
162239 25.967358 -52.174514 -12.525070 0.500000
162240 25.954510 -52.687465 -12.578948 0.400000
162241 25.942580 -52.284562 -12.957001 0.400000
162242 26.138045 -51.832547 -13.360623 0.400000
162243 26.518878 -51.382352 -13.725892 0.500000
162244 26.325250 -50.045406 -13.915832 0.600000
162245 26.625328 -50.435576 -13.972448 0.600000
162246 27.053881 -50.815742 -14.045502 0.500000
162247 27.634767 -50.308248 -14.217179 0.500000
162248 28.291820 -49.698892 -14.382463 0.500000
162249 28.893813 -49.219593 -14.516699 0.500000
162250 26.327085 -41.635384 -14.384289 1.000000
162251 25.930651 -42.024645 -14.497522 0.900000
162252 25.719586 -42.650371 -14.502088 0.900000
162253 25.643419 -41.372543 -15.247237 0.900000
162254 25.572759 -42.372978 -14.857312 0.900000
162255 25.565417 -43.258818 -14.560531 0.900000
162256 25.533299 -43.904553 -14.672852 0.900000
162257 25.602124 -44.570297 -14.756863 0.900000
162258 25.792082 -45.216942 -14.857312 0.900000
162259 26.449135 -40.261150 -16.755797 0.800000
162260 26.350944 -41.116068 -16.421576 0.700000
162261 26.217882 -42.032830 -16.081876 0.700000
162262 27.165837 -42.272025 -16.402400 0.700000
162263 26.672130 -42.542142 -16.123882 0.700000
162264 26.175669 -42.875015 -15.791488 0.800000
162265 26.109597 -43.869993 -15.455440 0.800000
162266 26.058207 -44.822225 -15.176009 0.700000
162267 26.079314 -45.830846 -14.913929 0.800000
162268 26.467489 -46.414736 -14.967806 0.700000
162269 26.878606 -46.874027 -14.960501 0.800000
162270 27.353960 -47.322404 -14.923974 0.800000
162271 28.031201 -45.899057 -15.354078 0.700000
162272 27.952282 -46.771255 -15.122132 0.700000
162273 27.890798 -47.658914 -14.855486 0.600000
162274 28.501049 -47.963592 -14.813480 0.600000
162275 29.014946 -48.283731 -14.719423 0.500000
162276 29.613267 -48.613875 -14.539528 0.500000
162277 30.207919 -48.070002 -14.597971 0.500000
162278 30.837442 -47.591612 -14.636325 0.500000
162280 30.991610 -45.963631 -15.216189 0.600000
