#!ascii label, from file  /biac2/kgs/3Danat/FreesurferSegmentations/fsaverage-bkup/label/CBA/cROIs/averages/label/MPM_rh.hOc4.label 
1025
207 28.092685 -82.601387 -5.089109 0.300000
342 21.200971 -58.232604 -5.182252 0.300000
349 38.337573 -68.956360 -12.897645 0.300000
445 35.963556 -79.178079 -11.916898 0.300000
446 26.466571 -76.672444 -10.633891 0.700000
620 20.821972 -67.491177 -7.131875 0.600000
981 28.811222 -82.644133 -12.727795 0.500000
982 30.444678 -78.006661 -12.563424 0.400000
1996 37.262062 -77.111726 -7.380258 0.300000
1999 32.756293 -72.959920 -11.076779 0.400000
2000 30.191401 -71.967670 -9.118938 0.700000
2489 23.782381 -75.707479 -8.940869 0.500000
2490 28.171605 -71.026351 -7.467923 0.700000
2497 20.368642 -71.397422 -7.025034 0.600000
2498 26.468406 -69.268314 -7.298986 0.600000
4379 36.971160 -78.514154 -9.749940 0.300000
4381 38.336655 -76.849794 -11.277677 0.300000
4383 36.521500 -76.847065 -12.291298 0.300000
4384 28.229418 -77.535547 -11.780835 0.500000
4385 31.579838 -75.658366 -12.189023 0.600000
4386 29.442581 -74.990803 -11.642946 0.700000
4387 31.104484 -72.540647 -10.364505 0.500000
4388 28.392764 -74.594267 -10.244879 0.800000
5578 22.964736 -75.016269 -8.437712 0.500000
5579 26.172916 -73.620207 -7.882503 0.700000
5580 25.284610 -73.081791 -7.311770 0.700000
5589 19.290378 -57.700555 -7.047863 0.300000
5590 16.329051 -60.843740 -7.493491 0.300000
5591 18.541558 -60.951969 -5.926488 0.300000
5592 20.563189 -65.974154 -6.042461 0.400000
5596 18.760881 -69.390185 -9.168249 0.500000
5597 18.462638 -71.568405 -9.051363 0.500000
5598 20.114447 -69.511147 -6.942849 0.600000
5602 27.982565 -67.491177 -9.700629 0.600000
6369 27.164919 -84.498576 -7.392129 0.300000
6370 29.764683 -82.198484 -7.200363 0.300000
6372 31.083378 -82.846039 -11.358036 0.500000
6373 32.542476 -80.874272 -12.154323 0.300000
6374 33.355533 -78.641482 -12.731447 0.400000
6375 29.595832 -80.120307 -12.452930 0.400000
6376 26.790509 -79.342696 -11.846583 0.400000
6377 25.055192 -78.853393 -10.217484 0.600000
7099 20.413608 -61.511303 -4.192374 0.400000
7101 22.556372 -64.220664 -3.883722 0.400000
7102 22.633456 -65.530324 -5.098241 0.400000
7103 22.465522 -67.469350 -5.512821 0.500000
7397 26.150892 -85.028806 -4.936609 0.300000
7960 19.329838 -56.241738 -6.871621 0.300000
7961 21.848847 -55.447756 -6.133778 0.300000
8576 37.822759 -71.242809 -11.882197 0.300000
8577 34.074988 -76.337753 -12.160715 0.400000
8578 34.917410 -73.411025 -11.342512 0.400000
8579 35.534086 -70.765329 -11.880371 0.300000
8580 33.502360 -70.417905 -11.417393 0.500000
8581 32.068957 -69.944972 -10.789130 0.600000
8582 30.972339 -69.166451 -9.991931 0.700000
10020 23.670425 -78.428662 -8.688834 0.500000
10023 24.898270 -76.314106 -9.640359 0.600000
10024 27.151154 -74.220468 -9.026708 0.700000
10025 29.237022 -71.428344 -8.035003 0.700000
10026 29.907840 -68.809023 -9.465943 0.600000
10039 18.354353 -64.498057 -4.960352 0.300000
10048 22.632538 -69.263767 -5.773988 0.500000
10049 23.357499 -70.551599 -6.033329 0.500000
10050 24.348585 -71.678453 -6.636936 0.600000
10051 27.448480 -70.118684 -7.577503 0.800000
10052 28.959885 -68.132365 -9.716153 0.600000
12056 29.663739 -81.700995 -4.772238 0.300000
12057 35.144075 -80.083928 -11.214668 0.400000
12058 35.598323 -79.695577 -10.113383 0.300000
12059 36.668328 -79.066212 -10.891405 0.300000
12060 37.837442 -77.898432 -10.558097 0.300000
12061 37.265732 -78.153997 -11.626509 0.300000
12062 37.528186 -76.973484 -11.997257 0.300000
12063 36.296671 -78.111252 -12.313214 0.300000
12064 27.251180 -77.142648 -11.184534 0.700000
12065 28.735973 -76.324111 -11.803664 0.600000
12066 27.836655 -75.963044 -11.369908 0.600000
12067 28.738726 -74.825277 -11.013770 0.700000
12068 27.206214 -75.649272 -10.745298 0.700000
13257 21.684584 -75.689289 -8.397532 0.500000
13258 22.600420 -74.660660 -8.132712 0.500000
13259 24.124673 -74.052213 -7.909898 0.400000
13260 23.566728 -73.701151 -7.511755 0.600000
13269 20.246592 -57.995228 -6.070769 0.300000
13270 18.848978 -59.325807 -6.508179 0.500000
13271 19.775826 -59.505885 -5.529258 0.300000
13272 21.005506 -66.510751 -6.870708 0.400000
13274 20.166754 -67.438427 -8.105317 0.600000
13276 19.903383 -68.412487 -8.220377 0.600000
13277 19.392240 -69.482043 -8.101664 0.600000
13278 20.444809 -68.503436 -7.032339 0.600000
14455 28.165181 -84.311221 -8.549119 0.300000
14457 28.644206 -83.885582 -12.608169 0.500000
14458 29.585737 -83.888310 -11.792706 0.400000
14459 30.172130 -82.861500 -12.278514 0.500000
14460 31.909282 -81.984755 -11.933335 0.500000
14461 30.629130 -81.735555 -12.461148 0.500000
14462 31.058601 -80.509568 -12.420969 0.400000
14463 29.013110 -81.366304 -12.629172 0.400000
14467 25.886603 -79.025286 -10.987288 0.600000
14468 24.507342 -79.932953 -10.127080 0.500000
15670 22.988595 -60.165263 -3.378737 0.300000
17467 20.581542 -55.676038 -6.688987 0.300000
18909 31.849634 -78.198562 -12.776193 0.400000
18910 33.643682 -77.629224 -12.613648 0.400000
18911 32.269927 -77.170843 -12.556118 0.400000
18912 32.168066 -74.276856 -11.645686 0.400000
18913 33.234400 -74.648836 -11.693171 0.400000
18914 33.830887 -73.210029 -11.285896 0.400000
18915 35.292738 -71.959485 -11.420132 0.400000
18916 34.250263 -71.786682 -11.213755 0.400000
18917 34.458574 -70.623449 -11.709608 0.400000
18918 33.272025 -71.694824 -10.915148 0.400000
18919 30.555716 -72.308727 -9.708847 0.600000
18920 31.727583 -71.121848 -10.241227 0.500000
18921 31.176062 -70.834450 -9.873218 0.600000
18922 31.497248 -69.580268 -10.450343 0.600000
18923 30.696120 -70.425181 -9.424851 0.700000
22489 22.453592 -76.555120 -8.345481 0.500000
22492 23.551128 -77.208131 -8.663265 0.500000
22493 24.239382 -76.060359 -9.224866 0.500000
22494 25.965522 -75.153601 -9.686018 0.700000
22495 25.417672 -74.867113 -9.084237 0.600000
22496 27.314500 -72.435146 -7.390303 0.600000
22497 27.820137 -72.689802 -7.781141 0.600000
22498 28.712114 -71.222801 -7.641425 0.700000
22499 29.695858 -70.004089 -8.526289 0.700000
22500 29.058076 -69.733062 -8.271514 0.700000
22532 20.253933 -63.403945 -3.868198 0.300000
22533 19.320661 -63.047426 -4.582298 0.300000
22534 19.249083 -64.958257 -4.517463 0.300000
22549 19.275695 -71.476547 -8.085227 0.600000
22550 19.010488 -72.486077 -9.204776 0.500000
22551 19.935501 -72.372392 -8.098925 0.600000
22553 20.919245 -72.116826 -7.109046 0.600000
22555 22.497641 -68.402483 -5.653449 0.600000
22557 25.911380 -68.672600 -6.853358 0.500000
22558 24.538543 -69.442935 -6.132865 0.600000
22559 25.031332 -69.964071 -6.491741 0.600000
22560 23.869560 -71.150951 -6.309107 0.600000
22561 25.614972 -70.492483 -6.678029 0.600000
22562 26.082984 -71.000886 -6.975723 0.700000
22563 27.012586 -69.719419 -7.461530 0.700000
23379 33.355533 -68.153283 -12.055700 0.400000
26312 35.802046 -78.885225 -8.989268 0.300000
26313 37.178553 -77.758371 -8.532681 0.300000
26314 38.169639 -76.664259 -8.266035 0.300000
26315 38.128344 -77.179937 -9.419372 0.300000
26322 29.246199 -77.829311 -12.218245 0.400000
26323 30.922785 -76.861617 -12.431014 0.400000
26324 29.741742 -76.622422 -12.230116 0.500000
26325 30.365758 -75.326404 -12.007302 0.600000
26326 31.162297 -74.057670 -11.430177 0.600000
26327 31.888176 -72.783479 -10.801914 0.400000
26328 30.273073 -73.737531 -10.990028 0.500000
26329 29.735318 -73.590194 -10.199221 0.700000
26330 29.375591 -73.421939 -9.452246 0.600000
28471 22.018616 -76.200420 -8.367397 0.500000
28472 23.347405 -75.328223 -8.728100 0.500000
28473 24.988202 -74.505137 -8.592038 0.700000
28474 24.539460 -74.308688 -8.217637 0.600000
28475 25.676456 -73.444676 -7.590288 0.700000
28476 26.804274 -72.175942 -7.221366 0.600000
28491 17.881752 -57.698736 -7.561979 0.300000
28493 17.793655 -59.107530 -7.390303 0.300000
28494 17.603697 -60.833736 -6.951980 0.400000
28495 17.544966 -62.466264 -6.171218 0.300000
28506 18.431437 -70.447009 -9.076019 0.500000
28507 19.165575 -70.463379 -7.976560 0.500000
28508 20.030021 -70.418814 -6.900843 0.600000
28514 27.452151 -68.327905 -8.415795 0.500000
29589 37.233614 -68.996377 -13.073887 0.300000
30219 27.524647 -83.631835 -6.200440 0.300000
30220 28.871789 -82.550455 -6.070769 0.300000
30221 28.414788 -83.517240 -7.331860 0.300000
30222 29.392109 -83.070682 -8.414882 0.300000
30223 30.308863 -82.686878 -9.437635 0.300000
30225 30.083115 -83.447209 -10.695073 0.500000
30226 31.461458 -82.293071 -10.221137 0.300000
30227 32.567253 -81.817409 -10.897798 0.300000
30228 33.516125 -81.103462 -11.540671 0.300000
30229 34.303488 -80.053915 -12.051134 0.400000
30230 34.755900 -78.995273 -12.546987 0.400000
30231 33.010488 -79.671931 -12.459322 0.300000
30232 31.521107 -79.283580 -12.544247 0.400000
30233 30.121658 -79.018010 -12.507720 0.400000
30235 28.115627 -79.669202 -12.309562 0.400000
30236 28.679995 -78.671495 -12.235595 0.400000
30237 27.544835 -78.398649 -11.754353 0.400000
30238 26.557421 -78.165821 -11.090477 0.700000
30239 25.781070 -77.839315 -10.467693 0.700000
31922 21.746985 -59.960629 -3.856326 0.300000
31923 21.479943 -61.763231 -3.439007 0.400000
31924 21.389093 -63.410311 -3.425309 0.400000
31926 22.640798 -63.221138 -3.353168 0.400000
31929 21.623100 -65.744054 -5.676279 0.400000
31930 21.708443 -66.427987 -6.054332 0.400000
31931 21.461589 -67.537561 -6.152955 0.500000
31932 22.554536 -66.407069 -5.378584 0.400000
32684 27.625590 -82.941535 -4.060877 0.300000
32692 26.775826 -84.216635 -3.844455 0.300000
32693 26.844652 -83.894677 -5.033405 0.300000
34220 17.955166 -57.107569 -7.284375 0.300000
34221 19.351862 -56.672835 -7.204929 0.300000
34222 20.570530 -56.596438 -6.575753 0.300000
34223 21.625853 -56.757417 -5.763030 0.300000
35990 38.065024 -70.061386 -12.355220 0.300000
35991 35.047720 -77.907527 -12.595385 0.400000
35992 35.299162 -76.667896 -12.303170 0.300000
35993 35.723126 -75.280929 -11.947032 0.300000
35994 32.707657 -75.964863 -12.189936 0.400000
35995 34.450315 -74.890760 -11.788140 0.300000
35997 36.426980 -72.218688 -11.569892 0.300000
35998 36.668328 -71.045451 -11.984472 0.300000
35999 36.923441 -69.989537 -12.554292 0.300000
36001 34.609073 -69.765803 -12.390834 0.300000
36002 33.640011 -69.451121 -12.071224 0.400000
36003 32.478239 -71.395603 -10.641196 0.500000
36004 32.700315 -70.179619 -11.100522 0.500000
36005 32.936157 -69.197374 -11.661210 0.400000
36006 32.338753 -68.916343 -11.342512 0.400000
36007 31.849634 -68.424310 -10.947109 0.400000
36008 31.211852 -67.988666 -10.609235 0.500000
40294 23.793393 -79.871108 -9.157291 0.500000
40295 24.308207 -78.696961 -9.477815 0.600000
40296 24.867987 -77.636500 -9.801078 0.700000
40304 24.178815 -77.418223 -9.157291 0.600000
40305 25.591112 -76.551482 -10.148083 0.600000
40306 26.597798 -75.415533 -10.230269 0.700000
40307 27.835737 -74.436016 -9.597440 0.800000
40308 28.875459 -73.209119 -8.915301 0.600000
40309 26.689565 -73.923066 -8.363745 0.700000
40310 28.364316 -72.991752 -8.234074 0.600000
40311 29.714211 -71.713014 -8.561903 0.700000
40312 30.214342 -70.175072 -8.859597 0.700000
40313 30.405218 -68.954541 -9.655883 0.600000
40314 30.605271 -67.840420 -10.394640 0.500000
40351 19.528973 -61.192073 -4.991399 0.300000
40378 21.255113 -68.522535 -6.124646 0.500000
40379 21.162428 -69.428384 -6.102730 0.600000
40380 21.363398 -70.286029 -6.128299 0.600000
40381 24.254064 -68.802657 -5.913703 0.400000
40382 22.950053 -69.952248 -5.821473 0.500000
40383 21.757997 -71.018166 -6.243359 0.500000
40384 22.218669 -71.660264 -6.415948 0.500000
40385 22.651810 -72.243244 -6.666157 0.500000
40386 23.090457 -73.009032 -7.113612 0.500000
40387 24.859728 -72.423323 -6.968417 0.700000
40388 26.518878 -71.591143 -7.070693 0.700000
40389 27.772418 -70.592526 -7.519973 0.700000
40390 27.924751 -68.748088 -8.497981 0.700000
40391 28.279890 -69.059132 -8.565556 0.800000
40392 28.696513 -69.377452 -8.371963 0.600000
40393 29.405874 -68.427948 -9.474162 0.600000
42774 28.511144 -82.194846 -4.543945 0.300000
42776 28.865365 -82.088436 -4.943915 0.300000
42777 35.601076 -79.674659 -11.594548 0.400000
42778 35.954379 -79.565521 -11.084085 0.300000
42779 36.374673 -79.166256 -11.464877 0.400000
42780 37.014290 -78.646030 -11.275851 0.300000
42781 36.678422 -78.699689 -11.789967 0.300000
42782 36.844521 -78.141265 -12.013694 0.300000
42783 36.157185 -78.672405 -12.151583 0.300000
42784 26.862088 -76.866165 -10.914235 0.600000
42785 27.525564 -76.557849 -11.287722 0.600000
42786 27.126377 -76.345938 -11.041166 0.600000
42787 27.534741 -75.783876 -11.050297 0.600000
42788 26.808863 -76.150399 -10.724295 0.700000
43979 23.064762 -74.195912 -7.828626 0.400000
43989 20.711851 -58.120737 -5.616009 0.300000
43990 19.991479 -58.712813 -5.779467 0.300000
43991 20.487022 -58.849236 -5.339318 0.300000
43992 20.996330 -66.933662 -7.038732 0.600000
43993 20.608155 -66.982774 -7.469749 0.500000
43994 20.546671 -67.425694 -7.646904 0.600000
43995 20.035527 -67.946830 -8.238640 0.600000
43996 20.360383 -67.989576 -7.673386 0.600000
43997 20.204379 -68.501617 -7.639599 0.600000
43998 20.678815 -68.033231 -7.091696 0.600000
45177 28.747903 -83.275316 -12.700400 0.500000
45178 29.391191 -83.393549 -12.466627 0.400000
45179 29.541689 -82.791469 -12.579861 0.400000
45180 30.392371 -82.290342 -12.440145 0.500000
45181 29.678422 -82.182113 -12.611822 0.400000
45182 29.841768 -81.570938 -12.589906 0.400000
45183 28.821317 -82.046600 -12.688528 0.400000
49610 36.657316 -77.590116 -7.572937 0.300000
49612 36.688517 -77.243601 -6.980289 0.300000
49613 36.790378 -76.890721 -6.469825 0.300000
49614 37.316204 -76.797953 -6.819570 0.300000
49616 37.785134 -76.654254 -7.252414 0.300000
49629 31.173309 -78.084876 -12.683962 0.400000
49630 32.063451 -77.701983 -12.694920 0.400000
49631 31.366021 -77.540094 -12.624606 0.400000
49632 32.495674 -73.602017 -11.306899 0.400000
49633 32.994888 -73.762087 -11.453006 0.400000
49634 33.245412 -73.084519 -11.199144 0.400000
49635 34.048375 -72.497901 -11.189099 0.400000
49636 33.514290 -72.425142 -11.051210 0.400000
49637 33.737284 -71.763945 -11.096869 0.400000
49638 33.020583 -72.328736 -10.939803 0.400000
49639 30.378606 -72.148658 -9.454985 0.700000
49640 30.920950 -71.582048 -9.649491 0.600000
49641 30.690614 -71.405607 -9.516168 0.600000
49642 30.917279 -70.705303 -9.682365 0.600000
49643 30.477714 -71.166412 -9.193818 0.700000
53209 23.026220 -76.174045 -8.735406 0.500000
53210 22.667410 -76.769759 -8.376529 0.500000
53211 23.311616 -76.393232 -8.774672 0.500000
53212 23.557552 -76.563306 -8.834028 0.500000
53213 24.021894 -75.933941 -9.023968 0.500000
53214 24.762455 -75.414624 -9.317096 0.500000
53215 24.568826 -75.280020 -9.056842 0.500000
53216 27.802701 -71.731204 -7.362908 0.600000
53217 28.034872 -71.813967 -7.492578 0.600000
53218 28.506555 -71.014528 -7.541890 0.600000
53219 28.917672 -70.448827 -7.889808 0.700000
53220 28.681831 -70.352422 -7.854194 0.700000
53252 20.272287 -64.203383 -3.969560 0.300000
53253 19.807945 -64.168823 -4.203332 0.300000
53254 19.759308 -64.989180 -4.431625 0.300000
53269 19.794180 -71.452901 -7.540063 0.600000
53270 19.593210 -71.959485 -8.094359 0.600000
53271 20.104353 -71.891273 -7.587548 0.600000
53272 20.391584 -72.252339 -7.646904 0.600000
53273 20.669639 -71.760307 -7.095348 0.600000
53275 23.910855 -67.770390 -5.621488 0.500000
53277 26.250001 -68.909067 -7.082564 0.500000
53278 25.486498 -69.331069 -6.638762 0.700000
53279 25.861825 -69.581177 -6.829615 0.700000
53280 25.351600 -70.247831 -6.641502 0.600000
53281 26.060042 -69.909502 -6.952893 0.700000
53282 26.353697 -70.096856 -7.067040 0.600000
53283 26.749214 -69.460216 -7.433222 0.700000
54324 33.082984 -68.024136 -11.798185 0.400000
59210 36.299424 -79.141700 -9.928922 0.300000
59211 35.709361 -79.326326 -9.554521 0.300000
59212 36.426063 -78.754259 -9.396542 0.300000
59213 36.532513 -78.303153 -8.702531 0.300000
59214 37.107893 -78.130351 -9.126243 0.300000
59215 37.691532 -77.494620 -8.949088 0.300000
59216 37.597929 -77.873876 -9.548129 0.300000
59217 38.112743 -77.390029 -10.976330 0.300000
59218 38.310960 -77.219955 -10.434819 0.300000
59219 38.637652 -76.764302 -10.826570 0.300000
59224 37.069350 -76.911639 -12.173499 0.300000
59229 28.719455 -77.675608 -12.062092 0.400000
59230 29.495806 -77.247239 -12.231942 0.500000
59231 28.996592 -77.112635 -12.058439 0.500000
59232 28.995674 -75.682013 -11.823754 0.700000
59233 29.497641 -75.838445 -12.005475 0.600000
59234 29.857368 -75.158149 -11.861194 0.700000
59235 30.756687 -74.689763 -11.746135 0.700000
59236 30.299686 -74.474215 -11.582677 0.600000
59237 30.666755 -73.876682 -11.261240 0.400000
59238 29.868380 -74.345068 -11.355297 0.700000
59239 28.547851 -74.723414 -10.678636 0.800000
59240 29.230598 -74.243205 -10.643936 0.600000
59241 29.059911 -74.150438 -10.242140 0.700000
59242 29.518747 -73.545629 -9.860434 0.800000
59243 28.939696 -74.030385 -9.827560 0.700000
62809 22.293000 -75.358236 -8.401185 0.500000
62810 21.880965 -75.935760 -8.343655 0.500000
62811 22.485711 -75.577422 -8.505286 0.500000
62812 22.661904 -75.761138 -8.548205 0.500000
62813 23.178553 -75.129045 -8.587472 0.500000
62814 23.924620 -74.795264 -8.491589 0.600000
62815 23.709885 -74.620642 -8.439538 0.500000
62816 24.698218 -73.590194 -7.592114 0.600000
62817 24.893682 -73.749354 -7.733656 0.600000
62818 25.516781 -73.242770 -7.419524 0.700000
62819 26.250001 -72.840777 -7.368387 0.600000
62820 26.074725 -72.659789 -7.219540 0.700000
62844 18.624148 -57.643257 -7.403087 0.300000
62845 17.852386 -58.318096 -7.528192 0.300000
62846 18.540640 -58.396312 -7.219540 0.300000
62847 18.666361 -60.158897 -6.193134 0.300000
62848 18.206608 -60.096142 -6.737385 0.400000
62849 18.086393 -60.871934 -6.417775 0.400000
62850 17.581673 -61.622261 -6.615933 0.400000
62851 18.024909 -61.708662 -6.098164 0.300000
62852 20.464998 -65.853192 -5.652536 0.300000
62854 20.074070 -66.270646 -6.255230 0.300000
62862 18.896697 -68.850860 -9.174642 0.500000
62864 18.261668 -69.376543 -9.530779 0.500000
62867 17.986366 -70.477022 -9.512515 0.500000
62868 18.525957 -69.906774 -9.096109 0.500000
62869 19.730860 -69.515694 -7.487099 0.600000
62870 19.215129 -69.993175 -7.985691 0.600000
62871 19.619822 -70.000451 -7.373866 0.600000
62872 19.552832 -70.448827 -7.409480 0.600000
62873 20.056634 -69.935877 -6.917280 0.600000
65049 36.678422 -68.974550 -13.177989 0.300000
66399 27.334689 -84.046561 -6.776651 0.300000
66400 27.947693 -83.582723 -6.770259 0.300000
66401 27.772418 -84.010181 -7.348297 0.300000
66402 28.644206 -84.145695 -9.138115 0.300000
66403 28.756162 -83.751887 -8.472412 0.300000
66404 29.227845 -83.517240 -9.070540 0.300000
66405 29.790378 -82.852405 -8.962786 0.300000
66406 29.697693 -83.293506 -9.597440 0.300000
66410 30.303357 -83.375360 -11.604593 0.500000
66411 29.905087 -83.721874 -11.255761 0.400000
66412 30.574987 -83.179820 -11.044818 0.500000
66413 30.742921 -82.895151 -10.490523 0.500000
66414 31.309125 -82.649589 -10.791870 0.500000
66415 32.041427 -82.090255 -10.555358 0.400000
66416 31.823021 -82.354006 -11.128830 0.500000
66417 32.239644 -81.444520 -12.070311 0.500000
66418 32.714080 -81.544563 -11.714174 0.300000
66419 33.045360 -81.040708 -11.882197 0.300000
66420 33.936419 -80.584146 -11.777182 0.300000
66421 33.382145 -80.461365 -12.090400 0.300000
66422 33.739120 -79.854737 -12.328738 0.300000
66423 32.819613 -80.268554 -12.265730 0.400000
66424 30.353829 -80.310390 -12.435580 0.400000
66425 31.279759 -79.887479 -12.431927 0.400000
66426 30.595176 -79.715586 -12.430101 0.400000
66427 30.818171 -79.139881 -12.504067 0.400000
66428 29.906922 -79.532779 -12.450190 0.400000
66432 26.514290 -79.954781 -11.943380 0.400000
66433 27.158496 -80.107575 -12.218245 0.400000
66434 27.422785 -79.510042 -12.122361 0.400000
66435 28.389093 -79.128967 -12.251119 0.400000
66436 27.740299 -78.982540 -12.053874 0.400000
66437 28.117463 -78.532344 -12.014607 0.400000
66438 27.183273 -78.816104 -11.772617 0.500000
66439 25.465391 -78.987087 -10.582753 0.700000
66440 26.194940 -78.587823 -11.043905 0.700000
66441 25.753540 -78.521430 -10.693247 0.700000
66442 26.163739 -78.063049 -10.796435 0.700000
66443 25.408496 -78.365908 -10.349894 0.700000
70045 21.980992 -59.150276 -4.108362 0.300000
70046 22.553619 -59.291247 -3.835323 0.300000
70050 21.435894 -62.639976 -3.350429 0.400000
70051 22.069088 -62.609054 -3.218019 0.400000
70055 23.277662 -63.579476 -3.629860 0.400000
70057 22.660069 -63.745002 -3.570503 0.400000
70058 22.050735 -63.885973 -3.578722 0.400000
70064 22.118642 -65.614907 -5.346623 0.400000
70065 21.730467 -66.005986 -5.889048 0.400000
70066 22.157184 -65.955964 -5.566698 0.400000
70067 22.087441 -66.407069 -5.686324 0.400000
70068 22.566466 -65.915037 -5.262612 0.400000
71816 26.970373 -85.003341 -2.623544 0.300000
71818 26.540902 -84.814167 -3.766835 0.300000
71819 26.386734 -84.620447 -4.297389 0.300000
71820 26.722601 -84.019276 -4.438930 0.300000
71821 26.445465 -84.475838 -4.983181 0.300000
71822 26.626246 -84.315769 -5.621488 0.300000
71823 26.210541 -84.904207 -5.627881 0.300000
75434 18.659937 -56.510946 -6.878926 0.300000
75436 18.725092 -56.653736 -7.148312 0.300000
75437 18.649843 -56.858370 -7.332773 0.300000
75438 19.318826 -56.410903 -7.114525 0.300000
75439 21.241348 -55.504145 -6.460694 0.300000
75440 20.613661 -56.088035 -6.694466 0.300000
75441 21.216571 -56.036194 -6.346547 0.300000
75442 21.070661 -56.680111 -6.209571 0.300000
75443 21.769009 -56.088035 -5.992236 0.300000
79697 29.320530 -82.427675 -6.635110 0.300000
79698 29.578396 -81.913815 -5.973060 0.300000
79761 38.372444 -70.682566 -11.986299 0.300000
79762 38.482565 -70.081395 -12.222810 0.300000
79763 37.935633 -70.606169 -12.079442 0.300000
79764 34.050210 -78.849755 -12.608169 0.400000
79765 34.898139 -78.478684 -12.607256 0.400000
79766 34.199791 -78.317705 -12.690355 0.400000
79767 33.835475 -77.038967 -12.405445 0.400000
79768 34.501705 -77.204494 -12.455669 0.400000
79769 34.692581 -76.562396 -12.242900 0.300000
79770 35.491873 -75.989419 -12.111403 0.300000
79771 34.915575 -75.845721 -12.028305 0.300000
79772 31.198087 -76.300464 -12.344262 0.500000
79773 31.812009 -76.415969 -12.337870 0.400000
79774 32.111170 -75.817527 -12.157975 0.500000
79775 34.086917 -74.031295 -11.481315 0.400000
79776 33.818957 -74.742513 -11.697736 0.300000
79777 34.688910 -74.110420 -11.531539 0.300000
79778 35.325774 -74.256848 -11.632901 0.300000
79779 35.555192 -73.500155 -11.431090 0.300000
79781 35.717620 -72.811674 -11.400042 0.400000
79782 35.397353 -71.351038 -11.602766 0.400000
79783 35.954379 -71.482004 -11.656644 0.400000
79784 36.142502 -70.828993 -11.903200 0.300000
79785 36.806896 -70.470655 -12.287646 0.300000
79786 36.280153 -70.303310 -12.218245 0.300000
79787 36.407709 -69.848566 -12.546987 0.300000
79788 35.674489 -70.204176 -12.224637 0.300000
79789 33.995150 -70.544324 -11.582677 0.400000
79790 34.514552 -70.148697 -12.040176 0.400000
79791 34.063058 -70.058658 -11.937901 0.400000
79792 34.123624 -69.632109 -12.244727 0.300000
79793 33.569350 -69.876760 -11.755266 0.500000
79794 31.472470 -72.664337 -10.617454 0.500000
79795 32.209361 -72.095908 -10.642109 0.400000
79796 31.834951 -72.003140 -10.440298 0.500000
79797 31.921212 -70.504306 -10.485044 0.600000
79798 32.237809 -70.631634 -10.672244 0.500000
79799 32.385554 -70.073210 -10.983636 0.500000
79800 32.813189 -69.668488 -11.379952 0.500000
79801 32.489251 -69.591182 -11.263066 0.600000
79802 32.627819 -69.114611 -11.521494 0.400000
79803 32.169901 -69.437478 -11.113306 0.600000
79804 31.231123 -69.410194 -10.258577 0.600000
79805 31.678029 -69.000015 -10.776346 0.600000
79806 31.388962 -68.815390 -10.520657 0.600000
79807 31.531201 -68.267879 -10.737079 0.500000
79808 31.058601 -68.596203 -10.327978 0.600000
90491 23.464867 -79.038018 -8.472412 0.500000
90492 23.695202 -79.137152 -8.963699 0.500000
90493 23.936550 -78.543258 -9.125330 0.500000
90494 24.608286 -78.197653 -9.616617 0.500000
90495 24.204510 -78.005751 -9.308878 0.600000
90514 24.171474 -76.918005 -9.169162 0.500000
90515 23.833771 -77.419132 -8.853205 0.500000
90516 24.464211 -76.933467 -9.453159 0.600000
90517 24.877164 -77.043514 -9.730763 0.600000
90518 25.266256 -76.474176 -9.868652 0.600000
90519 26.055454 -75.960316 -10.263143 0.700000
90520 25.667279 -75.878462 -9.962709 0.600000
90521 26.538149 -74.696130 -9.447680 0.700000
90522 26.817122 -74.783440 -9.714326 0.700000
90523 27.450315 -74.275947 -9.305225 0.800000
90524 28.388176 -73.862130 -9.231258 0.700000
90525 28.048637 -73.746626 -8.844073 0.700000
90526 25.629654 -74.079498 -8.209418 0.700000
90527 25.822365 -74.264124 -8.456888 0.600000
90528 26.419770 -73.778458 -8.108056 0.700000
90529 28.580887 -72.084084 -7.844150 0.600000
90530 28.063320 -72.822587 -8.012173 0.600000
90531 28.838753 -72.216869 -8.074269 0.700000
90532 29.069088 -72.402405 -8.370137 0.700000
90533 29.514159 -71.602966 -8.255077 0.700000
90534 30.005113 -70.923579 -8.643175 0.700000
90535 29.789460 -70.792613 -8.372876 0.700000
90536 29.809649 -69.384728 -8.984702 0.600000
90537 30.071186 -69.457487 -9.066887 0.700000
90538 30.140011 -68.911795 -9.511602 0.600000
90539 30.490562 -68.395207 -10.043981 0.600000
90540 30.224437 -68.365194 -9.941706 0.600000
90617 16.235449 -59.969724 -7.511755 0.300000
90632 20.590719 -60.585446 -4.399664 0.400000
90633 20.150236 -60.423557 -4.813331 0.300000
90634 19.932748 -61.353053 -4.612433 0.400000
90635 18.836130 -63.779563 -4.797807 0.300000
90636 18.864578 -62.843701 -4.967657 0.300000
90637 18.376377 -63.579476 -5.121983 0.300000
90639 17.917541 -64.312522 -5.265351 0.400000
90684 18.023073 -71.617518 -9.595614 0.500000
90686 18.221290 -72.093179 -9.634880 0.500000
90687 19.328002 -72.909898 -9.332620 0.500000
90699 21.910331 -67.532104 -5.802296 0.600000
90700 21.340457 -68.062335 -6.169392 0.500000
90701 21.828658 -68.056878 -5.820560 0.600000
90702 22.587573 -68.872687 -5.717371 0.600000
90703 21.857106 -68.929075 -5.858000 0.500000
90704 21.889224 -69.395642 -5.883569 0.600000
90705 21.219324 -69.869485 -6.095425 0.600000
90706 21.978239 -69.769441 -5.890874 0.600000
90709 24.923047 -68.507074 -6.153868 0.400000
90710 23.914526 -70.022278 -6.017805 0.600000
90711 23.714473 -69.750342 -5.942925 0.500000
90712 23.081280 -70.287848 -5.923748 0.500000
90713 22.307683 -70.481569 -5.946578 0.500000
90714 22.516912 -70.799889 -6.001368 0.500000
90715 21.978239 -71.392875 -6.347460 0.500000
90716 22.799555 -71.107296 -6.180350 0.500000
90717 24.114578 -71.412883 -6.475304 0.600000
90718 23.241873 -71.718471 -6.402251 0.500000
90719 23.513503 -71.931291 -6.633283 0.600000
90720 22.905087 -72.550651 -6.862489 0.500000
90721 23.721815 -72.311456 -6.825963 0.600000
90722 23.951233 -72.720725 -7.058821 0.600000
90723 24.607368 -72.040429 -6.815918 0.700000
90724 26.859335 -70.512492 -7.196710 0.700000
90725 26.307814 -71.293740 -7.012250 0.700000
90726 27.035528 -70.843545 -7.247848 0.700000
90727 27.186026 -71.140037 -7.278896 0.700000
90728 27.609072 -70.374250 -7.572024 0.700000
90729 27.723781 -67.894989 -9.035839 0.600000
90730 27.665050 -68.580742 -8.447756 0.600000
90731 27.973388 -68.158740 -9.034926 0.600000
90732 28.728632 -67.965020 -9.776422 0.600000
90733 28.439565 -68.395207 -9.167336 0.800000
90734 28.655218 -68.596203 -9.127157 0.700000
90735 28.463425 -69.282866 -8.461454 0.600000
90736 28.858941 -68.759911 -9.006618 0.600000
90737 29.089277 -68.878144 -8.880600 0.600000
90738 29.200315 -68.277883 -9.548129 0.600000
95429 34.641191 -80.446813 -10.853052 0.300000
95431 35.457001 -79.889298 -10.672244 0.300000
95432 36.192974 -79.410908 -10.469520 0.300000
95433 36.839015 -78.870673 -10.306062 0.300000
95434 37.446514 -78.239489 -10.134386 0.300000
95435 37.297851 -78.529615 -10.678636 0.300000
95436 37.574988 -78.041221 -11.107827 0.300000
95437 37.799817 -77.470064 -11.454833 0.300000
95438 37.992528 -76.870712 -11.700476 0.300000
95439 37.429995 -77.589206 -11.873979 0.300000
95440 36.973913 -77.540094 -12.125101 0.300000
95441 36.433404 -77.490982 -12.368918 0.300000
95442 27.713687 -77.338188 -11.488620 0.600000
95443 28.495543 -76.951656 -11.793619 0.500000
95444 27.988988 -76.756117 -11.558021 0.600000
95445 28.236760 -76.153127 -11.620117 0.600000
95446 28.588228 -75.531038 -11.551629 0.600000
95447 29.001180 -74.918044 -11.364429 0.700000
95448 28.273467 -75.372788 -11.295027 0.600000
95449 28.013766 -75.235455 -10.937064 0.600000
95450 27.812796 -75.128136 -10.571795 0.700000
97590 21.537756 -75.458279 -8.436798 0.500000
97591 22.126901 -75.162696 -8.369224 0.500000
97592 22.826167 -74.880755 -8.290691 0.500000
97593 23.507080 -74.496043 -8.228595 0.500000
97594 23.342816 -74.396909 -8.034089 0.400000
97595 23.853960 -73.899419 -7.666081 0.600000
97596 24.441269 -73.399202 -7.382084 0.700000
97611 19.766650 -57.872448 -6.561143 0.300000
97612 19.060042 -58.506360 -6.795828 0.300000
97613 19.516125 -58.627321 -6.286278 0.300000
97614 19.310567 -59.413118 -5.974886 0.300000
97615 19.089408 -60.255302 -5.722850 0.300000
97616 20.820137 -66.217896 -6.509092 0.400000
97617 20.242004 -66.378875 -6.717295 0.400000
97618 20.545753 -66.616251 -7.116351 0.400000
97619 20.095176 -67.059171 -7.795751 0.400000
97620 19.547326 -67.513005 -8.398445 0.500000
97622 19.600551 -67.940464 -8.620346 0.600000
97623 19.520714 -68.343366 -8.744537 0.500000
97624 19.355533 -68.833579 -8.755495 0.600000
97625 19.118773 -69.415651 -8.619433 0.600000
97626 19.655611 -68.950903 -8.176544 0.600000
97627 19.931830 -68.986373 -7.580243 0.600000
97628 20.296146 -69.013658 -6.964765 0.600000
99745 27.630179 -84.460377 -7.952817 0.300000
99749 28.479025 -84.404898 -12.443798 0.500000
99750 28.904825 -84.383071 -11.947032 0.400000
99751 29.173703 -83.910138 -12.244727 0.400000
99752 29.896828 -83.409920 -12.063005 0.400000
99753 30.714474 -82.910612 -11.891329 0.500000
99754 31.549555 -82.478606 -11.707781 0.500000
99755 31.056765 -82.414942 -12.121448 0.500000
99756 31.359597 -81.869250 -12.290385 0.500000
99757 31.661511 -81.268989 -12.359786 0.500000
99758 31.912035 -80.660542 -12.353394 0.400000
99759 30.852124 -81.137113 -12.444711 0.500000
99760 30.078527 -80.924293 -12.508633 0.400000
99761 29.285659 -80.727844 -12.539681 0.400000
99766 25.982040 -79.753784 -11.500491 0.500000
99767 26.330756 -79.149885 -11.434743 0.500000
99768 25.575512 -79.592805 -11.010118 0.400000
99769 25.168983 -79.520046 -10.547139 0.600000
99770 24.754196 -79.322688 -10.128906 0.600000
101932 23.193236 -59.364915 -3.595159 0.300000
101933 23.882407 -59.405842 -3.451791 0.300000
105167 19.973126 -55.924327 -6.849705 0.300000
107723 30.103304 -81.979298 -7.711740 0.300000
107763 32.610383 -78.421387 -12.766148 0.400000
107764 33.495019 -78.153997 -12.725055 0.400000
107765 32.787494 -77.925716 -12.754277 0.300000
107766 32.946251 -77.434594 -12.601777 0.400000
107767 33.160986 -76.833423 -12.395400 0.400000
107768 31.878999 -74.972614 -11.945206 0.500000
107769 32.454379 -75.160877 -11.966209 0.400000
107770 32.736104 -74.447840 -11.714174 0.400000
107771 33.592292 -73.921247 -11.502318 0.400000
107772 34.370478 -73.322805 -11.315117 0.400000
107773 35.127557 -72.698897 -11.312378 0.400000
107774 34.580625 -72.588849 -11.286809 0.400000
107775 34.742135 -71.885816 -11.348905 0.400000
107776 34.879786 -71.230076 -11.507797 0.400000
107777 35.043131 -70.659828 -11.773530 0.400000
107778 34.375066 -71.167322 -11.421958 0.400000
107779 33.902465 -71.124576 -11.279504 0.400000
107780 33.413346 -71.013619 -11.131570 0.400000
107781 30.831936 -72.419685 -9.996497 0.700000
107782 31.479812 -71.859441 -10.201047 0.500000
107783 31.197169 -71.728475 -9.931661 0.600000
107784 31.467882 -71.041813 -10.043068 0.600000
107785 31.654169 -70.350603 -10.302409 0.600000
107786 31.765208 -69.758527 -10.622020 0.600000
107787 31.346749 -70.183257 -10.148996 0.600000
107788 31.065942 -70.026826 -9.973667 0.600000
107789 30.859466 -69.760346 -9.691497 0.700000
114207 21.884636 -76.835242 -7.843236 0.500000
114209 22.169114 -77.033510 -7.894374 0.500000
114214 23.853960 -76.660621 -8.988354 0.500000
114215 24.530284 -76.158584 -9.444940 0.500000
114216 25.405743 -75.719302 -9.717979 0.600000
114217 25.018485 -75.520124 -9.552695 0.500000
114218 25.619560 -74.963519 -9.436722 0.600000
114219 26.298637 -74.512413 -9.099761 0.700000
114220 26.683142 -73.107257 -7.614030 0.700000
114221 26.997903 -73.210029 -7.775662 0.700000
114222 27.528317 -72.556108 -7.572937 0.600000
114223 28.340457 -71.999502 -7.612204 0.600000
114224 28.969980 -71.292831 -7.853281 0.700000
114225 29.548113 -70.644367 -8.124493 0.700000
114226 29.248952 -70.517039 -8.030437 0.700000
114227 29.409544 -69.783993 -8.376529 0.700000
114228 29.544442 -69.246486 -8.834941 0.600000
114284 20.294311 -62.474449 -3.964081 0.300000
114285 19.806109 -62.331660 -4.386879 0.300000
114286 19.770320 -63.269341 -4.222508 0.300000
114287 19.276613 -64.027853 -4.492807 0.300000
114288 18.779235 -64.767265 -4.680008 0.300000
114315 18.883849 -71.532026 -8.520810 0.500000
114316 18.713162 -72.053162 -9.125330 0.500000
114317 19.160986 -72.005868 -8.568295 0.500000
114318 19.502360 -72.431508 -8.649567 0.500000
114319 19.722601 -72.855329 -8.675136 0.500000
114321 20.137389 -72.716177 -8.144583 0.500000
114323 21.045884 -72.412409 -7.090782 0.400000
114324 23.111563 -67.428423 -5.436114 0.400000
114325 22.503147 -67.978662 -5.573090 0.600000
114326 23.171212 -67.860429 -5.530171 0.600000
114327 23.237284 -68.335181 -5.602312 0.600000
114328 23.336393 -68.698975 -5.674452 0.500000
114329 25.702150 -68.413397 -6.673463 0.500000
114330 25.040509 -68.840855 -6.274406 0.600000
114331 25.208443 -69.070046 -6.417775 0.500000
114332 24.689041 -69.721238 -6.262535 0.600000
114333 24.230205 -70.254197 -6.138344 0.600000
114334 23.588752 -70.862644 -6.152955 0.600000
114335 24.534872 -70.561604 -6.402251 0.600000
114336 24.747772 -70.855368 -6.490828 0.600000
114337 24.992790 -71.090925 -6.552924 0.600000
114338 25.253409 -71.360133 -6.763867 0.700000
114339 25.833378 -70.696208 -6.863403 0.600000
114340 26.597798 -70.353331 -7.177534 0.700000
114341 27.268616 -69.842200 -7.549195 0.800000
114346 29.017699 -67.529376 -10.348981 0.500000
114347 29.214998 -67.705816 -10.267709 0.600000
116629 28.042213 -83.188005 -12.775280 0.500000
116630 28.099109 -82.519533 -12.702226 0.400000
122833 35.885554 -78.463223 -8.361918 0.300000
122834 36.607762 -77.945725 -8.140017 0.300000
122835 37.229943 -77.442779 -7.975646 0.300000
122836 37.733745 -76.942561 -7.828626 0.300000
122837 37.671343 -77.217226 -8.385661 0.300000
122838 38.098061 -76.957113 -8.819418 0.300000
122840 37.976928 -77.584659 -10.002889 0.300000
122841 38.454117 -76.910729 -9.870479 0.300000
122856 29.793131 -77.892065 -12.387181 0.400000
122857 30.665837 -77.440960 -12.502241 0.400000
122858 30.039067 -77.389119 -12.336044 0.400000
122859 30.292345 -76.778854 -12.316867 0.400000
122860 30.635554 -76.139485 -12.249292 0.500000
122861 29.212245 -76.493275 -12.056613 0.600000
122862 30.015208 -75.966682 -12.189936 0.500000
122863 30.978763 -75.471922 -12.107751 0.600000
122864 31.231123 -74.814363 -11.880371 0.400000
122865 31.611039 -74.134067 -11.610985 0.400000
122866 31.969849 -73.509250 -11.263066 0.400000
122867 32.291034 -72.920812 -10.923366 0.400000
122868 31.535790 -73.452862 -11.084085 0.400000
122869 31.061354 -73.267326 -10.930672 0.400000
122870 30.691532 -73.160916 -10.642109 0.500000
122871 29.470111 -74.284132 -11.020163 0.700000
122872 29.938123 -73.652039 -10.643936 0.700000
122873 30.393288 -73.033588 -10.294191 0.600000
122874 30.155612 -72.978110 -9.892395 0.600000
122875 29.949135 -72.889889 -9.552695 0.700000
122876 29.807814 -72.725272 -9.217561 0.700000
127868 21.001836 -76.782492 -7.556500 0.600000
127869 21.256949 -76.156765 -8.183850 0.600000
127870 21.435894 -76.393232 -8.025871 0.500000
127871 21.644206 -76.610599 -7.883416 0.500000
127872 22.216833 -76.382318 -8.323565 0.400000
127873 22.850027 -75.982144 -8.634957 0.600000
127874 23.527268 -75.536495 -8.867816 0.600000
127875 24.335737 -75.087209 -8.882426 0.500000
127876 24.130179 -74.921682 -8.693400 0.600000
127877 24.731254 -74.394180 -8.397532 0.600000
127878 25.312140 -73.970359 -8.019479 0.700000
127879 24.288018 -74.206826 -8.079748 0.600000
127880 25.145124 -73.853945 -7.919943 0.600000
127881 25.921474 -73.471051 -7.709913 0.700000
127882 26.508784 -72.947187 -7.465183 0.600000
127883 27.063058 -72.353292 -7.289854 0.600000
127884 27.485187 -71.642074 -7.283462 0.600000
127920 17.065024 -59.039319 -7.596680 0.300000
127921 17.113661 -59.927887 -7.503536 0.300000
127922 18.367200 -59.216669 -7.004944 0.400000
127923 17.710147 -59.992461 -7.219540 0.400000
127924 17.026482 -60.790080 -7.329120 0.300000
127925 17.011799 -61.682287 -7.040558 0.400000
127952 18.369035 -71.039994 -9.062321 0.500000
127953 18.842554 -69.973166 -8.585645 0.600000
127954 18.777399 -70.477931 -8.523550 0.500000
127955 18.785658 -71.001795 -8.533595 0.500000
127956 19.120609 -70.942679 -8.010347 0.500000
127957 19.614316 -70.919032 -7.449659 0.600000
127958 20.171343 -70.895385 -6.951980 0.600000
127970 27.007997 -68.791743 -7.874284 0.500000
130779 37.801653 -68.980007 -12.998094 0.300000
132489 27.766912 -83.142531 -5.622401 0.300000
132490 28.462507 -82.528628 -5.565785 0.300000
132491 28.169770 -83.107971 -6.175784 0.300000
132492 28.612088 -83.065225 -6.728253 0.300000
132493 29.109466 -82.917888 -7.272504 0.300000
132494 28.251443 -83.926509 -7.929075 0.300000
132495 28.909413 -83.327157 -7.874284 0.300000
132496 29.560043 -82.643223 -7.802144 0.300000
132497 29.971159 -82.414942 -8.327218 0.300000
132498 30.399712 -82.228497 -8.823983 0.300000
132504 29.490299 -84.001086 -10.825657 0.300000
132505 29.622444 -83.606369 -10.253098 0.300000
132506 30.198742 -83.091600 -10.078682 0.300000
132507 30.869560 -82.504981 -9.852215 0.300000
132509 32.186419 -81.693719 -10.004715 0.300000
132510 32.857237 -81.488175 -10.347155 0.300000
132511 33.345439 -81.302640 -10.675897 0.300000
132512 32.301128 -81.989302 -11.464877 0.500000
132513 33.059125 -81.491813 -11.218321 0.400000
132514 33.834558 -81.002509 -11.029294 0.300000
132515 34.320924 -80.615978 -11.352557 0.300000
132516 34.788936 -80.159415 -11.660296 0.300000
132517 35.121133 -79.638280 -12.030131 0.400000
132518 35.383587 -79.092588 -12.294951 0.400000
132519 34.579707 -79.549150 -12.304083 0.400000
132520 33.904301 -79.369071 -12.467541 0.400000
132521 33.181175 -79.131696 -12.623693 0.400000
132522 32.138700 -80.038454 -12.386268 0.400000
132523 32.320399 -79.420003 -12.489457 0.400000
132524 32.458050 -78.917966 -12.681223 0.300000
132525 31.711065 -78.716970 -12.676657 0.400000
132526 30.992528 -78.621474 -12.656567 0.400000
132527 30.289592 -78.519611 -12.566163 0.400000
132528 28.153252 -81.844694 -12.682136 0.400000
132529 28.260619 -81.158032 -12.647436 0.400000
132530 28.483614 -80.519572 -12.536942 0.400000
132533 28.834164 -79.893845 -12.448364 0.400000
132534 29.142502 -79.319050 -12.399966 0.400000
132535 29.343472 -78.820651 -12.395400 0.400000
132536 29.559125 -78.360451 -12.415490 0.400000
132537 28.974568 -78.250403 -12.238334 0.400000
132538 28.424883 -78.144903 -12.046568 0.400000
132539 27.877950 -78.028488 -11.771703 0.500000
132540 26.712507 -78.644211 -11.401869 0.500000
132541 27.051128 -78.288601 -11.401869 0.500000
132542 27.395255 -77.849319 -11.436569 0.600000
132543 26.972208 -77.738362 -11.123351 0.700000
132544 26.539067 -77.476430 -10.855792 0.700000
132545 26.160986 -77.223593 -10.510612 0.700000
137106 21.660724 -58.339014 -4.754888 0.300000
137107 21.007342 -58.959284 -4.861729 0.300000
137108 21.469848 -59.073879 -4.441670 0.300000
137109 21.257866 -59.862404 -4.221595 0.300000
137110 21.090850 -60.712774 -4.005173 0.400000
137111 22.355402 -60.080681 -3.565938 0.300000
137112 21.666230 -60.840102 -3.599725 0.300000
137113 20.885291 -61.701386 -3.764096 0.400000
137114 20.831149 -62.583588 -3.614336 0.400000
137115 20.805454 -63.435777 -3.593333 0.300000
137116 20.815548 -64.179737 -3.804276 0.300000
137123 21.997510 -63.329367 -3.332166 0.400000
137124 21.419376 -64.065141 -3.653602 0.400000
137128 20.952281 -65.602174 -5.426983 0.400000
137130 21.465260 -65.450289 -5.281788 0.400000
137131 21.122968 -65.812265 -5.895440 0.400000
137132 21.310173 -66.103301 -6.245185 0.400000
137133 21.376246 -66.456182 -6.483523 0.400000
137134 21.293655 -66.965494 -6.606801 0.600000
137135 21.164264 -67.501182 -6.602235 0.600000
137136 21.599240 -66.940938 -6.160260 0.500000
137137 21.985580 -66.940938 -5.759377 0.500000
137138 22.475617 -66.950033 -5.485426 0.400000
137141 23.128081 -66.910015 -5.320141 0.400000
139274 27.821055 -82.755090 -4.583211 0.300000
139295 27.179602 -83.837379 -2.843618 0.300000
139296 26.744626 -84.945133 -3.207061 0.300000
139297 26.920819 -84.399442 -3.272809 0.300000
139299 27.125459 -83.572718 -3.941251 0.300000
139300 27.234662 -83.419925 -4.510158 0.300000
139301 27.388831 -83.254398 -5.121983 0.300000
139302 27.154825 -83.740064 -5.628794 0.300000
139303 26.928160 -84.146604 -6.231487 0.300000
143721 17.908364 -57.328575 -7.451485 0.300000
143722 18.656267 -57.163958 -7.424090 0.300000
143723 19.373886 -57.093018 -7.192145 0.300000
143724 19.967620 -56.214454 -6.934630 0.300000
143725 19.996985 -56.591891 -6.934630 0.300000
143726 19.951102 -57.136673 -6.794915 0.300000
143727 20.455821 -57.262182 -6.383074 0.300000
143728 20.952281 -57.391329 -5.917356 0.300000
143729 21.454248 -57.499558 -5.474468 0.300000
143754 22.291165 -56.136238 -5.597746 0.300000
148872 29.259046 -82.019315 -5.373105 0.300000
148953 35.590064 -78.545077 -12.451104 0.400000
148954 35.741479 -78.002113 -12.501328 0.300000
148955 35.843341 -77.400943 -12.449277 0.300000
148956 34.331936 -77.793841 -12.638304 0.400000
148957 35.195465 -77.289076 -12.509547 0.400000
148958 35.950709 -76.766121 -12.337870 0.300000
148962 31.567908 -76.970755 -12.494023 0.400000
148963 32.475486 -76.573310 -12.377137 0.500000
148964 33.383063 -76.178593 -12.178065 0.400000
148965 32.958181 -75.319128 -11.945206 0.400000
148966 33.618905 -75.463736 -11.965296 0.300000
148967 34.262193 -75.626534 -11.975341 0.300000
148968 35.104615 -75.035368 -11.850236 0.300000
148969 35.919508 -74.521508 -11.821928 0.300000
148973 37.146435 -71.749393 -11.748874 0.300000
148974 35.836000 -72.116826 -11.490446 0.400000
148975 36.528842 -71.648440 -11.736090 0.300000
148976 37.243708 -71.154589 -11.943380 0.300000
148977 37.403383 -70.555237 -12.178065 0.300000
148978 37.552964 -70.009545 -12.440145 0.300000
148980 37.078527 -69.511147 -12.799022 0.300000
148981 36.544442 -69.411103 -12.859291 0.300000
148983 35.150499 -70.198719 -12.145191 0.300000
148984 35.216571 -69.804002 -12.472106 0.300000
148986 34.765077 -69.321064 -12.641043 0.300000
148987 34.196120 -69.208288 -12.494936 0.400000
148988 33.728108 -68.963636 -12.324173 0.400000
148989 32.599371 -72.235059 -10.779998 0.400000
148990 32.831542 -71.540211 -10.832049 0.400000
148991 32.994888 -70.868101 -11.000073 0.500000
148992 32.070792 -71.306473 -10.475912 0.500000
148993 32.590195 -70.757143 -10.846660 0.500000
148994 33.101338 -70.279663 -11.265806 0.500000
148995 33.177505 -69.786721 -11.569892 0.400000
148996 33.260095 -69.311969 -11.864847 0.400000
148997 33.369298 -68.854498 -12.124188 0.400000
148998 33.130703 -68.698066 -11.888589 0.500000
148999 32.826954 -68.618941 -11.740656 0.400000
149000 32.558994 -68.357918 -11.516015 0.400000
149001 31.916624 -69.191917 -10.923366 0.600000
149002 32.101076 -68.644406 -11.168097 0.400000
149003 32.331411 -68.109628 -11.294114 0.400000
149004 32.038674 -67.824049 -11.069474 0.400000
149005 31.716571 -67.608501 -10.900537 0.500000
149006 31.384374 -67.372035 -10.831136 0.500000
161837 24.118249 -79.882022 -9.646752 0.600000
161838 24.355008 -79.304498 -9.733503 0.600000
161839 23.529104 -79.829272 -8.750930 0.500000
161840 24.031988 -79.257205 -9.318923 0.600000
161841 24.629392 -78.789729 -9.846736 0.600000
161842 25.006555 -78.304972 -9.979146 0.600000
161843 25.320399 -77.762918 -10.127993 0.700000
161844 25.622313 -77.201765 -10.268622 0.700000
161868 23.912691 -77.912074 -8.914387 0.600000
161869 24.481647 -77.542823 -9.538997 0.700000
161870 25.196513 -77.098993 -9.979146 0.700000
161871 26.019665 -76.633336 -10.367244 0.700000
161872 26.414264 -76.090373 -10.468607 0.700000
161873 26.885029 -75.563780 -10.471346 0.700000
161874 27.457657 -75.064472 -10.327978 0.700000
161875 26.196776 -75.300029 -10.003802 0.700000
161876 27.186026 -74.908949 -10.024805 0.700000
161877 28.119298 -74.545155 -9.897874 0.800000
161878 28.660724 -73.963993 -9.511602 0.600000
161879 29.122313 -73.313710 -9.172815 0.600000
161880 29.545360 -72.607949 -8.930825 0.700000
161881 25.212114 -74.737966 -8.789283 0.700000
161882 26.072890 -74.375081 -8.755495 0.700000
161883 26.936419 -74.058580 -8.678789 0.600000
161884 27.258522 -73.338266 -8.035916 0.700000
161885 27.523729 -73.481056 -8.311694 0.700000
161886 27.777924 -73.673867 -8.574687 0.700000
161887 28.585475 -73.110895 -8.568295 0.600000
161888 29.317777 -72.472435 -8.659612 0.700000
161889 29.931700 -71.804872 -8.876034 0.700000
161890 30.249214 -71.015438 -8.960046 0.700000
161891 30.485056 -70.234189 -9.213908 0.700000
161892 30.587835 -69.660303 -9.531692 0.700000
161893 29.961065 -70.083214 -8.669657 0.700000
161894 30.338228 -69.538431 -9.232171 0.700000
161895 30.674096 -69.071865 -9.890569 0.600000
161896 30.757604 -68.489793 -10.253098 0.600000
161897 30.926456 -67.917726 -10.504220 0.500000
162008 19.626246 -60.312600 -5.267177 0.300000
162009 19.030677 -61.043827 -5.433375 0.300000
162010 19.385816 -62.069728 -4.795067 0.300000
162017 18.770058 -65.700398 -4.809678 0.300000
162073 18.550735 -72.578845 -9.798338 0.500000
162088 20.944022 -68.102352 -6.572101 0.600000
162089 20.784348 -68.513440 -6.536487 0.600000
162090 20.680651 -69.019115 -6.520050 0.600000
162091 21.831411 -68.502526 -5.790425 0.500000
162092 21.208312 -68.990011 -6.136517 0.500000
162093 20.609072 -69.470220 -6.498134 0.600000
162094 20.560436 -69.912230 -6.460694 0.600000
162095 20.636602 -70.384254 -6.454301 0.600000
162096 20.800866 -70.817170 -6.504526 0.600000
162098 24.078789 -68.487975 -5.806862 0.500000
162099 23.415312 -69.117339 -5.751159 0.500000
162100 24.329314 -69.138257 -6.016892 0.500000
162101 23.576823 -69.402918 -5.843389 0.600000
162102 22.741741 -69.640294 -5.770335 0.500000
162103 22.106713 -70.160520 -5.885395 0.500000
162104 21.552439 -70.668014 -6.159347 0.500000
162105 21.068826 -71.200973 -6.568448 0.600000
162106 21.290902 -71.596600 -6.650633 0.600000
162107 21.520320 -71.882178 -6.670723 0.500000
162108 21.629523 -72.197770 -6.771172 0.500000
162109 23.005113 -71.401969 -6.310933 0.500000
162110 22.410462 -71.953118 -6.561143 0.500000
162115 23.348322 -73.400111 -7.372953 0.600000
162116 24.240299 -73.064511 -7.194884 0.600000
162117 25.136865 -72.728001 -7.122743 0.700000
162118 25.469062 -71.727566 -6.893537 0.700000
162119 25.749869 -72.024058 -6.987594 0.700000
162120 26.011406 -72.376939 -7.076172 0.700000
162121 26.673965 -71.894002 -7.149225 0.600000
162122 27.347536 -71.372866 -7.198537 0.600000
162123 27.928422 -70.788975 -7.494405 0.600000
162124 27.342948 -69.030028 -7.902593 0.600000
162125 27.513635 -69.209197 -7.940033 0.800000
162126 27.742135 -69.406556 -8.012173 0.800000
162127 28.203724 -68.259693 -9.183773 0.600000
162128 28.109203 -68.849950 -8.577427 0.800000
162129 27.957788 -69.582087 -8.032263 0.800000
162130 28.052308 -69.818553 -8.000302 0.800000
162131 28.234007 -69.995903 -7.899853 0.700000
162132 28.509308 -70.151425 -7.817668 0.700000
162133 28.906660 -69.570263 -8.313520 0.600000
162134 29.253540 -69.030028 -8.851379 0.600000
162135 29.651810 -68.647135 -9.415719 0.600000
162136 29.479287 -67.831325 -10.139865 0.600000
162137 29.727976 -68.023227 -10.032110 0.600000
162138 29.998690 -68.218766 -9.996497 0.600000
