#!ascii label, from file  /biac2/kgs/3Danat/FreesurferSegmentations/fsaverage-bkup/label/CBA/cROIs/averages/label/MPM_rh.label 
1228
6 19.561091 -89.786330 4.839813 0.400000
84 13.071316 -59.969724 -2.717601 0.300000
88 23.609859 -86.168393 -12.587166 0.700000
617 15.630703 -82.394024 -6.114601 0.500000
618 22.043393 -74.315964 -7.871545 0.500000
619 12.654693 -69.582996 -5.042537 0.500000
686 22.697693 -86.703171 2.817136 0.300000
687 25.307552 -87.355273 -0.117799 0.500000
979 26.803357 -86.144746 -9.954491 0.400000
983 24.197169 -81.213510 -10.313367 0.600000
1378 12.744625 -79.724681 -8.812112 0.600000
1379 18.381883 -77.762009 -7.139181 0.700000
1380 18.154300 -76.434158 -10.885926 0.600000
1524 27.390667 -83.300782 -0.708622 0.300000
1525 25.636996 -87.462592 -5.209648 0.400000
2488 21.674489 -80.262187 -6.412295 0.700000
2494 16.711720 -63.986016 -6.158434 0.600000
2495 16.373099 -68.885420 -8.376529 0.800000
2496 16.576823 -71.707557 -10.779085 0.500000
2606 21.062402 -88.146526 3.660908 0.400000
2899 25.817777 -86.604946 -12.339696 0.400000
2900 28.232172 -84.896931 -12.097706 0.400000
2901 26.132539 -84.483114 -13.161552 0.700000
2902 26.071055 -82.011130 -12.317780 0.600000
2903 24.037494 -83.870120 -11.493186 0.800000
3299 15.393944 -78.619655 -10.276840 0.600000
3300 15.229680 -77.574655 -11.990865 0.600000
3303 10.510095 -62.146125 -4.631610 0.600000
3500 26.235318 -87.502610 -2.229053 0.400000
3502 24.353173 -89.090573 -7.793012 0.400000
5285 24.602780 -86.837775 7.093522 0.300000
5574 20.703592 -83.356260 -7.235977 0.700000
5575 18.739775 -81.748288 -5.823299 0.700000
5576 20.470504 -76.133118 -8.392966 0.600000
5577 21.297326 -76.985307 -7.377519 0.500000
5588 12.573021 -72.131378 -6.050679 0.500000
5593 18.581935 -67.177404 -6.406816 0.400000
5594 18.829707 -67.677622 -8.562816 0.600000
5595 16.002360 -69.642113 -10.054940 0.800000
5842 23.961327 -84.998793 2.167871 0.300000
5843 24.975354 -85.157953 0.750628 0.400000
5844 23.293262 -87.092431 0.852903 0.400000
6371 29.119560 -83.917414 -9.710674 0.300000
7088 13.918327 -80.517753 -6.604062 0.600000
7089 16.700708 -79.741961 -6.325544 0.600000
7090 15.722470 -78.903414 -8.204853 0.500000
7091 17.990955 -77.092627 -9.276917 0.700000
7092 19.969455 -75.136321 -9.108893 0.500000
7097 12.932748 -67.099189 -3.629860 0.500000
7394 27.429209 -83.222566 -2.986986 0.300000
7395 26.616152 -85.304381 -0.105928 0.400000
7396 26.876770 -85.425342 -2.534053 0.300000
7398 25.641584 -86.811400 -7.631380 0.400000
7399 24.771631 -88.115604 -10.145344 0.300000
7958 14.025695 -59.072970 -5.248001 0.300000
8535 11.251573 -59.274876 -1.081196 0.300000
9430 18.202937 -90.238345 7.383911 0.400000
9591 19.325249 -89.524398 8.959133 0.400000
9592 20.679733 -88.743149 6.508179 0.500000
9673 24.060436 -85.911918 4.457194 0.300000
9674 22.622444 -87.531713 5.275396 0.500000
10017 21.286314 -86.164755 -10.943456 0.400000
10018 22.464605 -83.880125 -9.086064 0.600000
10019 23.094127 -81.062535 -8.156454 0.600000
10021 19.811615 -78.967078 -5.712806 0.800000
10022 22.397614 -77.977557 -7.488926 0.600000
10036 12.702412 -61.621351 -6.629630 0.500000
10037 13.691663 -64.299789 -5.700934 0.600000
10038 14.404694 -67.083727 -5.500036 0.600000
10040 16.506162 -67.295638 -6.333763 0.800000
10041 13.821054 -69.309241 -6.807699 0.600000
10042 13.165837 -70.867191 -8.496155 0.600000
10043 13.001573 -72.000412 -10.766301 0.500000
10044 14.318432 -74.817091 -11.948859 0.500000
10045 17.443105 -74.067674 -11.307812 0.600000
10046 19.497772 -73.327352 -9.354536 0.500000
10047 21.209230 -72.710721 -7.166576 0.500000
10286 20.287887 -88.885939 4.204245 0.400000
10288 19.846487 -90.001879 3.597899 0.400000
10579 24.816597 -86.387579 -12.868423 0.700000
10580 26.139880 -85.609059 -13.100369 0.600000
10581 24.962507 -85.255268 -13.067495 0.700000
10582 24.845963 -84.025643 -12.753364 0.800000
10583 23.905349 -85.066095 -12.148843 0.700000
10979 13.734793 -78.586004 -11.694084 0.500000
10980 13.377819 -77.836587 -12.398140 0.600000
10981 11.579182 -61.217539 -2.201658 0.400000
10982 10.310042 -62.147034 -3.319381 0.500000
10983 11.824201 -61.153875 -3.711132 0.400000
13254 18.246985 -83.229842 -6.543792 0.700000
13255 17.075118 -82.109354 -5.967581 0.600000
13256 21.344127 -75.202714 -8.454149 0.600000
13268 12.617987 -70.821717 -5.581309 0.600000
13273 19.910724 -66.773592 -7.326381 0.400000
13275 18.992135 -68.435224 -9.076932 0.500000
13576 23.484138 -85.952845 2.575146 0.400000
13577 23.629130 -86.076535 1.507647 0.500000
13578 22.738071 -86.882340 1.696674 0.400000
14454 27.007080 -85.519019 -8.683355 0.400000
14456 27.946776 -85.127031 -9.894221 0.500000
14464 25.012979 -81.596404 -11.510536 0.700000
14465 26.278448 -80.620525 -12.050221 0.400000
14466 25.307552 -80.248545 -11.127917 0.500000
15653 13.254851 -80.010259 -7.688910 0.600000
15654 14.788280 -79.560973 -7.458791 0.500000
15655 14.303750 -79.293584 -8.473325 0.500000
15656 16.888831 -77.694707 -10.624759 0.700000
15657 16.760357 -77.923897 -9.757245 0.600000
15658 18.052439 -76.789768 -10.012020 0.700000
15659 19.122444 -76.177683 -9.392890 0.600000
15660 19.106844 -75.670190 -10.047634 0.600000
15668 12.394075 -65.923222 -3.574156 0.400000
16252 28.004589 -82.354006 -2.166958 0.300000
16253 27.486104 -83.420834 -1.840955 0.300000
16254 25.238726 -86.366661 0.315958 0.500000
16255 25.877426 -85.198880 0.374401 0.400000
16256 26.134374 -86.341195 -0.077620 0.500000
16257 25.793000 -87.513523 -3.867284 0.300000
16258 26.616152 -86.427597 -2.365116 0.300000
16259 26.164657 -86.392127 -3.756791 0.300000
16260 26.389487 -85.297105 -3.716611 0.300000
16261 25.841637 -86.230238 -4.987747 0.300000
16262 25.807683 -85.957392 -6.331023 0.400000
16263 25.555323 -87.182470 -6.432385 0.400000
16265 24.559649 -88.674028 -9.046797 0.300000
16267 23.974175 -88.316600 -11.234758 0.400000
21418 18.760881 -89.870913 8.182023 0.500000
21618 23.743839 -87.340721 6.090859 0.300000
21620 21.666230 -88.077405 5.897266 0.400000
21621 21.483613 -88.439381 7.356516 0.400000
22477 19.567515 -86.986021 -11.181794 0.500000
22478 20.334688 -86.162936 -10.081422 0.600000
22479 21.960803 -85.147039 -9.903353 0.600000
22480 21.033954 -85.126121 -9.017576 0.500000
22481 21.260619 -81.778301 -6.655199 0.800000
22482 22.118642 -82.233954 -7.460617 0.800000
22483 22.473781 -80.772409 -7.304465 0.600000
22484 23.305192 -79.734685 -8.308041 0.500000
22485 22.692187 -79.359977 -7.453312 0.600000
22486 17.503671 -78.764263 -6.753822 0.600000
22487 18.199266 -79.418184 -5.847042 0.700000
22488 18.971028 -78.291330 -6.252490 0.800000
22490 21.860777 -77.522814 -7.360168 0.500000
22491 22.951888 -76.992583 -8.370137 0.500000
22524 14.913084 -58.538192 -6.388553 0.300000
22525 13.180519 -60.082500 -6.072595 0.400000
22526 14.484531 -59.574097 -6.867968 0.400000
22527 16.453855 -62.513557 -6.996726 0.400000
22528 14.790116 -62.750024 -6.997639 0.400000
22529 15.301259 -64.034219 -6.262535 0.600000
22530 14.334033 -65.703127 -5.179513 0.700000
22531 15.538018 -65.618544 -5.808689 0.700000
22535 17.667934 -68.052330 -7.605812 0.700000
22536 17.501836 -67.432061 -6.315499 0.600000
22537 16.496985 -68.316082 -7.309944 0.800000
22538 15.214080 -68.248780 -6.823223 0.800000
22539 14.997509 -69.189189 -7.641425 0.700000
22540 13.567777 -70.209633 -7.495318 0.600000
22541 14.702019 -69.676673 -8.555511 0.700000
22542 16.117987 -70.490664 -10.452169 0.600000
22543 14.348716 -70.669833 -10.485957 0.600000
22544 14.835082 -71.738479 -11.142528 0.600000
22545 13.648532 -73.250956 -11.542497 0.500000
22546 15.577478 -73.181835 -11.457572 0.600000
22547 15.998689 -74.501500 -11.641120 0.600000
22548 17.033823 -72.920812 -11.053037 0.600000
22552 20.248427 -73.109985 -8.084314 0.500000
23122 22.021369 -87.528985 3.194276 0.400000
23123 22.107630 -87.659951 2.036374 0.400000
23124 21.439565 -88.509411 2.442736 0.300000
23649 26.507866 -86.561291 -11.260327 0.400000
23650 27.652203 -85.622701 -11.151659 0.400000
23651 27.132801 -85.787318 -12.376223 0.500000
23652 27.315417 -84.811439 -12.970699 0.600000
23653 27.364054 -83.690042 -12.922300 0.700000
23654 27.351207 -82.381291 -12.734187 0.400000
23655 26.009571 -83.283502 -12.763408 0.700000
23656 24.912953 -82.836944 -12.070311 0.700000
23657 24.141191 -82.546817 -10.821091 0.700000
24369 14.075249 -79.084402 -9.654057 0.600000
24370 13.972470 -78.973445 -10.693247 0.500000
24371 15.436157 -78.292239 -11.246629 0.600000
24372 16.808076 -77.140829 -11.482228 0.600000
24377 10.341243 -63.825946 -5.015142 0.600000
24728 26.895124 -83.089781 0.115060 0.300000
24730 26.024253 -87.377100 -0.780762 0.400000
24731 25.117594 -88.483946 -2.392511 0.300000
24732 25.041427 -88.507592 -4.064530 0.300000
24733 25.047851 -88.484855 -5.357582 0.300000
24734 25.080887 -88.320238 -6.569361 0.400000
27945 25.131359 -85.860986 6.575753 0.300000
28464 20.134636 -84.707757 -8.156454 0.700000
28465 19.176587 -84.074755 -7.312683 0.700000
28466 19.807027 -82.675055 -6.432385 0.800000
28467 20.297982 -81.093458 -5.800470 0.900000
28468 19.428946 -76.875259 -7.726350 0.500000
28469 19.850158 -77.344554 -6.929151 0.700000
28470 20.820137 -76.533292 -7.706261 0.500000
28492 16.247378 -59.119354 -7.546455 0.300000
28498 19.600551 -66.593514 -6.427819 0.300000
28499 18.704903 -67.350207 -7.618596 0.500000
28500 17.621133 -68.202396 -8.631304 0.700000
28501 16.055585 -69.232844 -9.232171 0.700000
28502 17.489906 -68.724441 -9.397456 0.700000
28503 17.614709 -69.443845 -9.819341 0.700000
28504 17.560567 -70.469746 -9.899700 0.500000
28505 17.693629 -71.585686 -10.064071 0.500000
28992 24.305454 -85.057000 1.278441 0.400000
28993 24.304536 -86.222962 0.752454 0.500000
28994 24.218275 -87.237949 0.258428 0.400000
28995 22.454510 -87.936435 1.159729 0.400000
28996 23.105139 -88.134703 0.353398 0.400000
30224 28.871789 -84.603167 -10.953501 0.400000
30234 27.581542 -80.986139 -12.519591 0.400000
31897 13.234662 -81.890168 -6.072595 0.500000
31898 14.757079 -81.429059 -6.024197 0.600000
31899 16.058338 -80.980682 -5.963015 0.600000
31900 15.304012 -80.163963 -6.454301 0.600000
31901 16.084951 -79.248110 -7.230498 0.600000
31902 16.958574 -78.377731 -7.821320 0.500000
31903 15.432486 -78.738797 -9.221213 0.600000
31904 16.719979 -78.081239 -8.749103 0.600000
31905 18.090981 -77.393667 -8.304388 0.700000
31906 19.294049 -76.517831 -8.697052 0.500000
31907 20.259439 -75.652909 -8.858684 0.600000
31908 20.890797 -74.728871 -8.366484 0.600000
31919 12.918065 -68.369741 -4.226161 0.500000
32685 25.503933 -84.013819 0.818202 0.300000
32686 26.367463 -84.137509 0.316871 0.300000
32687 27.046540 -84.287575 -0.390838 0.300000
32688 26.723519 -86.352109 -0.872079 0.400000
32689 27.033692 -85.398967 -1.173426 0.300000
32690 27.308994 -84.444006 -1.431854 0.300000
32694 26.429864 -84.732314 -6.257969 0.300000
32695 26.163739 -85.712740 -7.545542 0.400000
32696 26.138045 -86.535825 -8.763714 0.300000
32697 25.142371 -88.011922 -7.741874 0.400000
32698 25.368118 -87.615386 -8.897950 0.400000
32699 25.835213 -87.122444 -10.082335 0.400000
32700 25.269009 -87.476235 -11.239324 0.400000
32701 24.445858 -87.478053 -12.170760 0.400000
32702 23.268485 -87.347997 -12.511373 0.600000
35870 10.946906 -60.889214 -1.024579 0.500000
35871 12.297719 -59.698697 -1.772467 0.400000
35897 12.519796 -57.945207 -1.755117 0.300000
38530 19.028841 -90.118293 6.041548 0.400000
38531 18.670950 -90.429337 4.750322 0.400000
39013 20.675145 -88.845921 8.592038 0.300000
39014 20.077740 -89.237910 7.755572 0.500000
39015 19.555585 -89.628080 6.830528 0.500000
39016 20.054799 -89.133319 5.695455 0.400000
39254 23.934715 -85.417157 3.419830 0.300000
39255 23.432748 -86.284807 3.766835 0.400000
39256 24.467882 -86.414864 5.620575 0.300000
39257 23.547457 -86.811400 4.827028 0.400000
39258 22.655480 -87.051504 4.110188 0.400000
39259 21.735973 -87.652675 4.619738 0.400000
39260 20.717358 -88.222923 5.085456 0.400000
40260 21.935108 -87.328898 -12.312301 0.500000
40286 20.656791 -87.131539 -11.785401 0.500000
40287 22.384767 -86.193858 -11.803664 0.400000
40288 22.906922 -85.137035 -11.042992 0.600000
40289 23.282250 -83.959250 -10.299670 0.700000
40290 23.492397 -82.486791 -9.644925 0.800000
40291 21.616676 -83.648206 -8.132712 0.600000
40292 22.827085 -82.401300 -8.468759 0.700000
40293 23.543787 -81.221696 -9.191992 0.500000
40297 17.566990 -80.712383 -5.756638 0.700000
40298 19.217882 -80.220351 -5.560306 0.800000
40299 20.786183 -79.681935 -5.831518 0.700000
40300 20.478763 -77.891156 -6.420514 0.600000
40301 21.273467 -78.549624 -6.303628 0.600000
40302 22.014945 -79.050751 -6.698118 0.600000
40303 23.038149 -78.208567 -7.947338 0.600000
40342 12.271107 -60.666390 -4.967657 0.400000
40343 11.344258 -62.049719 -5.827865 0.500000
40344 11.439696 -63.754097 -5.825126 0.600000
40345 14.484531 -61.097487 -7.237803 0.600000
40346 12.956607 -63.200220 -6.490828 0.600000
40347 12.419770 -64.687230 -4.977702 0.700000
40348 13.313582 -65.636734 -4.400577 0.600000
40349 13.668721 -67.096460 -4.604214 0.600000
40350 13.348453 -68.330633 -5.290007 0.800000
40352 18.421343 -62.692726 -5.303704 0.300000
40353 17.526613 -64.158819 -5.511908 0.300000
40354 18.335999 -66.354319 -5.197776 0.400000
40355 17.487153 -66.052370 -5.450725 0.600000
40356 16.704379 -65.751330 -5.865305 0.600000
40357 15.402203 -67.122835 -6.168478 0.800000
40358 13.955034 -68.294254 -6.261622 0.700000
40359 13.074069 -69.518423 -6.000455 0.600000
40360 13.063975 -70.691660 -6.343808 0.600000
40361 12.838228 -71.636617 -7.255153 0.500000
40362 12.395910 -72.322370 -8.383834 0.500000
40363 14.340456 -70.179619 -9.496991 0.700000
40364 12.893288 -71.351038 -9.547216 0.500000
40369 14.843341 -76.271360 -12.239248 0.500000
40370 16.519927 -75.765686 -11.897721 0.500000
40371 18.038674 -75.279111 -11.542497 0.600000
40372 18.115758 -72.651604 -10.316107 0.500000
40373 18.644337 -73.546539 -10.534355 0.700000
40374 19.105008 -74.712500 -10.588232 0.600000
40375 19.752885 -74.267761 -9.316183 0.700000
40376 20.552177 -73.880320 -8.156454 0.500000
40377 21.618511 -73.514707 -7.439614 0.500000
41006 19.930913 -89.357962 4.522029 0.400000
41007 20.074987 -89.463463 3.880982 0.400000
41008 19.680388 -89.882736 4.206985 0.400000
41299 24.211852 -86.269346 -12.842854 0.700000
41300 24.967095 -85.837340 -13.061103 0.700000
41301 24.330231 -85.684546 -12.806328 0.700000
41302 24.382538 -85.118845 -12.683049 0.700000
41303 23.775957 -85.603602 -12.437406 0.700000
41701 12.347273 -60.602726 -2.487481 0.400000
41702 11.717751 -61.236638 -2.973289 0.400000
41703 12.527137 -60.661843 -3.202495 0.300000
43969 14.972732 -82.537723 -6.301802 0.600000
43973 16.171212 -82.914250 -6.413209 0.500000
43974 16.872313 -82.814207 -6.339242 0.600000
43975 16.345569 -82.254872 -6.090859 0.600000
43976 21.694678 -74.747061 -8.205766 0.500000
43977 21.944285 -74.936234 -8.310781 0.500000
43978 22.348978 -74.473305 -8.029524 0.500000
43980 22.772942 -74.018562 -7.703521 0.500000
43984 12.506031 -69.569354 -4.434364 0.500000
43986 12.408757 -70.167796 -4.863555 0.500000
43987 12.276613 -70.812622 -5.122896 0.600000
43988 12.616151 -70.176891 -5.347537 0.600000
44296 23.089539 -86.347562 2.702077 0.400000
44297 23.089539 -86.401221 2.128604 0.400000
44298 22.638962 -86.738641 2.242751 0.300000
45174 26.917148 -85.864624 -9.288788 0.400000
45175 27.457657 -85.326208 -9.306138 0.400000
45176 27.372313 -85.654533 -9.936227 0.400000
45184 24.591768 -81.384494 -10.952588 0.600000
45185 25.109335 -80.931569 -11.307812 0.600000
45186 24.692712 -80.736030 -10.746211 0.600000
45187 24.869822 -80.119398 -10.603756 0.400000
45188 24.312795 -80.571413 -10.182784 0.600000
46371 12.087572 -80.138497 -8.391140 0.500000
46372 12.390404 -80.318575 -7.768356 0.600000
46373 12.939172 -79.861104 -8.188415 0.600000
46374 13.766912 -79.631004 -8.089793 0.600000
46375 13.522811 -79.492762 -8.621259 0.600000
46376 17.544966 -77.068980 -10.801914 0.700000
46377 17.516518 -77.226321 -10.327065 0.700000
46378 18.154300 -76.650616 -10.458562 0.600000
46379 18.628737 -76.247714 -10.054940 0.600000
46380 18.698480 -76.040351 -10.506047 0.600000
46969 27.423703 -82.689607 -0.509550 0.300000
46971 27.567777 -82.802383 -0.914085 0.300000
46972 27.617331 -82.854224 -1.431854 0.300000
46973 27.476010 -83.388093 -1.218172 0.300000
46974 25.314893 -86.855055 0.108667 0.500000
46975 25.738857 -86.345743 0.137889 0.500000
46976 25.804012 -86.852327 -0.078533 0.500000
46977 25.609466 -87.536261 -4.614259 0.300000
46978 25.982040 -86.965103 -3.827105 0.400000
46979 25.825118 -86.937818 -4.490068 0.300000
46980 25.979287 -86.317549 -4.355832 0.300000
46981 25.707657 -86.880521 -5.099154 0.400000
46982 25.659020 -86.730456 -5.762117 0.300000
46983 25.604877 -87.339812 -5.825126 0.400000
52340 22.087441 -88.208371 7.043297 0.300000
52341 21.885554 -88.336609 7.800317 0.300000
53197 19.448217 -86.527640 -10.281406 0.500000
53198 19.877688 -86.076535 -9.671407 0.500000
53199 20.693498 -85.692731 -9.535345 0.400000
53200 20.229156 -85.538119 -9.111633 0.500000
53201 21.479943 -81.015242 -6.493568 0.800000
53202 21.898401 -81.285360 -6.880753 0.700000
53203 22.092030 -80.515934 -6.853358 0.600000
53204 22.621526 -80.031178 -7.364734 0.500000
53205 22.252622 -79.834729 -6.893537 0.600000
53206 17.921212 -78.264955 -6.924585 0.500000
53207 18.188254 -78.510516 -6.425080 0.500000
53208 18.582853 -78.003023 -6.646981 0.600000
53245 14.719455 -59.014763 -6.649720 0.300000
53246 15.437074 -58.771020 -7.022295 0.300000
53247 16.608941 -63.189306 -6.553837 0.400000
53248 15.837179 -63.311177 -6.700858 0.500000
53249 16.056503 -63.986016 -6.345634 0.600000
53250 15.424227 -64.832748 -5.912790 0.600000
53251 16.150105 -64.834567 -6.005934 0.600000
53255 17.085213 -68.478880 -8.054179 0.700000
53256 17.067777 -68.273336 -7.468836 0.700000
53257 16.463031 -68.692609 -7.835018 0.800000
53258 15.801390 -68.766277 -7.537324 0.800000
53259 15.695858 -69.080960 -8.111709 0.800000
53260 14.883718 -69.492048 -8.108056 0.700000
53261 15.593078 -69.305603 -8.534508 0.800000
53262 16.246461 -71.072735 -10.615627 0.500000
53263 15.430651 -71.059093 -10.799175 0.500000
53264 15.705034 -71.724837 -10.999160 0.600000
53265 15.193891 -72.415137 -11.296854 0.600000
53266 16.111563 -72.404224 -11.151659 0.600000
53267 16.321710 -73.107257 -11.282243 0.600000
53268 16.867725 -72.296904 -10.958980 0.500000
53896 21.512979 -87.808197 3.445399 0.400000
53897 21.645124 -87.946439 2.797960 0.400000
53898 21.203724 -88.318419 3.029905 0.300000
54774 26.183010 -86.634050 -11.891329 0.300000
54775 26.842816 -86.212048 -11.865760 0.400000
54776 26.455559 -86.199315 -12.399966 0.400000
54777 26.150892 -85.037901 -13.214515 0.700000
54778 26.664788 -85.198880 -13.126851 0.600000
54779 26.694154 -84.713214 -13.201731 0.600000
54780 27.380572 -84.260290 -13.040100 0.600000
54781 26.678553 -84.128415 -13.101282 0.700000
54782 26.668459 -83.529972 -12.942390 0.700000
54783 26.098585 -83.951974 -12.983483 0.700000
54784 24.401810 -83.933784 -12.178065 0.800000
54785 24.878081 -83.415377 -12.450190 0.800000
54786 24.433928 -83.326247 -11.832886 0.800000
54787 24.473388 -82.705068 -11.483141 0.800000
54788 24.096225 -83.219838 -11.151659 0.800000
55974 13.170425 -79.216278 -10.347155 0.500000
55976 14.491872 -78.168549 -11.877631 0.600000
55977 14.670818 -78.433210 -11.461225 0.600000
55978 15.394861 -77.988471 -11.637467 0.600000
55979 16.171212 -77.787474 -11.390911 0.700000
55980 16.063844 -77.400943 -11.748874 0.600000
55984 10.355008 -62.117931 -3.964994 0.600000
55985 9.660331 -62.740929 -3.807928 0.500000
55986 9.870477 -62.861891 -4.411535 0.500000
55987 9.899843 -63.719537 -4.578646 0.500000
55988 10.158626 -62.964663 -4.987747 0.600000
56572 26.714342 -82.521352 0.296781 0.300000
56573 26.435370 -83.045216 0.418233 0.300000
56579 24.529366 -88.942327 -4.785023 0.300000
56580 25.038674 -88.513049 -4.743930 0.300000
56581 24.577085 -88.972340 -5.414198 0.300000
56582 24.624804 -88.977797 -5.974886 0.300000
61935 25.147877 -85.811874 7.880676 0.300000
62799 18.877426 -84.653188 -7.895287 0.500000
62800 18.403907 -84.275751 -7.494405 0.500000
62801 18.469979 -82.525899 -6.127386 0.700000
62802 19.028841 -83.010656 -6.468912 0.700000
62803 19.316990 -82.215764 -6.070769 0.700000
62804 20.088752 -81.878345 -6.069856 0.800000
62805 19.562009 -81.429968 -5.805949 0.800000
62806 19.963031 -76.516922 -8.095272 0.500000
62807 20.110776 -76.717918 -7.654210 0.500000
62808 20.617331 -76.357762 -8.038655 0.600000
62855 19.366545 -67.227426 -7.996649 0.500000
62856 19.264683 -67.036434 -7.459704 0.500000
62857 18.755375 -67.456617 -8.046874 0.600000
62858 18.253409 -67.750381 -8.144583 0.600000
62859 18.168065 -67.923183 -8.641349 0.600000
62860 17.559649 -68.404302 -9.021229 0.800000
62861 18.213031 -68.174202 -8.990181 0.600000
62863 18.271762 -68.965455 -9.510689 0.500000
62865 17.578920 -69.914959 -9.857694 0.600000
62866 18.136865 -69.917687 -9.537171 0.500000
63767 24.285265 -84.467653 1.535043 0.300000
63768 24.064106 -85.034263 1.641884 0.300000
63769 23.445596 -86.568567 1.130507 0.500000
63770 23.902596 -86.103819 1.040103 0.500000
63771 23.832853 -86.653149 0.786241 0.500000
63772 24.280677 -86.758650 0.509550 0.400000
63773 23.724568 -87.160643 0.543337 0.400000
63774 21.987415 -88.263850 1.774294 0.400000
63775 22.247116 -87.794555 1.583441 0.400000
63776 22.209492 -88.444838 1.362453 0.400000
63778 22.738071 -88.621278 0.498592 0.400000
66407 27.969717 -85.296195 -11.663949 0.500000
66408 28.263372 -85.141583 -11.043905 0.500000
66409 28.583640 -84.815077 -11.555282 0.500000
66429 26.636340 -82.203032 -12.574382 0.500000
66430 27.367725 -81.717366 -12.599037 0.400000
66431 26.725354 -81.508184 -12.446538 0.400000
69994 13.053881 -80.733301 -6.668897 0.600000
69996 13.525564 -81.131656 -6.253404 0.600000
69997 13.984400 -81.650064 -6.033329 0.600000
69998 14.275302 -80.961582 -6.143823 0.600000
69999 15.016781 -80.739668 -6.144736 0.700000
70000 14.625852 -80.345860 -6.485349 0.500000
70001 15.260881 -79.215368 -7.836844 0.500000
70002 15.419638 -79.411817 -7.329120 0.600000
70003 15.858286 -79.038928 -7.709000 0.600000
70004 16.495150 -78.841569 -7.567458 0.600000
70005 16.274909 -78.696961 -8.045047 0.600000
70006 14.758915 -78.835203 -10.012020 0.500000
70007 14.775433 -78.907962 -9.427590 0.500000
70008 15.442580 -78.678771 -9.778248 0.400000
70009 17.375197 -77.454602 -9.516168 0.600000
70010 16.681437 -77.954820 -9.307965 0.600000
70011 17.341243 -77.574655 -9.033100 0.600000
70012 17.410986 -77.712896 -8.560077 0.600000
70013 18.040509 -77.215407 -8.802980 0.600000
70014 18.692974 -76.947109 -8.503460 0.600000
70015 18.630572 -76.815233 -8.986528 0.700000
70016 19.611563 -75.668371 -9.313444 0.500000
70017 19.729943 -75.849359 -9.097935 0.500000
70018 20.133718 -75.355507 -9.017576 0.500000
70019 20.614578 -75.173610 -8.692487 0.600000
70020 20.413608 -74.894398 -8.711663 0.600000
70039 12.618904 -67.113740 -3.114831 0.500000
70041 12.678553 -67.714911 -3.381477 0.500000
70042 12.686812 -68.338819 -3.665473 0.400000
70043 12.988726 -67.749471 -3.913856 0.500000
71794 27.717358 -82.765094 -2.573319 0.300000
71796 27.857761 -82.683240 -3.152271 0.300000
71797 28.035790 -82.555003 -3.684650 0.300000
71798 27.475092 -83.137074 -3.562285 0.300000
71799 24.882670 -84.528589 1.020013 0.400000
71801 25.265339 -84.568606 0.806331 0.400000
71802 26.286707 -85.251630 0.136063 0.400000
71803 26.118773 -84.653188 0.378053 0.300000
71804 26.511537 -84.722309 0.105928 0.300000
71805 26.741873 -84.213906 -0.010045 0.300000
71806 26.860252 -84.832357 -0.219161 0.300000
71807 26.223388 -87.427122 -1.386195 0.400000
71808 26.428029 -86.869607 -0.800852 0.400000
71809 26.537232 -86.915081 -1.481165 0.400000
71810 26.757473 -85.921922 -2.472870 0.300000
71811 26.883194 -85.903732 -1.738680 0.300000
71812 27.057552 -85.469907 -1.890267 0.300000
71813 27.168590 -84.946952 -1.289399 0.300000
71817 26.217882 -85.137035 -4.260862 0.300000
71824 25.701233 -86.430325 -7.064300 0.500000
71825 25.936157 -85.807327 -6.936456 0.500000
71826 25.865496 -86.281169 -7.602159 0.300000
71827 26.155480 -86.146565 -8.158281 0.400000
71828 25.849896 -86.648602 -8.201200 0.300000
71829 24.736760 -88.734054 -7.170228 0.400000
71830 25.105664 -88.178358 -7.166576 0.300000
71831 24.804668 -88.575804 -7.782967 0.300000
71832 24.607368 -88.442109 -9.616617 0.300000
71833 24.958836 -88.160168 -8.977396 0.300000
71834 25.105664 -87.915517 -9.520734 0.300000
71835 25.576429 -87.383467 -9.473249 0.300000
71836 25.358024 -87.638123 -10.087814 0.300000
71837 25.651679 -87.330717 -10.688681 0.400000
71838 24.998296 -87.784550 -10.682289 0.300000
71839 23.363005 -88.362984 -11.677647 0.400000
71840 24.190745 -87.883684 -11.705042 0.400000
71841 23.625459 -87.909150 -12.076703 0.500000
71842 23.839277 -87.399838 -12.420969 0.500000
71843 23.103304 -87.868223 -12.341523 0.400000
79466 10.654169 -59.751447 -0.693098 0.300000
79467 10.548637 -60.536334 -0.617304 0.400000
79468 11.125852 -60.079771 -0.999010 0.500000
79469 11.638831 -60.363531 -1.419070 0.400000
79470 11.770976 -59.521347 -1.375237 0.400000
79537 13.003409 -58.123466 -2.045506 0.300000
86084 18.748952 -90.231979 6.669810 0.400000
87288 18.908626 -89.586243 9.471422 0.300000
87291 20.287887 -88.945055 9.138115 0.300000
87292 20.002491 -89.216992 8.817591 0.300000
87293 20.369560 -89.062379 8.187502 0.400000
87294 19.706083 -89.403436 8.422188 0.400000
87295 18.489250 -90.059176 7.774748 0.400000
87296 19.199528 -89.741765 7.535497 0.400000
87297 18.938910 -89.987327 7.090782 0.400000
87298 19.297719 -89.918206 6.404077 0.400000
87890 23.716309 -85.876448 3.607030 0.400000
87891 23.764028 -86.103819 4.137583 0.400000
87892 24.918459 -86.384851 6.804960 0.300000
87893 24.906529 -86.172031 6.026937 0.300000
87894 24.612874 -86.663154 6.299062 0.300000
87895 23.158364 -87.481691 5.618749 0.400000
87896 23.622706 -87.130630 5.374932 0.400000
87897 23.092292 -87.240678 5.024274 0.400000
87898 23.070268 -86.927814 4.481849 0.400000
87899 22.596749 -87.277966 4.753975 0.400000
87900 22.182879 -87.422575 4.412448 0.300000
87901 22.138831 -87.564455 5.008750 0.500000
87902 21.119298 -88.375717 6.207745 0.500000
87903 21.161511 -88.127427 5.487252 0.400000
87904 20.737546 -88.511230 5.794078 0.500000
87905 20.371395 -88.655839 5.455291 0.400000
87906 20.381490 -88.915952 6.068943 0.500000
90338 18.122182 -90.544842 4.848945 0.400000
90339 18.829707 -90.551209 4.160413 0.400000
90340 18.266256 -90.704002 4.213377 0.400000
90469 20.447562 -86.596761 -11.050297 0.600000
90470 20.110776 -86.986021 -11.482228 0.500000
90471 20.936681 -86.669520 -11.406434 0.600000
90472 21.534085 -86.704990 -11.756179 0.600000
90473 21.824987 -86.210229 -11.382692 0.400000
90474 22.655480 -85.659080 -11.429264 0.600000
90475 22.151678 -85.683637 -10.937977 0.600000
90476 22.231516 -84.544959 -9.465030 0.600000
90477 22.639880 -84.571335 -10.047634 0.600000
90478 22.861956 -83.933784 -9.660449 0.600000
90479 23.396959 -83.250760 -9.957230 0.800000
90480 23.035396 -83.175273 -9.329881 0.800000
90481 20.420032 -84.058384 -7.661515 0.800000
90482 20.888962 -84.251195 -8.119928 0.600000
90483 21.183535 -83.491774 -7.667907 0.700000
90484 22.634374 -81.658249 -7.784793 0.600000
90485 22.459099 -82.333088 -7.925422 0.800000
90486 22.965653 -81.721004 -8.253251 0.700000
90487 23.268485 -81.781939 -8.797501 0.700000
90488 23.308863 -81.148027 -8.671484 0.700000
90489 23.630965 -80.565956 -9.097022 0.500000
90490 23.398794 -80.491378 -8.658699 0.500000
90496 16.362087 -80.280377 -6.098164 0.600000
90497 16.762192 -80.823340 -5.891787 0.600000
90498 17.107237 -80.177605 -5.984018 0.600000
90499 19.007735 -79.217187 -5.710066 0.800000
90500 18.694809 -79.820177 -5.605964 0.700000
90501 19.478501 -79.570977 -5.577656 0.900000
90502 20.014421 -79.983884 -5.611443 0.900000
90503 20.280546 -79.327235 -5.722850 0.700000
90504 20.620084 -77.131735 -7.065214 0.500000
90505 20.150236 -77.610125 -6.645154 0.700000
90506 20.965129 -77.372749 -6.867055 0.600000
90507 22.105795 -77.775651 -7.430483 0.500000
90508 21.555192 -78.025760 -6.811352 0.600000
90509 21.794704 -78.257679 -6.897190 0.600000
90510 21.605664 -78.806099 -6.479870 0.600000
90511 22.182879 -78.497783 -7.012250 0.600000
90512 22.467358 -78.605103 -7.279809 0.600000
90513 22.717882 -78.113980 -7.630467 0.600000
90610 12.916230 -60.201643 -4.481849 0.300000
90611 13.190614 -59.841486 -5.085456 0.300000
90612 12.863005 -60.799175 -6.338329 0.500000
90613 12.250000 -61.055650 -5.921009 0.400000
90614 11.939827 -61.842356 -6.283538 0.400000
90615 11.261668 -62.891904 -5.968494 0.500000
90616 11.934321 -62.750933 -6.392206 0.500000
90618 15.350813 -60.083409 -7.373866 0.300000
90619 15.453592 -60.966521 -7.443267 0.300000
90620 14.172523 -63.542187 -6.436951 0.500000
90621 13.868773 -62.957387 -6.741951 0.600000
90622 13.346618 -63.756826 -6.084467 0.600000
90623 12.584950 -63.951456 -5.782207 0.700000
90624 13.037363 -64.464406 -5.278136 0.700000
90625 12.883194 -65.131969 -4.631610 0.600000
90626 13.461327 -65.002822 -5.020621 0.800000
90627 14.441400 -66.397974 -5.254393 0.700000
90628 14.067908 -66.416164 -4.836160 0.700000
90629 14.011930 -67.127383 -5.048016 0.700000
90630 13.553094 -67.782213 -4.933870 0.800000
90631 13.838490 -67.757657 -5.426069 0.700000
90638 17.925800 -63.450329 -5.434288 0.300000
90640 19.002229 -66.766316 -5.803210 0.400000
90641 18.889355 -66.397065 -5.270830 0.400000
90642 18.464473 -66.959128 -5.793165 0.500000
90643 16.978763 -67.392043 -6.302715 0.700000
90644 17.448611 -66.826343 -5.789512 0.700000
90645 17.027399 -66.709928 -5.902745 0.700000
90646 17.105401 -65.937774 -5.664407 0.500000
90647 16.565811 -66.617161 -6.014152 0.700000
90648 16.044573 -66.507113 -6.057985 0.700000
90649 16.008784 -67.184680 -6.299062 0.800000
90650 14.496461 -68.741721 -6.919106 0.600000
90651 14.597405 -68.236956 -6.585798 0.600000
90652 13.892633 -68.796290 -6.603148 0.600000
90653 13.452150 -68.845403 -6.190395 0.700000
90654 13.372313 -69.461125 -6.436038 0.600000
90655 13.074069 -70.114136 -6.198613 0.600000
90656 13.367724 -69.952248 -6.617759 0.600000
90657 13.439303 -70.537957 -7.969254 0.600000
90658 13.140142 -70.894476 -7.357429 0.600000
90659 12.947431 -71.248266 -7.885242 0.500000
90660 12.597798 -72.042248 -7.804883 0.500000
90661 12.681306 -71.592962 -8.444104 0.500000
90662 15.945464 -69.446573 -9.686931 0.700000
90663 15.199397 -69.726695 -9.438548 0.700000
90664 15.064500 -69.920416 -9.865913 0.800000
90665 13.645779 -71.284646 -10.626585 0.500000
90666 13.520058 -70.947226 -10.101511 0.600000
90667 12.915312 -71.622975 -10.153562 0.600000
90668 12.371133 -72.103184 -9.514342 0.500000
90669 12.353697 -72.385124 -10.232095 0.500000
90672 14.014683 -73.985821 -11.783575 0.500000
90676 13.694416 -75.663823 -12.207287 0.500000
90677 13.987153 -76.452348 -12.398140 0.500000
90678 14.590981 -75.558323 -12.137885 0.400000
90679 16.739250 -74.267761 -11.550716 0.600000
90680 16.233613 -75.107218 -11.829233 0.500000
90681 17.008128 -74.837100 -11.674907 0.600000
90682 17.296277 -75.538314 -11.758919 0.500000
90683 17.703723 -74.582444 -11.474009 0.700000
90685 17.792738 -72.197770 -10.182784 0.500000
90688 18.868249 -72.975381 -9.882350 0.500000
90689 19.126115 -73.450133 -10.042155 0.600000
90690 18.892108 -74.140433 -10.693247 0.700000
90691 19.313320 -73.901238 -10.033937 0.700000
90692 19.448217 -74.401456 -9.927095 0.700000
90693 19.652858 -73.726617 -9.347231 0.600000
90694 20.665968 -72.933545 -7.582069 0.500000
90695 20.362219 -73.456499 -8.084314 0.500000
90696 20.852255 -73.268236 -7.622249 0.500000
90697 21.022025 -73.718432 -7.698955 0.500000
90698 21.390011 -73.088157 -7.277070 0.500000
92242 20.648532 -88.500316 3.902898 0.500000
92243 20.772418 -88.699494 3.255459 0.300000
92244 20.409020 -89.082388 3.515713 0.400000
92769 25.397483 -86.589485 -12.671178 0.500000
92770 26.065548 -86.165664 -12.776193 0.500000
92771 25.558076 -86.039246 -13.025489 0.600000
92772 25.603042 -85.459903 -13.195339 0.700000
92773 25.554405 -84.858732 -13.189860 0.700000
92774 25.457132 -84.276661 -13.072061 0.700000
92775 24.893682 -84.633180 -12.955175 0.800000
92776 24.380703 -84.521313 -12.499502 0.800000
92777 23.988857 -84.484024 -11.836539 0.800000
93491 13.618249 -78.275869 -12.065745 0.500000
93492 14.364316 -77.703802 -12.216418 0.600000
93493 10.860645 -61.750498 -1.949623 0.400000
93494 10.244887 -62.154310 -2.651852 0.300000
93495 10.956083 -61.747770 -2.756867 0.400000
93496 11.040509 -61.683196 -3.481013 0.500000
93497 11.133194 -61.589519 -4.133018 0.500000
97584 18.012061 -83.861935 -7.042384 0.600000
97585 17.461458 -83.393549 -6.661591 0.600000
97586 17.633063 -82.715982 -6.205919 0.700000
97587 17.867987 -81.998397 -5.900006 0.700000
97588 20.928422 -75.709298 -8.556424 0.600000
97589 21.133980 -75.996695 -8.382008 0.500000
97609 12.271107 -71.513836 -5.371279 0.600000
97610 12.565679 -71.525660 -5.719198 0.500000
97621 18.952675 -68.025955 -8.857771 0.500000
98164 23.725486 -85.487187 2.387945 0.400000
98165 23.798899 -85.541757 1.831824 0.500000
98166 23.507080 -86.013780 2.029069 0.500000
98167 23.169376 -86.500355 1.574309 0.500000
98168 22.970242 -86.998754 1.238262 0.400000
99744 27.055716 -84.996974 -8.058745 0.300000
99746 27.526482 -84.902388 -8.634957 0.400000
99747 28.029366 -84.749594 -9.216647 0.300000
99748 28.551521 -84.524041 -9.807470 0.300000
99762 25.507604 -81.792853 -11.968035 0.600000
99763 26.095832 -81.315373 -12.164367 0.400000
99764 25.581018 -81.127109 -11.769877 0.600000
99765 25.746199 -80.437718 -11.621030 0.400000
101902 12.758390 -80.474098 -7.240543 0.600000
101903 13.531988 -80.206709 -7.088043 0.600000
101904 14.328527 -80.012078 -7.014076 0.600000
101905 14.050472 -79.766517 -7.533671 0.600000
101906 14.574463 -79.396356 -7.951904 0.600000
101907 15.048899 -79.108049 -8.333610 0.500000
101908 16.144599 -78.217662 -10.443951 0.700000
101909 16.108810 -78.322252 -9.980059 0.500000
101910 16.787887 -77.858414 -10.136212 0.700000
101911 17.411904 -77.361835 -9.906092 0.700000
101912 18.028579 -76.938923 -9.654057 0.700000
101913 18.570006 -76.655164 -9.378279 0.700000
101914 18.670032 -76.374132 -9.761811 0.600000
101915 19.140797 -75.907566 -9.683278 0.600000
101916 19.523467 -75.375516 -9.524386 0.600000
101930 12.764814 -66.457091 -3.469141 0.500000
102981 27.897221 -82.382200 -1.619968 0.300000
102982 27.637520 -82.850586 -2.019937 0.300000
102983 27.433797 -83.315334 -2.412601 0.300000
102984 25.130441 -85.802779 0.523248 0.400000
102985 25.441532 -85.172505 0.578951 0.400000
102986 25.606713 -85.801870 0.351571 0.500000
102987 26.020583 -85.763671 0.158892 0.500000
102988 26.390404 -85.802779 -0.077620 0.400000
102989 26.018747 -87.498972 -3.068259 0.400000
102990 26.480336 -86.957827 -2.274712 0.400000
102991 26.197693 -86.960556 -3.092914 0.300000
102992 26.404169 -86.434872 -3.140399 0.300000
102993 26.556503 -85.889181 -3.141313 0.300000
102994 26.641846 -85.376230 -3.142226 0.300000
102995 26.279366 -85.822788 -3.702000 0.300000
102996 26.100420 -85.700917 -4.278212 0.300000
102997 25.970111 -85.602692 -4.938435 0.300000
102998 25.903121 -85.519019 -5.651623 0.400000
102999 25.765470 -86.128375 -5.705500 0.400000
103000 25.652596 -86.575843 -6.415035 0.400000
103001 25.522287 -87.002392 -7.037818 0.400000
103003 24.457788 -88.895943 -8.427667 0.300000
103007 24.334820 -88.251117 -10.716989 0.400000
107586 10.768878 -58.964741 -0.820942 0.300000
111554 17.686288 -90.308376 8.066964 0.500000
112280 19.051783 -89.692653 8.584732 0.500000
112281 18.322234 -89.968228 8.789283 0.500000
112282 17.999214 -90.147396 8.444104 0.500000
112639 24.115496 -87.254320 7.361995 0.300000
112640 24.204510 -87.107892 6.578493 0.300000
112641 23.728239 -87.507157 6.857924 0.300000
112642 23.244626 -87.678141 6.369376 0.300000
112643 22.677504 -87.761813 5.919182 0.400000
112644 22.159938 -87.795464 5.562132 0.500000
112645 22.181044 -88.018288 6.288104 0.400000
112646 21.622182 -88.287497 6.631457 0.400000
112647 21.065155 -88.585808 6.951980 0.400000
114108 17.670687 -90.851339 4.172284 0.400000
114187 19.963949 -86.610403 -10.654894 0.500000
114188 20.818301 -86.155660 -10.532529 0.500000
114189 21.662559 -85.659990 -10.435732 0.400000
114190 21.180782 -85.680908 -9.976407 0.400000
114191 21.545097 -85.159772 -9.387411 0.500000
114192 21.826823 -84.514946 -8.976483 0.600000
114193 21.017436 -82.550455 -6.897190 0.700000
114194 21.461589 -82.784193 -7.331860 0.700000
114195 21.707525 -82.045690 -7.072519 0.800000
114196 22.294835 -81.527283 -7.320902 0.600000
114197 22.788543 -80.980682 -7.742787 0.600000
114198 23.181306 -80.423166 -8.193895 0.500000
114199 22.923440 -80.274920 -7.764704 0.500000
114200 23.022549 -79.569159 -7.900766 0.500000
114201 23.182224 -78.910690 -8.086140 0.500000
114202 17.085213 -79.240834 -6.545619 0.600000
114203 17.459623 -79.582801 -6.128299 0.700000
114204 17.874410 -79.013462 -6.275320 0.600000
114205 18.561747 -78.843388 -6.016892 0.700000
114206 19.326167 -78.654215 -5.927401 0.800000
114208 21.585475 -77.265429 -7.312683 0.500000
114210 22.358155 -77.322727 -7.931814 0.500000
114211 22.657316 -77.489163 -7.940033 0.600000
114212 22.993183 -77.626495 -8.053266 0.500000
114213 23.216178 -77.126278 -8.508026 0.500000
114270 14.369822 -58.763744 -5.843389 0.300000
114271 13.551259 -59.497700 -5.669886 0.300000
114272 14.078002 -59.253048 -6.209571 0.300000
114273 13.776088 -59.826025 -6.487176 0.400000
114274 13.588883 -60.527239 -6.729166 0.500000
114275 16.332722 -61.723214 -7.308117 0.300000
114276 15.503147 -61.825986 -7.374779 0.400000
114277 15.703199 -62.553575 -7.135528 0.400000
114278 15.021369 -63.392121 -6.669810 0.500000
114279 14.464342 -64.159728 -6.019631 0.500000
114280 14.077085 -64.907326 -5.372192 0.700000
114281 14.769009 -64.849119 -5.714632 0.700000
114282 14.891060 -65.626730 -5.562132 0.700000
114283 14.960803 -66.408888 -5.633360 0.700000
114289 18.179995 -67.614867 -7.029600 0.600000
114290 18.051521 -67.382948 -6.386727 0.600000
114291 17.580755 -67.854062 -6.967504 0.700000
114292 17.020058 -67.912270 -6.856097 0.700000
114293 16.470373 -67.879528 -6.773912 0.800000
114294 15.890404 -67.787670 -6.626891 0.800000
114295 15.861956 -68.310625 -7.049690 0.800000
114296 15.163608 -68.745359 -7.220453 0.700000
114297 14.406529 -69.227387 -7.231411 0.600000
114298 13.705428 -69.791269 -7.102654 0.600000
114299 14.222995 -69.657574 -7.583895 0.500000
114300 14.114709 -69.974985 -8.076095 0.700000
114301 13.904562 -70.197809 -8.522637 0.700000
114302 16.005113 -70.005908 -10.294191 0.700000
114303 15.171867 -70.132326 -10.296017 0.700000
114304 15.269140 -70.544324 -10.594624 0.700000
114305 14.593734 -71.090016 -10.869489 0.600000
114306 13.883456 -71.803962 -11.077692 0.500000
114307 13.268616 -72.549741 -11.227453 0.500000
114308 14.262454 -72.436056 -11.386345 0.600000
114309 14.646959 -73.164554 -11.546150 0.600000
114310 14.934190 -73.977635 -11.690431 0.600000
114311 15.191138 -74.668845 -11.787227 0.500000
114312 15.733482 -73.897600 -11.534279 0.600000
114313 16.507080 -73.677505 -11.337947 0.600000
114314 17.206345 -73.471051 -11.189099 0.700000
114320 19.882276 -73.201843 -8.698879 0.500000
114322 20.593472 -72.619772 -7.553761 0.500000
115390 22.354484 -87.094250 2.965070 0.300000
115391 22.263634 -87.096069 2.366942 0.300000
115392 22.032381 -87.559907 2.558709 0.400000
115393 21.814893 -88.103780 2.222661 0.400000
115394 21.644206 -88.689490 1.996195 0.300000
116619 26.667541 -86.384851 -10.628412 0.400000
116620 27.228239 -85.898275 -10.604669 0.400000
116621 27.055716 -86.105638 -11.238411 0.400000
116622 27.395255 -85.769128 -11.786314 0.400000
116623 27.665050 -85.368045 -12.265730 0.500000
116624 26.609728 -85.721835 -12.816372 0.600000
116625 27.242004 -85.318023 -12.745145 0.600000
116626 27.801783 -84.889655 -12.614561 0.600000
116627 27.931175 -84.373976 -12.744232 0.500000
116628 28.019272 -83.799180 -12.782585 0.400000
116631 27.356713 -83.046126 -12.836462 0.600000
116632 26.662035 -82.913341 -12.757929 0.500000
116633 26.026089 -82.648680 -12.530549 0.700000
116634 25.431437 -83.645477 -12.830070 0.700000
116635 25.439696 -83.017931 -12.533289 0.700000
116636 25.502098 -82.423127 -12.211852 0.600000
116637 24.959754 -82.230316 -11.759832 0.700000
116638 24.530284 -82.042052 -11.199144 0.700000
116639 24.173309 -81.878345 -10.533442 0.600000
118298 12.500525 -79.624637 -9.430330 0.600000
118299 13.397090 -79.370890 -9.257740 0.600000
118300 13.292475 -79.267209 -9.840344 0.600000
118301 14.033036 -79.023467 -10.208352 0.600000
118302 14.725879 -78.804280 -10.522484 0.500000
118303 13.902727 -78.794276 -11.204623 0.500000
118304 14.708443 -78.675133 -10.984549 0.500000
118305 15.366414 -78.555081 -10.758082 0.600000
118306 16.191400 -78.055773 -10.952588 0.700000
118307 16.871395 -77.490982 -11.103261 0.700000
118308 17.479812 -76.857979 -11.196405 0.600000
119137 27.105271 -82.612300 -0.076706 0.300000
119138 27.223650 -83.186187 -0.275778 0.300000
119140 25.706739 -87.352544 -0.351571 0.400000
119141 25.451626 -87.963719 -0.842858 0.400000
119142 25.755375 -88.008284 -1.384369 0.400000
119143 25.787494 -88.038297 -2.213530 0.400000
119145 25.143288 -88.500316 -3.214366 0.300000
119146 25.671867 -88.044664 -3.081043 0.300000
119147 25.487415 -88.032840 -3.938512 0.300000
119148 25.392895 -88.024655 -4.656265 0.300000
119149 25.392895 -87.940982 -5.290920 0.300000
119150 25.398401 -87.850943 -5.921922 0.300000
119151 25.062533 -88.423010 -5.933793 0.300000
119152 24.678029 -88.872296 -6.567535 0.400000
119153 24.281595 -89.232453 -7.153791 0.400000
126646 25.286445 -85.572679 7.086217 0.300000
126647 25.096487 -86.099272 7.353776 0.300000
126648 24.766125 -86.550377 7.626815 0.300000
127854 19.823545 -85.312566 -8.695226 0.500000
127856 19.659282 -84.438549 -7.720871 0.600000
127857 19.942843 -83.801909 -7.267025 0.800000
127858 18.725092 -83.690042 -6.976636 0.700000
127859 19.494101 -83.439933 -6.850618 0.700000
127860 20.254851 -83.060677 -6.838747 0.800000
127861 20.582460 -82.237592 -6.440604 0.800000
127862 20.804536 -81.470895 -6.185829 0.700000
127863 21.020189 -80.702379 -6.081727 0.800000
127864 18.889355 -77.287257 -7.398521 0.600000
127865 19.050866 -77.503715 -6.921846 0.700000
127866 19.582198 -77.100812 -7.281635 0.600000
127867 20.332853 -76.928010 -7.321815 0.600000
127917 17.106319 -57.856986 -7.511755 0.300000
127918 16.216178 -58.565476 -7.368387 0.300000
127919 17.040247 -58.345381 -7.593940 0.300000
127926 17.098060 -62.410785 -6.638762 0.400000
127927 17.118249 -63.245694 -6.196787 0.300000
127932 19.128868 -66.905468 -6.467999 0.400000
127933 19.691400 -66.672639 -6.883492 0.400000
127934 19.161904 -67.009149 -7.027774 0.400000
127935 18.690221 -67.333836 -7.078911 0.400000
127936 18.226796 -67.663980 -7.701695 0.700000
127937 17.666099 -68.124180 -8.161933 0.700000
127938 16.985186 -68.565281 -8.557337 0.800000
127939 16.218013 -69.030028 -8.819418 0.800000
127940 16.899843 -68.712618 -8.965525 0.800000
127941 16.764028 -68.935442 -9.401108 0.800000
127942 16.763110 -69.204650 -9.758159 0.600000
127943 18.334164 -68.556186 -9.276917 0.500000
127944 17.603697 -69.117339 -9.668668 0.600000
127945 16.798899 -69.522061 -10.002889 0.700000
127946 16.808994 -69.959524 -10.141691 0.600000
127947 16.931962 -70.470655 -10.171826 0.600000
127948 17.026482 -71.079102 -10.342589 0.500000
127949 17.228370 -71.652078 -10.461301 0.500000
127950 17.555978 -71.070916 -9.970015 0.500000
127951 17.991872 -71.035446 -9.506123 0.500000
129156 24.458705 -83.864663 1.527737 0.300000
129157 24.554143 -84.485843 1.258351 0.300000
129158 24.615627 -85.099746 0.984400 0.500000
129159 23.980598 -85.580865 1.358800 0.400000
129160 24.253147 -85.632705 0.972528 0.500000
129161 24.653252 -85.747301 0.712274 0.500000
129162 24.753278 -86.314820 0.515942 0.500000
129163 24.750525 -86.835956 0.279431 0.500000
129164 24.748690 -87.307070 0.044745 0.400000
129165 22.366414 -87.246134 1.853740 0.400000
129166 22.545360 -87.403476 1.383456 0.400000
129167 22.790378 -87.544446 0.964310 0.400000
129168 22.457263 -88.564890 0.936002 0.300000
129169 22.741741 -88.038297 0.752454 0.400000
129170 23.173047 -87.579006 0.621870 0.400000
129171 23.639224 -87.633576 0.283083 0.400000
129172 24.150368 -87.715429 -0.031048 0.400000
129173 24.618380 -87.858219 -0.245643 0.400000
132500 27.829314 -85.413519 -10.520657 0.400000
132501 28.427636 -84.893293 -10.433906 0.500000
132502 29.040640 -84.261200 -10.338936 0.300000
132503 29.260882 -84.267566 -11.433830 0.400000
132531 26.915313 -80.803332 -12.346089 0.400000
132532 27.828396 -80.306752 -12.420056 0.400000
137047 14.505637 -82.117540 -6.141996 0.600000
137048 15.157184 -81.878345 -6.001368 0.600000
137049 15.809649 -81.701904 -5.963928 0.600000
137050 15.399450 -81.190773 -5.975799 0.500000
137051 15.671081 -80.528667 -6.138344 0.600000
137052 15.982171 -79.936591 -6.406816 0.600000
137053 14.990168 -79.816539 -6.919106 0.500000
137054 15.665575 -79.661017 -6.830528 0.600000
137055 16.364840 -79.461839 -6.745603 0.600000
137056 16.782381 -79.033471 -7.006771 0.600000
137057 17.197169 -78.593279 -7.233237 0.600000
137058 17.599109 -78.113071 -7.452399 0.600000
137059 14.143157 -79.175351 -9.042232 0.500000
137060 14.880965 -79.001639 -8.866902 0.600000
137061 15.553619 -78.808828 -8.691573 0.600000
137062 16.064762 -78.382279 -9.529866 0.500000
137063 16.098716 -78.440486 -9.024881 0.500000
137064 16.188647 -78.583275 -8.559163 0.600000
137065 16.821841 -78.212205 -8.329957 0.500000
137066 17.506424 -77.873876 -8.049613 0.600000
137067 18.177242 -77.576474 -7.712653 0.700000
137068 18.742528 -77.117183 -7.981125 0.500000
137069 19.302308 -76.697000 -8.237727 0.500000
137070 19.868511 -76.274089 -8.493415 0.500000
137071 19.192187 -76.364128 -9.086977 0.600000
137072 19.825381 -76.139485 -8.847726 0.500000
137073 20.376901 -75.858453 -8.645002 0.600000
137074 20.799030 -75.446456 -8.655960 0.600000
137075 21.136734 -74.963519 -8.423101 0.600000
137076 21.487284 -74.494224 -8.047787 0.600000
137104 12.604222 -68.926347 -4.031655 0.400000
137105 12.845569 -68.948175 -4.606041 0.700000
139273 28.249607 -82.345821 -4.120233 0.300000
139277 25.724175 -83.479041 0.760672 0.300000
139278 25.689303 -84.609533 0.614565 0.300000
139279 25.922392 -84.093854 0.578038 0.300000
139280 26.177504 -83.580904 0.482155 0.300000
139281 26.640929 -83.625469 0.214595 0.300000
139282 26.974044 -83.690952 -0.143368 0.300000
139283 27.225486 -83.775534 -0.549730 0.300000
139284 26.159151 -86.840503 -0.314131 0.400000
139285 26.460147 -86.349381 -0.379880 0.500000
139286 26.695071 -85.823697 -0.465718 0.400000
139287 26.735449 -86.393946 -1.601704 0.300000
139288 26.909807 -85.832792 -1.006316 0.400000
139289 26.875853 -85.346217 -0.575299 0.400000
139290 27.084164 -84.877831 -0.686706 0.300000
139291 27.269534 -84.355786 -0.841945 0.300000
139292 27.385160 -83.881034 -1.022753 0.300000
139293 27.406267 -83.951974 -1.617228 0.300000
139294 27.311747 -83.921961 -2.238185 0.300000
139304 26.772156 -84.580429 -6.837834 0.300000
139305 26.068302 -85.346217 -6.276233 0.400000
139306 26.301390 -85.204337 -6.901756 0.400000
139307 26.618905 -85.076100 -7.523626 0.400000
139308 26.585868 -85.655442 -8.102577 0.400000
139309 26.520714 -86.015599 -8.722621 0.400000
139310 26.446382 -86.348471 -9.348144 0.500000
139311 25.380965 -87.763632 -6.551098 0.300000
139312 25.358941 -87.592649 -7.102654 0.400000
139313 25.414919 -87.412570 -7.671560 0.300000
139314 24.867987 -88.374807 -8.403011 0.300000
139315 25.212114 -87.823658 -8.326304 0.400000
139316 25.549817 -87.219759 -8.245945 0.500000
139317 25.760881 -87.066056 -8.823070 0.500000
139318 26.012324 -86.849598 -9.429417 0.400000
139319 26.306896 -86.615860 -10.033023 0.400000
139320 26.180257 -86.852327 -10.669504 0.300000
139321 25.947169 -86.989659 -11.311465 0.400000
139322 25.542476 -87.022401 -11.835625 0.500000
139323 24.646828 -87.843667 -11.248456 0.400000
139324 24.936812 -87.454407 -11.758919 0.500000
139325 25.188254 -87.049685 -12.245640 0.500000
139326 24.649581 -86.913262 -12.575295 0.600000
139327 24.034741 -86.847779 -12.694007 0.700000
139328 23.442843 -86.750464 -12.608169 0.700000
143701 13.712769 -59.231220 -2.871014 0.300000
143702 13.336524 -59.916064 -3.352255 0.300000
143708 14.809387 -58.372665 -5.483599 0.300000
148595 10.373362 -61.307578 -0.702229 0.400000
148597 11.291951 -61.192073 -1.575222 0.400000
148598 12.031594 -60.522691 -1.924967 0.400000
148599 12.728107 -59.855128 -2.219009 0.300000
148674 11.417672 -58.420868 -1.160642 0.300000
148676 12.050865 -57.730568 -1.515866 0.300000
148677 11.918721 -58.650059 -1.437333 0.300000
148678 12.436288 -58.816495 -1.753291 0.300000
148679 12.937336 -58.966560 -2.092991 0.300000
148680 13.327347 -59.173923 -2.478349 0.300000
148681 13.935763 -58.373575 -2.667376 0.300000
156550 19.297719 -89.973685 5.447986 0.400000
156551 19.135291 -90.166496 4.763106 0.400000
156552 18.858155 -90.288367 5.380411 0.400000
158000 21.105533 -88.660386 7.966515 0.400000
158001 20.732958 -88.848650 7.540063 0.400000
158002 20.406267 -89.005991 7.079824 0.500000
158003 19.446382 -89.567144 7.969254 0.500000
158004 19.835475 -89.418898 7.251501 0.500000
158005 20.134636 -89.194255 6.618672 0.500000
158006 19.872182 -89.411622 6.173958 0.400000
158007 19.557420 -89.679011 5.837910 0.400000
158008 19.790509 -89.435269 5.293659 0.400000
158718 23.928291 -85.186147 2.798873 0.300000
158719 23.697038 -85.661809 3.007989 0.400000
158720 23.393288 -86.089268 3.185145 0.400000
158721 23.042738 -86.491261 3.336731 0.400000
158722 25.029497 -85.587231 5.905485 0.300000
158723 24.652334 -85.870991 5.446159 0.300000
158724 24.250394 -86.147475 5.020621 0.300000
158725 24.185239 -86.921448 5.837910 0.300000
158726 24.044835 -86.660425 5.212387 0.300000
158727 23.841112 -86.372118 4.626131 0.300000
158728 23.504327 -86.534006 4.283691 0.400000
158729 23.084033 -86.670429 3.915683 0.400000
158730 22.683010 -86.852327 3.435354 0.300000
158731 22.286576 -87.266143 3.690129 0.300000
158732 21.825905 -87.577188 3.965907 0.400000
158733 21.344127 -87.796374 4.194200 0.400000
158734 21.700184 -87.816382 5.226085 0.400000
158735 21.231254 -87.915517 4.816984 0.400000
158736 20.837573 -88.122879 4.377748 0.400000
158737 20.468668 -88.522144 4.679095 0.500000
158738 20.130965 -88.971430 4.997792 0.400000
161656 19.306896 -90.275634 4.156760 0.400000
161657 19.461065 -90.408419 3.579635 0.400000
161735 22.625197 -87.375282 -12.458409 0.600000
161736 22.770189 -86.825042 -12.420969 0.600000
161815 21.294573 -87.189746 -12.063005 0.600000
161816 22.127819 -86.772292 -12.116882 0.500000
161817 22.972995 -86.204772 -12.227376 0.600000
161818 23.186812 -85.641800 -11.949772 0.600000
161819 23.416230 -85.119755 -11.589982 0.600000
161820 23.583246 -84.544959 -11.232019 0.700000
161821 22.408627 -85.143402 -10.479565 0.600000
161822 23.141846 -84.585886 -10.646675 0.700000
161823 23.689696 -83.933784 -10.891405 0.700000
161824 23.761275 -83.274407 -10.568142 0.700000
161825 23.819088 -82.524990 -10.219311 0.800000
161826 23.808994 -81.870159 -9.957230 0.700000
161827 20.560436 -84.935129 -8.604822 0.400000
161828 21.372575 -84.420360 -8.562816 0.600000
161829 22.058994 -83.795542 -8.604822 0.700000
161830 21.865365 -82.922435 -7.761964 0.700000
161831 22.257211 -83.036121 -8.251424 0.800000
161832 22.673834 -83.099785 -8.767367 0.800000
161833 23.170294 -82.449502 -9.036752 0.800000
161834 23.505244 -81.860155 -9.389237 0.700000
161835 23.825512 -81.214420 -9.754506 0.600000
161836 23.923703 -80.527757 -9.602919 0.500000
161845 16.504326 -81.538197 -5.912790 0.600000
161846 17.288936 -81.423602 -5.826039 0.700000
161847 18.124935 -81.253528 -5.706413 0.700000
161848 17.920294 -80.015716 -5.761204 0.700000
161849 18.391060 -80.477736 -5.597746 0.700000
161850 18.977452 -80.947031 -5.642491 0.800000
161851 19.784085 -80.661452 -5.641578 0.900000
161852 20.551259 -80.342222 -5.782207 0.900000
161853 21.233089 -79.979337 -6.096338 0.700000
161854 19.365627 -77.787474 -6.570274 0.800000
161855 19.715260 -78.122165 -6.273493 0.700000
161856 20.114447 -78.421387 -6.014152 0.700000
161857 21.254195 -77.712896 -6.796741 0.600000
161858 20.880703 -78.196743 -6.312760 0.600000
161859 20.578789 -78.716060 -5.954796 0.700000
161860 21.011012 -79.084402 -5.975799 0.700000
161861 21.465260 -79.397266 -6.186742 0.700000
161862 21.847929 -79.642827 -6.497220 0.600000
161863 22.383849 -79.219006 -7.019555 0.600000
161864 22.839015 -78.755168 -7.677039 0.600000
161865 23.405218 -78.298606 -8.311694 0.600000
161866 23.309780 -77.704711 -8.250511 0.500000
161867 23.561222 -77.834768 -8.547292 0.600000
161980 12.692318 -60.509049 -3.875503 0.400000
161981 11.992134 -60.973797 -4.322044 0.500000
161982 11.366282 -61.482200 -4.827028 0.400000
161983 12.673047 -60.364441 -5.551174 0.400000
161984 11.734269 -61.290298 -5.435201 0.400000
161985 10.797326 -62.082461 -5.262612 0.500000
161986 10.662428 -62.963753 -5.498210 0.600000
161987 10.908364 -63.815033 -5.407806 0.500000
161988 11.402072 -64.410746 -5.105546 0.600000
161989 15.336130 -59.359458 -7.255153 0.300000
161990 14.456083 -60.246207 -7.117264 0.400000
161991 13.534741 -61.355781 -6.962025 0.500000
161992 14.609334 -61.976051 -7.221366 0.400000
161993 13.620084 -62.224341 -6.967504 0.500000
161994 12.729025 -62.509919 -6.689900 0.600000
161995 12.149056 -63.482161 -6.170305 0.700000
161996 11.945333 -64.216116 -5.452551 0.700000
161997 11.887520 -64.899141 -4.603301 0.600000
161998 12.382145 -65.302043 -4.242598 0.500000
161999 12.807027 -65.774976 -3.999694 0.500000
162000 13.154825 -66.388880 -3.959515 0.500000
162001 13.848584 -65.678571 -4.798720 0.600000
162002 13.614578 -66.420712 -4.389619 0.600000
162003 13.275040 -67.083727 -4.125712 0.500000
162004 13.308076 -67.748562 -4.417927 0.600000
162005 13.141977 -68.372470 -4.769499 0.700000
162006 13.001573 -68.939080 -5.195950 0.700000
162011 18.959098 -61.925120 -5.151205 0.300000
162012 18.491086 -61.801429 -5.590440 0.300000
162013 17.990037 -62.529019 -5.667147 0.300000
162014 17.545884 -63.334824 -5.799557 0.300000
162015 17.156791 -64.065141 -5.865305 0.300000
162018 18.291951 -65.517591 -4.904648 0.400000
162019 17.935894 -66.907287 -5.712806 0.500000
162020 17.856975 -66.208801 -5.271743 0.500000
162021 17.878999 -65.257478 -5.137507 0.400000
162022 17.520189 -65.129241 -5.416938 0.400000
162023 17.132932 -64.961895 -5.670800 0.500000
162024 16.721815 -64.862761 -5.940185 0.600000
162025 16.169376 -65.703127 -5.945664 0.700000
162026 15.498558 -66.427078 -5.924661 0.700000
162027 14.863529 -67.070085 -5.895440 0.700000
162028 15.320530 -67.703997 -6.518223 0.800000
162029 14.687336 -67.689445 -6.281712 0.800000
162030 14.145910 -67.713092 -5.890874 0.700000
162031 13.578789 -68.333362 -5.809602 0.700000
162032 13.166754 -68.934532 -5.717371 0.600000
162033 12.864840 -69.533884 -5.563045 0.600000
162034 12.822627 -70.205995 -5.743853 0.500000
162035 12.834557 -70.824445 -5.952970 0.500000
162036 12.841899 -71.426526 -6.188568 0.600000
162037 13.307158 -70.457922 -6.899929 0.600000
162038 13.030939 -71.200973 -6.747430 0.600000
162039 12.718013 -71.934019 -6.629630 0.500000
162043 15.348060 -69.519332 -8.962786 0.700000
162044 14.475354 -69.977713 -9.001139 0.700000
162045 13.673309 -70.490664 -9.003878 0.600000
162046 14.265207 -70.377888 -10.054026 0.600000
162047 13.537494 -70.738954 -9.549042 0.600000
162048 12.993314 -71.094563 -8.982875 0.600000
162049 12.480336 -71.782135 -8.995660 0.500000
162062 14.218406 -77.116273 -12.441059 0.500000
162063 15.106712 -76.912548 -12.216418 0.500000
162064 15.421474 -75.403710 -11.964383 0.500000
162065 15.694022 -76.017614 -12.078529 0.500000
162066 15.984924 -76.728832 -12.001823 0.500000
162067 16.740168 -76.516012 -11.825581 0.500000
162068 17.491741 -76.264994 -11.572632 0.500000
162069 18.203855 -75.957587 -11.291375 0.500000
162070 17.394468 -72.205955 -10.616540 0.500000
162071 17.582591 -72.793484 -10.733427 0.600000
162072 17.808338 -73.341904 -10.848486 0.600000
162074 18.371789 -73.123627 -10.416556 0.500000
162075 18.044180 -73.748445 -11.010118 0.700000
162076 18.369953 -74.305960 -11.114219 0.700000
162077 18.602124 -74.995351 -11.120612 0.600000
162078 18.737022 -75.586517 -10.852139 0.600000
162079 19.205952 -75.229089 -10.397379 0.600000
162080 19.500525 -74.958062 -9.790120 0.600000
162081 19.863005 -74.688854 -9.211168 0.600000
162082 19.982302 -73.602927 -8.724448 0.500000
162083 20.085999 -74.044937 -8.664178 0.700000
162084 20.264945 -74.507866 -8.680615 0.600000
162085 20.708181 -74.301412 -8.205766 0.600000
162086 21.226665 -74.185908 -7.875197 0.600000
162087 21.888307 -73.891234 -7.623162 0.500000
162111 21.866283 -72.501539 -6.879840 0.500000
162112 22.104877 -72.845325 -7.032339 0.500000
162113 22.310436 -73.253684 -7.243282 0.500000
162114 22.542607 -73.696604 -7.484360 0.500000
