#!ascii label  , from subject fsaverage vox2ras=TkReg 
268
34 40.411511 -61.596795 6.384900 0.000000
443 39.408496 -67.107374 0.599954 0.000000
1990 43.469193 -65.476665 5.878090 0.000000
1991 39.748952 -64.783636 3.355908 0.000000
1992 42.858942 -69.643022 2.764172 0.000000
4367 43.220504 -68.006856 4.160413 0.000000
4368 43.644469 -70.761691 4.214290 0.000000
5649 39.425932 -66.384332 1.950536 0.000000
5650 37.981516 -62.985581 2.565101 0.000000
8554 41.609073 -63.637683 6.320065 0.000000
8556 41.785266 -65.387535 4.267254 0.000000
8557 41.406267 -67.372035 2.930370 0.000000
8558 41.184191 -68.163288 1.568830 0.000000
8560 42.215654 -70.699846 1.172513 0.000000
9621 38.676194 -60.483583 7.490752 0.000000
9648 40.656529 -62.837335 7.867892 0.000000
9649 42.579052 -64.405289 7.950991 0.000000
10108 38.703724 -61.531312 3.664560 0.000000
12047 44.010620 -69.665760 5.046190 0.000000
13329 39.456215 -66.688101 1.218172 0.000000
13330 38.455953 -65.366617 1.585267 0.000000
18856 42.451495 -64.579911 6.110035 0.000000
18858 42.688255 -65.520320 5.028840 0.000000
18859 42.913084 -69.088236 3.448138 0.000000
18860 42.301915 -67.669437 3.456357 0.000000
18861 42.238595 -68.478880 2.806178 0.000000
18862 41.351207 -67.897718 2.195266 0.000000
18863 42.190877 -68.799928 2.268320 0.000000
18870 41.244757 -70.156882 0.663876 0.000000
21554 40.858417 -63.155655 8.630391 0.000000
21555 41.594390 -63.613127 7.902593 0.000000
21556 41.863268 -63.833222 8.796588 0.000000
22704 40.020583 -63.869602 4.007913 0.000000
22706 39.027662 -63.205677 3.534890 0.000000
22707 37.478632 -61.652274 2.145955 0.000000
22708 37.778711 -61.036551 2.624457 0.000000
26290 44.247379 -66.827252 5.731982 0.000000
26291 43.441663 -66.802696 4.923825 0.000000
26292 43.829838 -68.187844 4.964917 0.000000
26293 43.545360 -69.366539 4.202419 0.000000
26294 43.377426 -70.312405 3.386956 0.000000
28599 39.495675 -65.687665 2.677421 0.000000
28600 38.690876 -64.032400 2.929457 0.000000
28601 38.476141 -64.784545 2.322197 0.000000
28602 37.748428 -63.610398 1.952362 0.000000
32004 39.068957 -67.847696 -0.164371 0.000000
35926 40.917148 -62.697274 6.267101 0.000000
35929 40.904301 -64.202474 4.588691 0.000000
35930 40.821710 -65.147430 3.775054 0.000000
35931 42.630441 -66.669001 4.160413 0.000000
35932 41.566860 -66.410707 3.555893 0.000000
35933 40.551915 -66.066921 3.158663 0.000000
35934 40.381228 -66.887278 2.427212 0.000000
35935 40.338097 -67.326560 1.694848 0.000000
35936 40.236236 -67.670346 1.099459 0.000000
35942 42.708443 -69.952248 2.084772 0.000000
35943 41.934846 -69.255581 1.404459 0.000000
35944 40.857499 -68.860864 0.914085 0.000000
35945 39.926063 -68.412487 0.418233 0.000000
39098 39.040509 -59.951534 6.921846 0.000000
39099 39.716834 -61.117496 7.053342 0.000000
39179 39.625066 -61.841447 7.715392 0.000000
39180 40.623493 -62.297100 7.090782 0.000000
39181 41.332853 -63.231142 7.086217 0.000000
39182 42.176194 -64.100611 7.078911 0.000000
39183 43.130572 -64.874584 6.948328 0.000000
39185 43.788543 -65.226556 7.951904 0.000000
39186 44.293263 -65.809537 6.852444 0.000000
40561 38.302701 -62.267996 3.051822 0.000000
41146 40.152728 -61.022909 6.440604 0.000000
41147 40.005900 -60.646382 6.137431 0.000000
41148 40.218800 -61.178431 6.099077 0.000000
44049 39.476404 -66.884550 0.886690 0.000000
44050 38.964343 -66.226991 1.025492 0.000000
49576 42.973651 -65.053753 5.957536 0.000000
49577 42.637783 -65.008279 5.530171 0.000000
49578 43.095701 -65.511225 5.432462 0.000000
49579 42.897484 -69.449302 3.049082 0.000000
49580 42.592817 -68.773553 3.113004 0.000000
49581 42.591899 -69.072774 2.775130 0.000000
49582 42.284479 -68.708980 2.546837 0.000000
49583 42.581805 -69.229206 2.534053 0.000000
49590 40.991480 -71.120938 0.164371 0.000000
52275 41.333771 -63.499441 8.694313 0.000000
53424 39.853567 -64.338897 3.695608 0.000000
53425 39.455297 -63.581295 3.802449 0.000000
53426 39.317646 -64.013301 3.463662 0.000000
53428 37.479550 -60.647291 2.168784 0.000000
59177 44.054668 -67.515733 5.337492 0.000000
59178 44.190483 -68.222404 5.384977 0.000000
59179 43.828921 -70.244193 4.630696 0.000000
59180 43.774778 -69.491138 4.632523 0.000000
59181 43.633457 -70.085033 4.236206 0.000000
59182 43.431569 -69.921325 3.816147 0.000000
59183 43.514159 -70.579794 3.837150 0.000000
63024 39.411249 -66.095115 2.316718 0.000000
63025 38.937730 -65.259297 2.504831 0.000000
63026 38.877164 -65.661290 2.129518 0.000000
63028 38.067777 -64.534437 1.794383 0.000000
63029 37.710803 -63.893249 1.616315 0.000000
63030 37.396959 -62.932831 1.760596 0.000000
79606 41.293394 -63.225685 6.337415 0.000000
79607 41.017174 -62.997404 5.921009 0.000000
79608 41.316335 -63.506717 5.900919 0.000000
79612 40.874018 -64.683592 4.175023 0.000000
79613 41.308076 -65.292948 4.011566 0.000000
79614 43.333378 -67.500272 4.532987 0.000000
79615 43.042476 -66.769954 4.543945 0.000000
79616 42.956215 -67.323832 4.155847 0.000000
79617 41.871527 -67.535742 3.186058 0.000000
79618 41.980730 -67.043710 3.491057 0.000000
79619 41.469587 -66.898192 3.268243 0.000000
79620 41.071317 -66.253366 3.366866 0.000000
79621 40.929078 -66.714476 3.040864 0.000000
79622 40.405087 -66.507113 2.809831 0.000000
79623 40.876771 -67.154667 2.687466 0.000000
79624 41.271369 -67.975934 1.893006 0.000000
79625 40.829969 -67.627600 1.933186 0.000000
79626 40.749214 -67.750381 1.621794 0.000000
79627 40.312402 -67.451160 1.406285 0.000000
79628 40.685895 -67.865886 1.326839 0.000000
79639 41.876115 -73.025403 1.221824 0.000000
79640 42.178947 -71.434711 1.089414 0.000000
79641 42.431307 -71.787592 1.455597 0.000000
79642 42.546016 -70.978149 1.546001 0.000000
79644 42.514815 -70.237827 1.655581 0.000000
79645 42.366152 -69.569354 1.738680 0.000000
79646 42.092686 -69.992265 1.251046 0.000000
79647 40.738202 -69.904045 0.483068 0.000000
79648 41.076823 -69.488410 0.788981 0.000000
79649 40.593210 -69.242848 0.551556 0.000000
79650 40.379393 -68.663505 0.686706 0.000000
79651 40.157316 -68.967274 0.326916 0.000000
87498 38.643158 -59.638670 7.094435 0.000000
87499 38.849634 -60.235294 7.193971 0.000000
87500 39.361695 -60.531786 6.995813 0.000000
87501 39.190090 -60.832826 7.277983 0.000000
87700 40.179340 -62.549027 8.219463 0.000000
87701 39.648926 -62.084280 8.103490 0.000000
87702 40.151810 -62.354397 7.809449 0.000000
87703 40.106844 -62.048810 7.416785 0.000000
87704 40.597798 -62.610872 7.450572 0.000000
87705 40.976797 -62.756390 7.089869 0.000000
87706 41.042869 -63.043788 7.476141 0.000000
87707 42.119298 -64.025124 7.928161 0.000000
87708 41.967882 -63.869602 7.498970 0.000000
87709 42.418459 -64.301608 7.492578 0.000000
87710 42.626771 -64.493510 7.016815 0.000000
87711 42.814893 -64.653579 7.445093 0.000000
87715 44.608024 -65.879567 8.418535 0.000000
87717 44.401548 -65.690394 7.894374 0.000000
87718 44.053750 -65.509406 7.408566 0.000000
91157 38.284348 -63.565833 2.773304 0.000000
91158 38.455953 -63.158383 3.028079 0.000000
91159 38.133850 -62.624515 2.810744 0.000000
91161 37.974175 -60.763705 2.890190 0.000000
97719 39.430520 -66.530759 1.586180 0.000000
97720 38.898270 -65.905942 1.740506 0.000000
107668 41.986236 -64.092426 6.242445 0.000000
107669 41.663215 -64.001477 5.832431 0.000000
107670 42.098192 -64.512609 5.693629 0.000000
107672 42.230336 -65.536691 4.636175 0.000000
107673 43.059912 -68.525263 3.795144 0.000000
107674 42.809387 -67.822230 3.796057 0.000000
107675 42.602911 -68.360646 3.462749 0.000000
107676 42.208312 -68.145098 3.138573 0.000000
107677 41.806372 -67.935007 2.844532 0.000000
107678 41.374149 -67.705816 2.569667 0.000000
107679 41.861432 -68.200577 2.524921 0.000000
107680 41.804537 -68.259693 2.210790 0.000000
107681 41.714605 -68.431586 1.921314 0.000000
107692 41.753147 -70.426090 0.889430 0.000000
107693 41.372313 -70.798980 0.550643 0.000000
107694 40.849240 -70.535229 0.357050 0.000000
112526 40.743708 -63.016503 8.252338 0.000000
112527 41.120871 -63.235690 7.883416 0.000000
112528 41.221815 -63.384846 8.278820 0.000000
112529 41.736629 -63.752278 8.329957 0.000000
112530 42.266126 -64.130624 8.381095 0.000000
114597 39.222208 -62.751843 3.854500 0.000000
114598 38.844128 -62.365311 3.604291 0.000000
114599 37.713556 -62.288914 2.366942 0.000000
114600 37.835606 -61.991512 2.601628 0.000000
114601 37.600682 -61.333953 2.395251 0.000000
114602 37.671343 -60.349889 2.375161 0.000000
122782 43.936288 -66.106029 5.755725 0.000000
122783 43.504065 -66.127857 5.353929 0.000000
122784 43.831674 -66.813610 5.320141 0.000000
122785 43.683928 -67.499363 4.928391 0.000000
122786 43.540772 -68.176930 4.563122 0.000000
122788 43.681175 -68.815390 4.608780 0.000000
122789 43.408627 -68.679876 4.178676 0.000000
122790 43.274647 -69.241939 3.788752 0.000000
122791 43.183797 -69.760346 3.378737 0.000000
128169 39.624149 -65.244746 3.014382 0.000000
128170 39.189172 -64.433484 3.134007 0.000000
128171 39.068957 -64.860033 2.802526 0.000000
128172 38.588097 -64.410746 2.625370 0.000000
128173 38.187075 -63.906891 2.465565 0.000000
128174 38.444940 -65.118327 1.918575 0.000000
128175 38.043918 -64.239763 2.126778 0.000000
128176 37.845701 -63.315725 2.302107 0.000000
128177 37.554799 -62.649071 2.081120 0.000000
128178 37.310698 -61.961499 1.873829 0.000000
137334 39.268092 -67.515733 0.265733 0.000000
148762 40.648270 -62.168862 6.331936 0.000000
148763 40.494101 -61.925120 6.036069 0.000000
148764 40.745544 -62.472631 5.946578 0.000000
148771 40.394075 -64.492600 3.899245 0.000000
148772 40.277531 -64.966443 3.588767 0.000000
148775 42.239513 -66.022356 4.185068 0.000000
148776 42.510226 -67.178314 3.799710 0.000000
148777 42.138569 -66.546221 3.828931 0.000000
148778 41.741217 -65.898666 3.870937 0.000000
148779 41.242922 -65.787709 3.635339 0.000000
148780 40.696907 -65.612178 3.472794 0.000000
148781 40.153645 -65.433009 3.256372 0.000000
148782 40.015077 -65.877748 2.930370 0.000000
148783 39.914133 -66.303388 2.554143 0.000000
148784 39.903121 -66.639898 2.181568 0.000000
148785 40.862088 -67.453888 2.306673 0.000000
148786 40.377557 -67.174676 2.047332 0.000000
148787 39.913215 -66.880002 1.804428 0.000000
148788 39.870085 -67.010968 1.460162 0.000000
148789 39.890273 -67.187409 1.144205 0.000000
148790 39.826036 -67.462074 0.840118 0.000000
148798 43.264553 -70.599802 3.056387 0.000000
148803 42.237678 -72.427870 1.358800 0.000000
148807 42.999345 -70.395168 2.426299 0.000000
148808 42.792869 -69.770351 2.437257 0.000000
148809 42.491873 -69.350168 2.148694 0.000000
148810 42.094521 -68.972731 1.861958 0.000000
148811 41.617332 -68.653501 1.524084 0.000000
148812 41.586131 -69.729424 1.003576 0.000000
148813 41.377819 -69.047309 1.155163 0.000000
148814 41.078658 -68.459780 1.265657 0.000000
148815 40.566598 -68.252417 1.020927 0.000000
148816 40.105009 -68.056878 0.807244 0.000000
148817 39.730599 -67.824959 0.540598 0.000000
148818 39.512193 -68.146008 0.116886 0.000000
158247 39.091899 -59.085703 6.541966 0.000000
158249 38.848716 -59.385833 6.830528 0.000000
158250 39.224961 -59.636851 6.630544 0.000000
158251 39.463556 -60.196186 6.709076 0.000000
158252 39.815942 -60.786442 6.763867 0.000000
158253 40.139880 -61.373971 6.752909 0.000000
158491 39.023991 -61.686834 8.339089 0.000000
158493 39.107499 -61.199349 7.614030 0.000000
158494 39.622313 -61.492204 7.377519 0.000000
158495 40.161904 -61.753227 7.088043 0.000000
158496 40.532644 -61.985146 6.728253 0.000000
158497 40.839146 -62.473540 6.694466 0.000000
158498 41.172261 -62.974667 6.700858 0.000000
158499 41.534741 -63.441234 6.713642 0.000000
158500 41.505376 -63.453057 7.490752 0.000000
158501 41.776089 -63.655873 7.111785 0.000000
158502 41.918328 -63.867783 6.699032 0.000000
158503 42.301915 -64.331621 6.619586 0.000000
158504 42.833247 -64.729067 6.501786 0.000000
158505 43.332460 -65.160163 6.401337 0.000000
158512 43.460017 -65.064667 7.442354 0.000000
158513 43.694023 -65.325690 6.883492 0.000000
158514 43.876640 -65.662200 6.328284 0.000000
162637 38.811091 -63.651325 3.228064 0.000000
162638 38.655087 -62.785494 3.296552 0.000000
162639 38.490824 -61.896016 3.304770 0.000000
162640 37.981516 -61.650455 2.836313 0.000000
162641 38.189828 -61.357600 3.087435 0.000000
