#!ascii label  , from subject  vox2ras=TkReg 
1932
34 37.165706 -44.407499 -13.855562 0.500000
87 41.297982 -47.259649 -20.834025 0.200000
346 44.629130 -43.280646 -11.290462 0.100000
443 47.418853 -46.944057 -4.217029 0.400000
573 37.746592 -43.750850 -3.765009 0.100000
577 33.680389 -52.339131 -5.469902 0.100000
826 35.882801 -38.768683 -16.914689 0.200000
827 47.858417 -38.955128 -9.165510 0.100000
828 48.882539 -44.469344 1.056540 0.500000
976 32.400237 -57.565041 -13.377060 0.100000
1275 37.894337 -45.049597 -2.156000 0.100000
1276 37.869560 -48.285550 0.383532 0.100000
1404 37.807159 -48.298283 -14.509394 0.100000
1405 31.392633 -53.034889 -16.379570 0.400000
1406 35.436812 -44.324736 -8.638609 0.300000
1780 37.087704 -45.724436 -12.417316 0.200000
1990 39.843472 -47.135959 -1.984323 0.200000
1991 46.780153 -47.091394 1.758770 0.500000
1992 49.910331 -49.066799 3.221672 0.200000
1993 45.047589 -50.999458 -11.836539 0.200000
1994 43.629786 -48.041808 -14.265577 0.100000
2354 37.797064 -42.060115 -8.073356 0.100000
2355 32.624149 -43.182421 -11.414653 0.200000
2363 41.464998 -46.381085 -4.486415 0.100000
2365 38.059518 -48.665715 -7.690737 0.100000
2366 33.956608 -51.866198 -9.107980 0.100000
2367 29.842685 -56.861099 -9.570045 0.100000
2368 36.203068 -54.400937 -4.690966 0.100000
2369 30.403383 -58.225328 -5.757551 0.100000
2518 34.991742 -50.516520 -14.429035 0.400000
2521 39.262586 -46.053670 -26.269226 0.100000
2746 34.514552 -43.188787 -15.941248 0.500000
2747 36.595832 -40.472151 -17.728326 0.500000
2748 34.719193 -45.759906 -15.923898 0.500000
3325 38.101731 -47.066838 -17.954793 0.100000
3326 35.395517 -55.805185 -19.633203 0.200000
3924 34.347536 -49.347830 -13.239171 0.100000
4367 48.063058 -47.044101 5.454378 0.400000
4372 41.285135 -48.342848 -11.004639 0.200000
5237 38.154956 -42.315680 -4.142149 0.100000
5238 38.456870 -40.945084 -6.070769 0.100000
5239 37.771369 -42.897752 -6.386727 0.100000
5240 32.725092 -40.704980 -13.050144 0.200000
5241 31.428422 -42.264749 -9.854042 0.200000
5263 42.305586 -48.354671 -5.432462 0.100000
5267 34.779759 -49.017687 -3.958602 0.100000
5268 35.071579 -49.347830 -6.252490 0.100000
5269 33.207788 -52.038091 -7.178447 0.100000
5270 32.041427 -54.271790 -9.224866 0.100000
5271 31.363268 -54.736538 -7.328207 0.100000
5272 41.380572 -54.008949 -3.773228 0.100000
5273 38.611039 -52.695650 -2.657331 0.100000
5274 37.523598 -55.636020 -5.288180 0.100000
5649 46.351600 -48.349214 -0.496766 0.400000
5650 44.903514 -46.345615 -0.042919 0.400000
5651 34.718275 -53.640607 -12.949696 0.500000
5652 33.859335 -45.775367 -20.460537 0.200000
5653 33.783168 -44.960467 -17.963011 0.300000
5657 41.897222 -37.795532 -22.525220 0.100000
5658 38.700971 -49.789841 -24.571639 0.200000
5659 37.299686 -35.092538 -15.808838 0.100000
6094 41.630179 -43.366137 -11.979907 0.100000
6096 43.804143 -40.462147 -8.771933 0.200000
6097 37.568564 -43.576229 -11.116959 0.200000
6098 47.595046 -44.472982 -0.716840 0.100000
6888 38.968931 -42.952321 -2.400730 0.100000
6905 37.752098 -46.462939 -0.231946 0.100000
6906 35.489120 -50.432848 -2.711208 0.100000
6908 36.457263 -57.877905 -4.800546 0.100000
7134 50.580232 -44.821316 -6.662505 0.200000
7135 32.490168 -55.893405 -13.335967 0.300000
7136 39.078134 -45.067787 -7.417698 0.200000
7137 35.982827 -43.194244 -7.103567 0.300000
7138 34.850420 -47.318766 -22.549875 0.200000
7990 40.361039 -43.710833 -20.533591 0.100000
7991 34.464998 -48.762121 -10.545313 0.100000
7992 39.433273 -44.541194 -14.697507 0.100000
8554 38.942319 -44.481168 -13.814470 0.300000
8555 37.224437 -46.740332 -14.108511 0.500000
8556 47.182093 -45.810837 4.160413 0.400000
8557 41.210803 -49.195946 -15.439916 0.200000
8558 48.781595 -48.319201 -0.706795 0.400000
8560 51.419901 -48.672991 -0.683966 0.100000
8561 49.446907 -46.244662 -4.622478 0.300000
8562 38.999214 -47.687108 -12.327825 0.200000
8563 40.055454 -48.411059 -14.949543 0.100000
8564 42.919508 -45.224218 -16.339391 0.100000
9615 43.304930 -41.706324 -10.022979 0.100000
9617 40.360121 -40.812299 -9.070540 0.100000
9618 40.836393 -41.993722 -10.800088 0.100000
9619 38.041165 -42.623087 -11.330641 0.100000
9620 33.660200 -41.402556 -15.249063 0.200000
9621 34.431962 -43.746303 -13.248303 0.400000
9642 39.298375 -44.806764 -1.433680 0.100000
9645 39.366283 -45.588922 -3.239935 0.100000
9646 39.142371 -46.992260 -6.089033 0.100000
9647 34.373231 -44.370210 -10.465867 0.200000
9648 37.140929 -44.186494 -12.352481 0.300000
9649 43.700447 -47.999062 -5.615096 0.100000
9651 35.255113 -50.447399 -9.602919 0.100000
9652 38.004458 -46.130067 -5.118330 0.100000
9653 36.172785 -50.401925 -7.836844 0.100000
9654 33.495019 -52.295476 -11.190926 0.100000
9655 33.762061 -54.751999 -11.301420 0.100000
9656 31.346749 -57.770585 -10.509699 0.100000
9657 28.610252 -60.107056 -11.631988 0.100000
9658 39.182749 -49.436960 0.596301 0.100000
9659 36.904170 -51.678844 -2.709382 0.100000
9660 35.144075 -54.119906 -4.985920 0.100000
9661 34.531988 -57.552308 -4.726580 0.100000
9662 32.593865 -56.842909 -5.028840 0.100000
9663 31.682617 -55.693318 -5.684497 0.100000
9664 29.196645 -57.354040 -7.330947 0.100000
10108 47.834558 -45.598927 1.340537 0.500000
10109 46.220373 -45.014127 -1.193516 0.400000
10110 45.625722 -42.278391 -4.154934 0.100000
10111 32.354353 -52.902104 -13.652838 0.400000
10112 34.147484 -46.795811 -15.669122 0.200000
10113 37.083116 -44.310184 -15.908374 0.100000
10117 35.170688 -45.109623 -10.644849 0.300000
10118 35.651548 -41.227025 -12.856552 0.200000
10119 37.849371 -44.737643 -24.494932 0.100000
10426 37.165706 -44.407499 -13.855562 0.500000
10427 34.664133 -44.100093 -16.129361 0.500000
10428 34.923834 -45.652586 -15.285590 0.500000
11004 46.324988 -42.372068 -15.134917 0.100000
11005 40.046278 -46.702134 -19.510838 0.100000
11006 41.735711 -45.216033 -20.456885 0.200000
12047 48.543000 -45.694423 -11.926029 0.100000
12917 37.843865 -43.208796 -4.208811 0.100000
12918 38.065942 -42.456651 -5.118330 0.100000
12919 38.007211 -43.396150 -4.926564 0.100000
12920 31.694547 -40.520354 -9.587395 0.200000
12921 38.031988 -44.094636 -5.279962 0.100000
12947 34.298899 -51.385990 -4.764933 0.100000
12948 33.760226 -51.409636 -5.890874 0.100000
12949 33.244495 -52.323670 -6.219616 0.100000
12950 32.452544 -53.251346 -7.501710 0.100000
12951 32.681044 -54.070794 -6.299062 0.100000
12952 40.808863 -54.964819 -3.314815 0.100000
12953 39.859073 -54.482791 -4.651699 0.100000
12954 39.428685 -56.073483 -5.418764 0.100000
13329 47.193105 -48.251899 -2.818963 0.400000
13330 36.254458 -54.736538 -13.006312 0.500000
13331 47.193105 -48.251899 -2.818963 0.500000
13332 35.936944 -44.090089 -22.378199 0.100000
13337 41.418197 -35.684614 -20.903426 0.100000
13338 40.472995 -36.534074 -19.081647 0.100000
13996 40.848323 -44.072808 -12.041089 0.100000
13997 41.962376 -44.759471 -11.184534 0.100000
13998 40.969455 -45.041411 -11.413740 0.100000
13999 38.145779 -40.804114 -18.473474 0.400000
14000 39.022156 -39.488087 -17.913700 0.300000
14001 49.066073 -44.241973 0.419146 0.500000
14002 48.529235 -44.114645 -1.317708 0.100000
14003 47.595046 -44.472982 -0.716840 0.500000
14446 32.869167 -55.374998 -14.076550 0.100000
14447 33.344521 -55.874306 -14.916669 0.100000
14448 33.329838 -57.244902 -14.498436 0.100000
15320 38.788150 -42.245650 -2.982421 0.100000
15348 38.610121 -46.350163 0.642873 0.100000
15349 37.471291 -47.683470 0.102275 0.100000
15350 36.079183 -48.668444 -2.028156 0.100000
15351 36.557290 -49.392395 -1.588007 0.100000
15729 37.385030 -47.998152 -14.159649 0.100000
15730 40.098585 -45.414301 -7.361995 0.300000
15731 37.454773 -48.300102 -15.936682 0.100000
15732 33.363792 -54.892970 -19.072515 0.200000
15733 32.418590 -54.967548 -18.116424 0.200000
15734 35.845176 -44.427508 -8.013086 0.300000
15735 35.139487 -42.540323 -8.615780 0.300000
15736 34.734794 -41.950067 -10.371810 0.300000
17514 45.701889 -40.507621 -7.507189 0.100000
17515 46.068040 -41.077869 -6.614107 0.100000
18856 38.068695 -47.933579 -2.980594 0.200000
18857 38.068695 -47.933579 -2.980594 0.400000
18858 38.383456 -48.434706 -3.419830 0.200000
18859 48.197956 -49.484253 4.158586 0.200000
18860 47.807028 -48.327386 3.750398 0.300000
18861 48.691663 -49.176847 2.595236 0.300000
18862 48.177767 -48.628426 0.441975 0.400000
18863 49.133981 -48.476542 0.326916 0.300000
18869 52.282513 -47.105946 -2.428125 0.200000
18870 50.083771 -46.864023 -3.150444 0.300000
18871 38.923047 -48.687543 -9.883263 0.200000
18872 50.872969 -45.711703 -5.680845 0.300000
18873 39.772811 -48.015432 -10.069550 0.200000
18874 43.089277 -48.009976 -12.053874 0.200000
18875 40.811616 -47.712573 -13.328662 0.100000
18876 41.529235 -48.045446 -14.768735 0.200000
18877 47.218800 -44.034610 -14.971459 0.100000
18878 44.984269 -45.237861 -15.505665 0.100000
21471 42.480861 -40.948722 -9.255001 0.100000
21475 38.368774 -40.935080 -7.888895 0.100000
21476 39.255245 -40.755911 -8.396619 0.100000
21477 39.090981 -41.086964 -8.905256 0.100000
21478 40.868512 -41.620833 -10.209266 0.100000
21479 39.090981 -41.730880 -10.252185 0.100000
21480 39.918721 -41.993722 -10.800088 0.100000
21481 38.197169 -42.137421 -10.439385 0.100000
21482 32.093734 -41.941881 -12.337870 0.200000
21483 32.926063 -41.215202 -13.959664 0.200000
21484 33.216047 -42.566699 -13.291222 0.200000
21485 33.716178 -42.821355 -14.182478 0.300000
21486 33.473913 -43.224257 -12.347002 0.200000
21543 42.581805 -46.884031 -4.034395 0.100000
21545 41.056634 -46.402003 -3.670952 0.100000
21546 39.522287 -45.544358 -2.587017 0.100000
21547 39.954510 -45.953626 -4.071835 0.100000
21548 39.797589 -46.190093 -4.919259 0.100000
21549 40.365627 -46.877665 -5.177687 0.100000
21551 41.137389 -48.380137 -6.576666 0.100000
21553 35.343210 -44.214688 -11.424698 0.300000
21554 41.832985 -47.297848 -4.564948 0.100000
21555 42.639618 -47.577060 -5.408719 0.100000
21556 42.951626 -47.229636 -4.089185 0.100000
21557 39.477321 -48.194601 -7.208582 0.100000
21558 39.517699 -46.890398 -7.412219 0.100000
21559 38.597274 -50.167278 -9.166423 0.100000
21561 37.869560 -50.373731 -8.718969 0.100000
21562 40.239906 -44.890437 -1.251046 0.100000
21563 40.709754 -44.370210 -2.302107 0.100000
21564 36.891322 -46.566620 -4.419754 0.100000
21565 34.426456 -50.643849 -7.760138 0.100000
21566 35.533168 -49.693435 -6.742864 0.100000
21567 35.414788 -50.175463 -7.107220 0.100000
21568 35.873624 -50.447399 -8.689747 0.100000
21569 33.678553 -51.460567 -9.991017 0.100000
21570 33.478501 -53.204963 -11.642946 0.100000
21571 33.222471 -54.028957 -10.372723 0.100000
21572 30.893420 -55.817918 -9.549042 0.100000
21573 31.756949 -55.678766 -9.823907 0.100000
21574 30.124411 -57.213979 -10.128906 0.100000
21575 29.975748 -59.277604 -10.796435 0.100000
21576 29.241610 -58.468161 -10.110643 0.100000
21580 37.458443 -53.688810 -3.880982 0.100000
21581 37.673179 -52.682008 -3.037211 0.100000
21582 36.421474 -53.559662 -3.660908 0.100000
21583 35.542345 -53.179497 -4.166805 0.100000
21584 34.898139 -54.687426 -5.312836 0.100000
21585 35.910331 -59.504066 -4.629783 0.100000
21586 35.427636 -57.916103 -4.763106 0.100000
21587 34.400761 -58.682800 -4.358571 0.100000
21589 32.857237 -57.700555 -4.903735 0.100000
21590 31.375197 -57.509562 -5.455291 0.100000
21591 31.633063 -56.828357 -5.354842 0.100000
21592 30.754851 -56.866555 -5.812341 0.100000
21593 30.381359 -56.287213 -6.261622 0.100000
21594 29.709623 -57.700555 -6.497220 0.100000
22704 48.353960 -46.098235 3.177839 0.500000
22705 48.409020 -45.573461 2.705729 0.600000
22706 47.438124 -46.219197 1.807168 0.500000
22707 44.529104 -45.848126 -2.217182 0.400000
22708 45.345832 -45.658043 -1.418156 0.400000
22709 44.912691 -44.695807 -1.909443 0.400000
22710 46.005638 -43.725384 -2.707556 0.300000
22711 44.285003 -43.881816 -3.670952 0.400000
22712 31.079707 -55.022117 -14.467388 0.400000
22713 31.838621 -54.119906 -13.630922 0.400000
22714 30.939303 -53.248618 -14.879228 0.400000
22715 45.477059 -39.346207 -12.614561 0.100000
22716 33.570268 -45.940894 -16.727489 0.200000
22718 35.831411 -45.389745 -15.439003 0.200000
22727 34.412691 -46.913135 -11.339773 0.200000
22728 37.811747 -54.022591 -22.328888 0.200000
22729 35.312927 -45.879049 -11.108740 0.300000
22730 38.803750 -47.448822 -25.664706 0.100000
22731 36.515077 -41.730880 -13.894829 0.300000
22732 37.834689 -46.829462 -25.447371 0.100000
22733 36.180127 -46.954971 -24.502238 0.100000
22734 38.015470 -45.264236 -25.621787 0.100000
23374 34.794442 -41.305241 -16.651696 0.400000
23375 36.480205 -39.519009 -17.539299 0.400000
23376 35.213818 -42.158339 -16.980438 0.500000
23377 35.863530 -42.947773 -17.345707 0.500000
23378 36.201233 -43.166960 -17.857996 0.500000
23644 32.307552 -60.108875 -11.954338 0.100000
23645 32.720504 -59.625028 -14.300277 0.100000
24186 38.671605 -47.757138 2.269233 0.100000
24414 39.224044 -49.142286 -16.356741 0.100000
24417 39.051521 -46.764888 -18.803130 0.200000
24418 34.667804 -54.663779 -20.330867 0.200000
25495 35.143157 -49.343283 -12.470280 0.100000
26290 41.379655 -47.520672 -2.527661 0.200000
26291 40.242659 -48.436525 -3.470055 0.200000
26292 41.667804 -48.234619 -3.572330 0.200000
26293 47.178423 -44.641237 -15.497446 0.100000
26294 43.159938 -47.998152 -6.678029 0.100000
26299 45.819351 -50.838479 -11.920550 0.100000
26300 39.944416 -48.850341 -10.296017 0.200000
26301 45.784479 -48.662077 -13.041926 0.100000
27861 38.345832 -41.442573 -4.932043 0.100000
27862 38.109990 -41.488957 -6.611367 0.100000
27863 37.755769 -42.297491 -7.051516 0.100000
27864 33.635423 -39.065175 -12.441059 0.200000
27865 32.040509 -39.877347 -10.724295 0.200000
27866 31.511013 -41.412560 -10.460388 0.200000
27867 31.609204 -42.344784 -10.583666 0.200000
27903 43.679340 -47.418809 -3.473707 0.100000
27904 43.204904 -47.199623 -4.669050 0.100000
27905 41.338359 -47.600707 -5.477207 0.100000
27912 40.836393 -44.775841 -4.370442 0.100000
27913 35.794704 -47.240550 -3.643557 0.100000
27914 36.182880 -47.782604 -4.974962 0.100000
27915 34.866938 -48.955842 -4.935696 0.100000
27916 34.582460 -49.738909 -6.059811 0.100000
27917 33.768485 -51.632460 -8.282472 0.100000
27918 32.928816 -52.841168 -9.201123 0.100000
27919 32.418590 -53.241342 -8.540900 0.100000
27920 31.760619 -54.114449 -8.712576 0.100000
27921 30.077609 -55.831560 -8.518071 0.100000
27923 39.696645 -52.071742 -2.594322 0.100000
27924 39.931569 -53.425968 -3.835323 0.100000
27925 38.701889 -54.507347 -4.482763 0.100000
27926 36.584820 -55.684223 -5.294573 0.100000
28599 46.640667 -48.105472 0.977094 0.500000
28600 46.443367 -46.863113 1.223651 0.500000
28601 46.059781 -47.741677 -0.097709 0.500000
28602 46.059781 -47.741677 -0.097709 0.500000
28603 34.889880 -52.709293 -13.475683 0.500000
28604 31.780808 -50.550171 -18.619582 0.300000
28605 31.441270 -50.509245 -17.109195 0.400000
28606 33.754720 -45.009579 -19.508099 0.200000
28613 39.021238 -43.475276 -14.435427 0.200000
28614 36.511406 -44.123740 -13.361536 0.200000
28615 39.835213 -37.770976 -20.403921 0.100000
28616 37.574988 -37.428100 -15.946727 0.100000
28617 40.082067 -46.474762 -26.533133 0.100000
29578 43.597667 -43.204249 -11.577198 0.100000
29579 45.221029 -44.040067 -11.196405 0.100000
29580 44.759440 -44.713996 -11.063082 0.100000
29581 44.402465 -41.031485 -7.827712 0.200000
29582 45.533037 -45.668957 -10.507873 0.200000
29583 43.103960 -39.960110 -9.310704 0.200000
29584 45.058601 -39.537199 -9.633967 0.200000
29585 46.426849 -38.898739 -9.488773 0.100000
29587 48.751312 -43.617156 -2.549577 0.100000
29588 47.874935 -42.924127 -2.945894 0.100000
31432 38.576168 -41.870032 -3.363213 0.100000
31433 38.560567 -42.683113 -3.017121 0.100000
31434 37.422654 -43.746303 -2.754127 0.100000
31470 39.914133 -45.077791 -0.531466 0.100000
31472 39.560829 -45.353365 0.153413 0.100000
31473 37.739251 -45.575280 -1.687542 0.100000
31474 35.999345 -47.445184 -2.638155 0.100000
31475 34.678816 -50.622021 -3.617988 0.100000
31476 34.589801 -52.251821 -4.470891 0.100000
31478 38.360515 -57.750576 -4.962178 0.100000
32004 42.312009 -45.660772 -6.234227 0.400000
32005 47.407840 -45.932708 -5.710979 0.400000
32006 40.816204 -45.197843 -5.885395 0.300000
32007 39.172654 -44.584849 -5.936533 0.300000
32008 37.317122 -43.883635 -5.951143 0.500000
32009 37.115234 -47.074114 -17.212384 0.100000
32010 37.218013 -44.370210 -7.358342 0.400000
32011 35.920425 -42.568518 -5.914617 0.400000
32012 32.315811 -50.402835 -19.698038 0.200000
32013 34.033692 -47.361512 -21.605655 0.200000
32014 35.449660 -45.247865 -23.098692 0.100000
34299 42.710279 -45.263326 -21.332617 0.100000
34303 36.248034 -47.710754 -11.468530 0.200000
34304 37.325381 -49.112273 -11.978993 0.100000
34305 37.728239 -47.778056 -11.778096 0.100000
34306 37.987022 -45.025950 -14.040936 0.200000
34307 43.069088 -38.776868 -22.937974 0.100000
35926 37.416230 -44.840415 -14.366939 0.500000
35927 36.616938 -46.199188 -14.439993 0.500000
35928 38.126508 -45.721707 -14.077463 0.400000
35929 38.068695 -47.933579 -2.980594 0.500000
35930 38.942319 -48.045446 -14.801609 0.400000
35931 39.718669 -48.882173 -3.935772 0.300000
35932 47.963950 -47.494297 3.449052 0.300000
35933 47.061878 -47.974506 1.887527 0.500000
35934 47.268354 -48.562943 0.456586 0.500000
35935 47.575774 -48.587499 -1.369758 0.400000
35936 48.066729 -47.748043 -3.081043 0.400000
35942 50.626115 -49.362382 1.013621 0.200000
35943 49.801128 -47.900837 -0.501332 0.200000
35944 49.171606 -47.115041 -3.121223 0.300000
35945 48.754065 -46.461120 -4.629783 0.300000
35946 42.843341 -46.422922 -7.266112 0.400000
35947 38.083378 -47.748043 -12.327825 0.100000
35948 38.202675 -48.034532 -13.899395 0.100000
35949 40.082067 -47.565237 -11.465791 0.200000
35950 39.853567 -47.517943 -12.394487 0.100000
35951 39.089146 -48.613875 -15.075561 0.100000
35953 45.998297 -43.216981 -14.225397 0.100000
35954 42.350551 -45.077791 -17.223342 0.100000
39081 43.542607 -42.096494 -10.597364 0.100000
39087 41.436550 -40.915981 -8.967351 0.100000
39088 41.436550 -40.915981 -8.967351 0.100000
39089 43.542607 -42.096494 -10.597364 0.100000
39090 43.356320 -42.484845 -11.370821 0.100000
39091 41.741217 -42.638548 -11.878545 0.100000
39092 39.843472 -42.662195 -11.955251 0.100000
39093 37.709885 -43.628069 -11.756179 0.200000
39094 33.902465 -38.969679 -14.490217 0.200000
39095 34.220897 -39.562665 -15.274632 0.200000
39096 34.476928 -40.564009 -16.084616 0.200000
39097 34.121789 -42.292943 -15.695604 0.400000
39098 34.628344 -44.080994 -14.261924 0.500000
39099 35.387258 -44.363844 -13.914005 0.500000
39160 39.041427 -43.549854 -1.705806 0.100000
39161 38.544049 -43.657173 -1.710372 0.100000
39162 38.050342 -44.082813 -2.489308 0.100000
39169 39.503934 -45.279697 -1.978844 0.100000
39170 39.031333 -44.997756 -2.305760 0.100000
39171 38.329314 -44.759471 -4.179589 0.100000
39172 38.694547 -45.286063 -4.946654 0.100000
39173 38.333902 -45.879958 -6.168478 0.100000
39174 38.652334 -46.507504 -6.330110 0.100000
39175 40.548244 -48.228252 -5.476294 0.100000
39176 38.700053 -48.207334 -6.478044 0.100000
39177 39.072628 -47.529767 -7.756485 0.200000
39178 41.873362 -47.402439 -5.684497 0.200000
39179 36.186550 -44.149205 -12.315041 0.400000
39180 34.966965 -46.024566 -2.960504 0.500000
39181 37.708968 -44.184675 -13.166117 0.300000
39182 37.251967 -47.366059 -2.618978 0.200000
39183 45.066860 -47.520672 -6.345634 0.100000
39185 44.441008 -47.959954 -5.196863 0.200000
39186 39.843472 -47.135959 -1.984323 0.100000
39188 34.468669 -50.502878 -11.373560 0.100000
39189 33.608810 -51.466024 -12.502241 0.100000
39191 39.993970 -44.407499 -3.810668 0.100000
39192 38.163215 -48.281003 -6.788522 0.100000
39193 36.965654 -47.727125 -5.616009 0.100000
39194 37.341899 -49.526090 -7.109959 0.100000
39195 38.083378 -50.099066 -7.262459 0.100000
39196 37.111563 -50.401925 -7.852368 0.100000
39197 33.570268 -51.460567 -11.638380 0.100000
39198 33.495019 -52.295476 -12.104098 0.100000
39200 33.042607 -55.094876 -12.535115 0.100000
39201 32.790247 -56.005272 -12.328738 0.100000
39202 32.937992 -54.520080 -10.119775 0.100000
39203 33.960279 -55.593274 -10.197394 0.100000
39204 32.125853 -57.710559 -10.840268 0.100000
39205 30.794311 -60.245298 -11.208276 0.100000
39206 28.967227 -60.631830 -12.326912 0.100000
39209 38.823021 -48.602961 2.272886 0.100000
39210 38.335738 -49.396033 -0.599954 0.100000
39211 38.419246 -51.496037 -2.366029 0.100000
39212 38.101731 -50.787547 -2.000760 0.100000
39213 37.748428 -50.224575 -1.560611 0.100000
39214 35.931438 -51.032199 -2.652765 0.100000
39215 35.256949 -52.295476 -3.964081 0.100000
39216 34.185108 -53.802495 -5.304618 0.100000
39217 37.708968 -56.620085 -5.563045 0.100000
39218 35.989251 -56.599166 -5.554827 0.100000
39219 34.699004 -56.236281 -4.755801 0.100000
39220 33.129786 -58.225328 -4.757627 0.100000
39221 33.459230 -56.793797 -4.741190 0.100000
39222 34.454904 -55.429567 -4.549424 0.100000
39223 33.539067 -55.290415 -5.181339 0.100000
39224 33.524385 -54.802931 -5.615096 0.100000
39225 32.546146 -54.961181 -5.877177 0.100000
39226 31.115496 -55.383183 -6.476218 0.100000
39227 30.069350 -55.920689 -7.666081 0.100000
39228 29.607761 -57.423161 -8.458714 0.100000
39229 29.275564 -58.952008 -7.887982 0.100000
39230 29.451757 -58.783753 -8.578340 0.100000
39231 29.203068 -58.967469 -9.412979 0.100000
40558 35.613005 -46.832190 -15.077387 0.500000
40559 35.242266 -46.683944 -16.832504 0.500000
40560 48.454904 -44.912264 1.334145 0.500000
40561 46.257998 -45.969997 0.374401 0.400000
40562 47.180258 -45.616207 0.326916 0.500000
40563 47.372969 -44.925907 -0.445628 0.400000
40564 47.517961 -44.309275 -1.219998 0.300000
40565 47.034348 -42.946864 -3.007989 0.100000
40567 33.719849 -54.809297 -12.444711 0.500000
40568 33.664788 -53.027613 -13.128677 0.400000
40569 33.539067 -51.169532 -13.898482 0.400000
40570 31.195334 -50.593827 -15.472790 0.400000
40571 32.683797 -49.567017 -14.625367 0.400000
40572 34.249345 -49.529728 -14.463735 0.400000
40573 34.674227 -47.735311 -15.227147 0.300000
40574 36.298506 -46.798539 -15.369602 0.200000
40575 38.064107 -45.885415 -16.055394 0.100000
40585 37.121658 -55.067591 -20.601166 0.200000
40586 35.992922 -54.682878 -20.990177 0.200000
40587 35.638700 -53.534197 -21.995580 0.200000
40588 35.984662 -43.581686 -12.267556 0.300000
40589 35.520321 -43.356133 -11.442961 0.200000
40590 35.102780 -42.421181 -11.105088 0.200000
40591 35.199135 -40.633130 -11.583590 0.200000
40592 35.737809 -45.840850 -23.983556 0.100000
40599 39.595701 -44.699445 -26.143208 0.100000
40600 39.924227 -43.939114 -25.275694 0.100000
41146 37.165706 -44.407499 -13.855562 0.500000
41147 34.674227 -44.945006 -15.136743 0.500000
41148 35.192712 -45.229675 -14.841788 0.500000
41724 43.132408 -43.673544 -16.658088 0.100000
41725 40.605140 -46.850380 -19.962858 0.200000
41726 41.063058 -46.982256 -20.598426 0.200000
42316 44.848454 -42.725859 -10.950762 0.100000
42317 45.297195 -43.233352 -10.991854 0.100000
42318 45.297195 -43.233352 -10.991854 0.100000
43637 37.843865 -43.208796 -4.208811 0.100000
43638 37.843865 -43.208796 -4.208811 0.100000
43639 38.007211 -43.396150 -4.926564 0.100000
43640 37.991611 -44.063713 -4.394185 0.100000
43641 37.991611 -44.063713 -4.394185 0.100000
43667 33.954773 -51.688849 -5.288180 0.100000
43668 34.113530 -51.083131 -5.377671 0.100000
43669 32.994888 -53.256803 -6.099991 0.100000
43670 32.867332 -52.783870 -6.388553 0.100000
43671 32.994888 -53.256803 -6.099991 0.100000
43672 40.194023 -55.350441 -4.067269 0.100000
43673 39.709492 -55.918871 -4.909214 0.100000
43674 39.709492 -55.918871 -4.909214 0.100000
44049 46.995806 -47.199623 -3.704740 0.400000
44050 47.193105 -48.251899 -2.818963 0.400000
44051 46.637914 -46.911316 -4.193287 0.400000
44716 39.874673 -44.056438 -12.261164 0.100000
44717 40.542738 -44.726729 -11.807317 0.100000
44718 39.949922 -44.743100 -12.038350 0.100000
44719 37.700709 -41.590820 -18.172128 0.500000
44720 38.145779 -40.804114 -18.473474 0.400000
44721 48.147484 -44.367482 -0.420059 0.400000
44722 48.147484 -44.367482 -0.420059 0.500000
44723 48.147484 -44.367482 -0.420059 0.400000
45166 32.689303 -56.011638 -13.496686 0.100000
45167 32.961852 -56.309040 -14.633585 0.100000
45168 32.848978 -56.909301 -14.080203 0.100000
46067 38.104484 -47.683470 1.074804 0.100000
46068 38.416493 -47.150511 1.511300 0.100000
46069 37.340064 -48.160041 -0.071227 0.100000
46070 36.616938 -48.293735 -0.902214 0.100000
46071 37.143682 -48.615694 -0.606346 0.100000
46449 37.547457 -48.350124 -15.111174 0.100000
46450 36.957395 -48.039989 -15.067342 0.100000
46451 37.547457 -48.350124 -15.111174 0.100000
46452 33.363792 -54.892970 -19.072515 0.200000
46453 33.458312 -54.096259 -19.571107 0.200000
46454 33.829052 -53.577852 -20.274250 0.200000
46455 35.847929 -43.452538 -8.882426 0.300000
46456 35.747903 -43.840889 -9.024881 0.300000
48234 46.409414 -39.891899 -8.033176 0.100000
48235 45.812927 -40.868687 -7.027774 0.100000
49576 39.544311 -47.525219 -2.506658 0.200000
49577 39.544311 -47.525219 -2.506658 0.200000
49578 39.001050 -47.970868 -2.972376 0.200000
49579 48.732041 -49.965372 3.468228 0.200000
49580 48.548506 -49.338735 2.757780 0.200000
49581 48.691663 -49.176847 2.595236 0.300000
49582 49.110122 -48.729379 1.369758 0.300000
49583 48.691663 -49.176847 2.595236 0.300000
49589 44.240955 -51.164984 -11.712347 0.200000
49590 51.242791 -46.587539 -3.836237 0.300000
49591 44.240955 -51.164984 -11.712347 0.200000
49592 44.240955 -51.164984 -11.712347 0.200000
49593 39.599372 -48.441982 -9.959970 0.200000
49594 43.306765 -48.076368 -13.545084 0.200000
49595 42.054143 -47.822621 -14.079290 0.200000
49596 42.446907 -48.045446 -14.768735 0.200000
49597 42.054143 -48.376499 -15.365949 0.200000
49598 42.929602 -48.434706 -15.307506 0.200000
52191 41.920163 -40.656777 -8.706184 0.100000
52195 38.300866 -41.470767 -8.711663 0.100000
52196 38.674358 -40.891424 -8.345481 0.100000
52197 39.090981 -41.086964 -8.905256 0.100000
52198 39.078134 -41.429840 -9.575524 0.100000
52199 38.439434 -41.708143 -9.786467 0.100000
52200 38.576168 -41.830014 -10.314280 0.100000
52201 37.985187 -41.974623 -9.481467 0.100000
52202 31.997379 -42.299310 -11.458485 0.200000
52203 32.608548 -42.087399 -13.174336 0.200000
52204 32.703986 -42.543052 -12.368005 0.200000
52205 33.294967 -42.767695 -12.766148 0.300000
52206 32.781070 -42.876834 -11.962556 0.300000
52263 41.694416 -46.582082 -4.109275 0.100000
52264 41.694416 -46.582082 -4.109275 0.100000
52265 40.829052 -46.222834 -4.046266 0.100000
52266 41.056634 -46.402003 -3.670952 0.100000
52267 40.558339 -46.314693 -4.732059 0.100000
52268 40.365627 -46.877665 -5.177687 0.100000
52269 41.106189 -46.829462 -5.179513 0.100000
52277 39.477321 -48.194601 -7.208582 0.100000
52278 39.498428 -47.680741 -7.310857 0.100000
52279 38.421081 -50.075419 -8.446843 0.100000
52280 38.597274 -50.167278 -9.166423 0.100000
52281 38.421081 -50.075419 -8.446843 0.100000
52282 38.716571 -44.582121 -1.844608 0.100000
52283 38.925800 -44.355659 -2.498439 0.100000
52284 37.927374 -44.842234 -2.936762 0.100000
52285 34.055716 -51.903487 -8.925345 0.100000
52286 35.414788 -50.175463 -7.107220 0.100000
52287 34.447562 -50.834841 -8.580166 0.100000
52288 33.961196 -51.423279 -9.455899 0.100000
52289 33.961196 -51.423279 -9.455899 0.100000
52290 33.470242 -52.280924 -10.325239 0.100000
52291 33.139880 -53.251346 -9.886003 0.100000
52292 30.182224 -56.211725 -9.270525 0.100000
52293 30.496068 -56.566425 -9.849476 0.100000
52294 29.594914 -57.907008 -9.840344 0.100000
52295 29.783037 -58.204410 -10.280493 0.100000
52296 29.594914 -57.907008 -9.840344 0.100000
52300 36.975748 -54.033505 -4.235293 0.100000
52301 36.841768 -53.617870 -3.722090 0.100000
52302 36.841768 -53.617870 -3.722090 0.100000
52303 36.118643 -53.779758 -4.197853 0.100000
52304 35.236760 -55.053039 -4.846205 0.100000
52306 35.083509 -58.587304 -4.511984 0.100000
52309 31.283430 -58.055254 -5.332926 0.100000
52310 30.834689 -57.752395 -5.643404 0.100000
52311 31.160462 -57.218527 -5.599572 0.100000
52312 30.403383 -58.225328 -5.757551 0.100000
52313 30.223519 -57.700555 -5.996802 0.100000
52314 30.403383 -58.225328 -5.757551 0.100000
53424 47.306897 -46.838557 2.118560 0.500000
53425 48.353960 -46.098235 3.177839 0.500000
53426 47.306897 -46.838557 2.118560 0.500000
53427 44.307028 -45.060511 -2.950460 0.300000
53428 45.009047 -45.525258 -2.010805 0.400000
53429 44.655743 -44.189223 -3.087435 0.300000
53430 44.912691 -44.695807 -1.909443 0.300000
53431 44.285003 -43.881816 -3.670952 0.300000
53432 30.927373 -54.166290 -15.023510 0.400000
53433 31.058601 -54.076251 -14.400726 0.400000
53434 31.041165 -53.207691 -15.721173 0.400000
53447 35.330363 -46.875846 -11.334294 0.200000
53448 34.412691 -46.189183 -11.110567 0.200000
53449 36.315024 -45.828117 -11.623769 0.200000
53450 39.049686 -46.815820 -25.958747 0.100000
53451 38.177898 -47.718030 -25.295784 0.100000
53452 38.305454 -46.778531 -25.725888 0.100000
53453 37.823677 -46.235567 -25.605350 0.100000
53454 38.305454 -46.778531 -25.725888 0.100000
54316 34.598978 -42.238374 -16.413358 0.500000
54317 35.184453 -41.379819 -17.057144 0.500000
54318 34.895386 -42.880471 -16.541202 0.500000
54319 34.750394 -44.928635 -16.473627 0.500000
54320 34.979812 -43.854532 -16.539376 0.500000
54321 35.172523 -44.246520 -17.029749 0.500000
54322 35.657054 -43.520750 -17.385886 0.500000
54323 36.201233 -43.166960 -17.857996 0.500000
54766 31.868905 -60.683670 -11.796359 0.100000
56052 40.564762 -45.968178 -19.842320 0.100000
56053 39.543394 -46.559345 -19.245105 0.100000
56054 39.949004 -45.909971 -19.406736 0.100000
56055 34.464998 -55.673309 -19.434132 0.200000
56056 35.024778 -55.435024 -19.931811 0.200000
57849 34.347536 -49.347830 -13.239171 0.100000
59177 47.247248 -45.904514 -11.116046 0.100000
59179 48.594390 -46.280132 -14.714857 0.100000
59180 47.725355 -44.693988 -15.336728 0.100000
59181 47.922654 -45.385197 -14.554139 0.100000
59182 42.926849 -48.259175 -5.681758 0.200000
59183 44.074857 -48.857617 -6.733732 0.100000
59191 47.668459 -50.060868 -12.547900 0.100000
59192 46.440614 -50.510154 -13.209950 0.100000
61792 38.464212 -41.693592 -3.897419 0.100000
61793 38.345832 -41.442573 -4.932043 0.100000
61794 38.345832 -41.442573 -4.932043 0.100000
61795 37.979681 -42.285667 -6.121907 0.100000
61796 37.979681 -42.285667 -6.121907 0.100000
61797 37.771369 -42.897752 -6.386727 0.100000
61798 37.755769 -42.297491 -7.051516 0.100000
61799 37.755769 -42.297491 -7.051516 0.100000
61800 33.082067 -39.197960 -11.553455 0.200000
61801 37.380441 -43.258818 -6.821397 0.100000
61802 31.466964 -41.405284 -9.377366 0.200000
61803 31.466964 -41.405284 -9.377366 0.200000
61804 31.428422 -42.264749 -9.854042 0.200000
61805 31.223781 -41.959162 -10.201960 0.200000
61806 31.428422 -42.264749 -9.854042 0.200000
61866 43.281071 -47.172338 -3.751312 0.100000
61867 43.789461 -47.726216 -4.194200 0.100000
61868 43.214081 -47.607073 -5.179513 0.100000
61880 41.754065 -44.738552 -4.407882 0.100000
61882 35.176194 -48.449258 -4.318392 0.100000
61883 35.576299 -47.801703 -4.034395 0.100000
61884 35.176194 -48.449258 -4.318392 0.100000
61885 33.207788 -52.038091 -7.178447 0.100000
61886 34.199791 -50.467408 -5.828778 0.100000
61887 33.902465 -50.803009 -6.419601 0.100000
61888 33.953855 -50.745711 -7.015902 0.100000
61889 33.601469 -51.496947 -7.618596 0.100000
61890 33.346356 -52.046277 -8.029524 0.100000
61891 32.839801 -52.561046 -7.791186 0.100000
61892 32.127688 -53.738831 -7.614943 0.100000
61893 32.085475 -53.543292 -7.986604 0.100000
61894 31.622051 -54.208126 -7.855108 0.100000
61895 30.723650 -55.087600 -8.592038 0.100000
61896 30.764946 -55.059406 -7.768356 0.100000
61897 40.952937 -53.165855 -3.746746 0.100000
61898 40.638176 -52.908470 -3.478273 0.100000
61899 41.380572 -54.008949 -3.773228 0.100000
61900 38.985449 -54.958453 -4.801460 0.100000
61901 38.701889 -54.507347 -4.482763 0.100000
61902 38.400892 -54.732900 -4.576819 0.100000
61903 37.944809 -54.259058 -4.379574 0.100000
61904 37.172130 -55.038488 -5.001444 0.100000
63024 46.351600 -48.349214 -0.496766 0.400000
63025 46.059781 -47.741677 -0.097709 0.400000
63026 37.333640 -54.564645 -13.663796 0.500000
63027 35.368905 -53.976207 -13.045579 0.500000
63028 36.215916 -53.513279 -13.567913 0.500000
63029 36.215916 -53.513279 -13.567913 0.500000
63030 35.364316 -53.129475 -13.461072 0.500000
63031 34.421867 -53.144027 -13.124111 0.500000
63032 32.887520 -48.042717 -19.653293 0.200000
63033 32.001049 -49.489710 -18.568444 0.200000
63034 33.626246 -46.044575 -19.694386 0.200000
63047 41.873362 -38.645902 -22.274097 0.100000
63048 41.263110 -38.867817 -21.821164 0.100000
63049 41.357631 -38.369418 -22.024801 0.100000
63050 38.457788 -36.452221 -17.368536 0.100000
63051 38.220111 -36.931520 -17.681754 0.100000
63052 37.694285 -36.510428 -16.411532 0.100000
63053 37.624542 -37.174353 -14.561445 0.100000
65026 42.650630 -43.525297 -11.691344 0.100000
65027 44.263897 -44.035519 -11.352557 0.100000
65028 43.304012 -44.072808 -11.406434 0.100000
65029 43.499476 -41.058770 -8.691573 0.200000
65030 44.229943 -45.234223 -10.836615 0.100000
65031 44.085869 -40.864140 -8.441364 0.200000
65032 44.908103 -39.997399 -8.313520 0.200000
65033 44.437337 -40.466694 -8.332697 0.200000
65034 43.103960 -39.960110 -9.310704 0.400000
65035 43.103960 -39.960110 -9.310704 0.200000
65036 37.213425 -39.562665 -17.826035 0.300000
65037 46.417673 -45.999101 -12.273948 0.300000
65038 45.299031 -39.300732 -10.592798 0.200000
65039 45.870740 -39.163400 -10.226616 0.200000
65040 46.007473 -39.308918 -9.622096 0.200000
65044 48.200709 -43.890911 -2.013545 0.100000
65045 48.529235 -44.114645 -1.317708 0.100000
65046 48.063976 -43.471638 -2.517616 0.100000
65047 48.751312 -43.617156 -2.549577 0.100000
65048 47.874935 -42.924127 -2.945894 0.100000
66385 32.919639 -58.968379 -14.574229 0.100000
69002 38.968931 -42.952321 -2.400730 0.100000
69003 38.560567 -42.683113 -3.017121 0.100000
69004 38.560567 -42.683113 -3.017121 0.100000
69005 38.046671 -42.986881 -3.290160 0.100000
69006 38.176063 -43.471638 -2.301194 0.100000
69085 38.468800 -45.966359 0.309565 0.100000
69086 39.068040 -45.916338 0.654744 0.100000
69087 38.037494 -45.967269 -0.244730 0.100000
69088 37.908102 -45.706246 -1.017274 0.100000
69089 37.450184 -46.189183 -1.310402 0.100000
69090 36.904170 -46.554797 -2.022677 0.100000
69091 36.970242 -46.852199 -1.470207 0.100000
69092 35.568040 -49.567017 -2.585191 0.100000
69093 35.661642 -48.701185 -2.585191 0.100000
69094 35.087180 -49.635228 -3.061867 0.100000
69095 34.678816 -50.622021 -3.617988 0.100000
69096 34.997248 -50.471046 -3.186971 0.100000
70224 41.768748 -45.896329 -6.859750 0.300000
70225 41.480599 -45.575280 -6.269841 0.300000
70226 40.987809 -45.479784 -6.380334 0.300000
70227 36.248034 -47.727125 -15.067342 0.200000
70228 39.768223 -45.057782 -6.949241 0.300000
70229 39.214867 -44.747647 -6.755648 0.300000
70230 38.685370 -44.302908 -5.714632 0.400000
70231 38.018223 -44.195589 -6.709076 0.300000
70233 37.617201 -47.730763 -17.020617 0.100000
70234 32.990300 -56.685568 -18.264358 0.200000
70235 36.348978 -44.086451 -7.618596 0.300000
70236 37.136341 -44.803126 -7.460617 0.300000
70237 36.613268 -43.807238 -6.884406 0.400000
70238 36.411380 -43.237900 -6.044287 0.400000
70239 35.975486 -42.820445 -6.471652 0.400000
70240 34.776089 -41.905502 -6.826876 0.300000
70241 34.770583 -42.017369 -7.687084 0.300000
70242 34.510882 -40.511259 -9.875045 0.300000
70243 32.919639 -49.203222 -20.984698 0.200000
70244 34.316335 -47.713483 -22.216567 0.200000
70245 34.697169 -45.819932 -22.457645 0.200000
70246 34.976141 -46.318331 -22.838438 0.100000
75579 45.714736 -44.713996 -10.988202 0.100000
75624 43.589408 -45.015036 -21.480551 0.100000
75629 32.586524 -47.583426 -11.557108 0.100000
75630 34.362219 -47.698022 -11.393650 0.100000
75631 36.248034 -47.710754 -11.468530 0.100000
75633 35.555192 -49.100450 -11.994517 0.100000
75635 38.887258 -45.089614 -14.915755 0.100000
75636 38.025564 -46.764888 -13.537778 0.100000
75637 38.316466 -45.456137 -14.573316 0.100000
75638 37.788805 -45.863587 -13.282090 0.100000
75639 38.596356 -44.583030 -14.408945 0.100000
75640 39.101993 -44.147386 -14.423556 0.200000
79606 38.149450 -45.023222 -14.269229 0.400000
79607 37.690614 -45.566185 -14.481085 0.500000
79608 37.690614 -45.566185 -14.481085 0.400000
79609 37.472208 -48.392869 -3.465489 0.400000
79610 38.068695 -47.933579 -2.980594 0.400000
79611 39.895779 -46.763979 -14.155996 0.400000
79612 48.150237 -45.921794 4.139410 0.500000
79613 47.182093 -45.810837 4.160413 0.400000
79614 41.148401 -48.351033 -3.543108 0.300000
79615 39.718669 -48.882173 -3.935772 0.300000
79616 41.148401 -48.351033 -3.543108 0.300000
79617 47.565680 -48.229162 3.096567 0.200000
79618 47.738202 -47.968139 3.559545 0.300000
79619 47.485843 -48.394688 2.378814 0.300000
79620 47.405087 -47.658914 2.462826 0.400000
79621 41.210803 -49.195946 -15.439916 0.300000
79622 47.216965 -48.401964 1.392588 0.500000
79623 41.210803 -49.195946 -15.439916 0.400000
79624 43.876640 -49.875332 -17.343880 0.400000
79625 41.210803 -49.195946 -15.439916 0.400000
79626 48.194285 -48.559305 -0.508637 0.400000
79627 47.906136 -48.350124 -2.193440 0.400000
79628 48.498035 -48.038170 -2.010805 0.400000
79635 44.175801 -49.145924 -8.222203 0.100000
79642 51.086787 -49.279619 -0.315044 0.100000
79644 51.239120 -49.125916 0.760672 0.100000
79645 50.927112 -48.461081 0.614565 0.200000
79646 50.619692 -47.826259 -0.529640 0.100000
79647 50.083771 -46.864023 -3.150444 0.300000
79648 50.490300 -47.311490 -2.063769 0.300000
79649 49.387258 -46.631194 -3.964994 0.300000
79650 49.171606 -47.115041 -3.121223 0.300000
79651 49.387258 -46.631194 -3.964994 0.300000
79652 49.387258 -46.631194 -3.964994 0.300000
79653 43.349896 -46.515689 -7.189405 0.400000
79654 39.015732 -47.718940 -11.414653 0.200000
79655 42.194547 -47.326951 -8.465107 0.400000
79656 39.015732 -47.718940 -11.414653 0.100000
79657 38.099896 -47.818074 -13.203557 0.100000
79658 38.999214 -47.687108 -12.327825 0.100000
79659 40.639094 -48.803957 -10.697813 0.200000
79660 40.696907 -48.009976 -10.652154 0.200000
79661 41.127295 -47.579788 -11.213755 0.200000
79662 39.743446 -48.308287 -14.504828 0.100000
79663 39.878344 -47.754410 -13.253782 0.100000
79664 39.743446 -48.308287 -14.504828 0.100000
79665 39.331411 -48.328296 -14.484738 0.100000
79666 39.743446 -48.308287 -14.504828 0.100000
79669 47.257342 -44.172852 -15.859062 0.100000
79670 46.501181 -43.794505 -13.440069 0.100000
79671 47.618905 -43.676272 -15.571413 0.100000
79672 47.643682 -43.621703 -16.746666 0.100000
79673 42.350551 -45.077791 -17.223342 0.100000
87456 43.542607 -42.096494 -10.597364 0.100000
87465 38.456870 -40.945084 -6.070769 0.100000
87467 38.996461 -40.529449 -6.888058 0.100000
87468 39.571841 -40.935989 -8.876034 0.100000
87469 39.622313 -40.473970 -7.697129 0.100000
87470 40.060960 -40.694975 -8.596603 0.100000
87471 40.964867 -40.684971 -8.690660 0.100000
87472 40.964867 -40.684971 -8.690660 0.100000
87473 41.436550 -40.915981 -8.967351 0.100000
87474 41.135554 -41.009658 -9.193818 0.100000
87475 41.754065 -41.993722 -10.800088 0.100000
87476 41.754065 -41.993722 -10.800088 0.100000
87477 41.754065 -41.993722 -10.800088 0.100000
87478 42.655218 -42.031011 -10.779085 0.100000
87479 42.602911 -42.312042 -11.400042 0.100000
87480 42.575381 -42.549418 -11.859368 0.100000
87481 41.754065 -42.291124 -11.414653 0.100000
87482 38.986367 -42.328413 -11.362602 0.100000
87483 39.918721 -42.291124 -11.414653 0.100000
87484 39.918721 -42.291124 -11.414653 0.100000
87485 40.500525 -43.287921 -12.185370 0.100000
87486 38.955166 -42.719492 -11.948859 0.100000
87487 33.027006 -40.090167 -12.647436 0.200000
87488 33.902465 -38.827799 -13.942314 0.200000
87489 33.187599 -40.183844 -13.455593 0.200000
87490 33.315155 -41.445302 -14.487478 0.200000
87491 33.315155 -41.445302 -14.487478 0.200000
87492 33.695989 -40.486703 -15.028989 0.200000
87493 34.144731 -40.183844 -15.520275 0.200000
87494 33.904301 -40.790471 -15.542192 0.200000
87495 33.949267 -41.408013 -15.778703 0.300000
87496 33.731778 -42.322956 -14.959588 0.300000
87497 34.148401 -43.364318 -13.851910 0.300000
87498 34.148401 -43.364318 -13.851910 0.400000
87499 35.387258 -44.363844 -13.914005 0.400000
87500 34.628344 -44.080994 -14.261924 0.500000
87501 35.387258 -44.363844 -13.914005 0.400000
87655 39.296540 -44.485715 -1.024579 0.100000
87656 38.935895 -44.176490 -1.557872 0.100000
87657 38.935895 -44.176490 -1.557872 0.100000
87658 38.343997 -43.786320 -1.857392 0.100000
87659 38.619298 -44.485715 -2.157826 0.100000
87678 39.366283 -45.588922 -3.239935 0.100000
87679 39.522287 -45.544358 -2.587017 0.100000
87680 38.842292 -45.198753 -3.239935 0.100000
87681 38.361432 -44.753104 -3.288333 0.100000
87682 38.776220 -45.242408 -4.109275 0.100000
87683 38.776220 -45.242408 -4.109275 0.100000
87684 39.165313 -45.745354 -4.946654 0.100000
87685 39.401154 -46.293774 -5.510994 0.100000
87686 38.872575 -45.980002 -5.699108 0.100000
87687 39.142371 -46.992260 -6.089033 0.100000
87688 38.652334 -46.507504 -6.330110 0.100000
87689 39.142371 -46.992260 -6.089033 0.100000
87690 41.732041 -47.929941 -5.372192 0.100000
87691 40.951102 -47.624353 -5.329273 0.100000
87692 41.379655 -48.309197 -5.461683 0.100000
87693 40.755638 -47.946311 -7.733656 0.100000
87694 40.278449 -48.331934 -6.550184 0.100000
87695 39.935239 -47.796246 -7.799404 0.100000
87696 39.072628 -47.529767 -7.756485 0.100000
87697 39.832460 -47.838992 -8.594777 0.100000
87698 39.832460 -47.838992 -8.594777 0.200000
87699 34.383325 -44.080994 -11.400042 0.200000
87700 41.873362 -47.402439 -5.684497 0.300000
87701 41.873362 -47.402439 -5.684497 0.400000
87702 36.186550 -44.149205 -12.315041 0.300000
87703 35.873624 -44.184675 -13.166117 0.400000
87704 36.791296 -44.184675 -13.166117 0.400000
87705 34.966965 -46.024566 -2.960504 0.500000
87706 41.908234 -47.186890 -6.328284 0.300000
87707 43.423310 -47.982691 -5.854347 0.100000
87708 42.355140 -48.333753 -7.252414 0.100000
87709 44.060174 -48.312835 -6.735558 0.100000
87710 44.507080 -47.135959 -6.383074 0.100000
87711 44.428160 -48.288278 -6.191308 0.100000
87714 43.589408 -44.880432 -5.022447 0.100000
87715 38.321972 -47.743496 -8.027697 0.100000
87716 38.971684 -46.890398 -7.743701 0.100000
87717 45.355009 -47.870824 -4.598735 0.100000
87719 40.836393 -46.986803 -1.369758 0.100000
87725 34.468669 -50.502878 -11.373560 0.100000
87726 34.487940 -50.551081 -10.426601 0.100000
87730 39.140536 -44.454793 -3.838976 0.100000
87731 40.240824 -44.250158 -3.158663 0.100000
87732 39.053357 -44.835868 -4.293736 0.100000
87733 39.918721 -44.796760 -4.333002 0.100000
87734 38.214605 -46.867660 -5.845216 0.100000
87735 36.022287 -48.267360 -5.313749 0.100000
87736 36.758260 -47.384249 -5.143899 0.100000
87737 36.370085 -48.373770 -5.826039 0.100000
87738 36.266388 -50.123622 -7.203103 0.100000
87739 36.325119 -49.613400 -6.853358 0.100000
87740 37.180389 -50.105433 -7.250588 0.100000
87741 37.341899 -49.526090 -7.109959 0.100000
87742 37.180389 -50.105433 -7.250588 0.100000
87743 37.111563 -50.401925 -7.852368 0.100000
87744 37.180389 -50.105433 -7.250588 0.100000
87745 33.903383 -50.891229 -10.270448 0.100000
87746 35.873624 -50.447399 -8.689747 0.100000
87747 33.570268 -51.460567 -11.638380 0.100000
87748 33.570268 -51.460567 -11.638380 0.100000
87749 33.495019 -52.295476 -12.104098 0.100000
87750 33.495019 -52.295476 -12.104098 0.100000
87751 33.495019 -52.295476 -11.190926 0.100000
87752 33.762061 -54.751999 -11.301420 0.100000
87753 33.430782 -54.119906 -12.091314 0.100000
87754 33.430782 -54.119906 -12.091314 0.100000
87755 33.042607 -55.094876 -12.535115 0.100000
87756 33.955690 -55.476860 -11.963470 0.100000
87757 32.659020 -53.406869 -9.308878 0.100000
87758 33.020583 -53.950742 -10.010194 0.100000
87759 32.589277 -54.174475 -9.663189 0.100000
87760 31.346749 -57.770585 -10.509699 0.100000
87761 32.633325 -55.671490 -9.974580 0.100000
87762 32.298375 -56.639184 -10.764474 0.100000
87763 32.125853 -57.710559 -10.840268 0.100000
87764 31.842292 -58.647330 -10.378203 0.100000
87765 31.842292 -58.647330 -10.378203 0.100000
87766 31.067777 -59.012944 -10.766301 0.100000
87767 29.337048 -59.596834 -10.984549 0.100000
87768 29.616021 -60.365350 -11.524234 0.100000
87769 29.616021 -60.365350 -11.524234 0.100000
87777 39.498428 -49.301446 1.122289 0.100000
87778 38.965260 -48.825785 1.318621 0.100000
87779 38.883588 -49.594301 -0.153413 0.100000
87780 39.165313 -52.897556 -3.084696 0.100000
87781 39.502098 -51.396903 -2.429038 0.100000
87782 38.611039 -52.695650 -2.657331 0.100000
87783 37.331805 -51.938048 -2.667376 0.100000
87784 38.002623 -52.318213 -2.671029 0.100000
87785 37.463032 -51.422369 -2.401643 0.100000
87786 37.748428 -50.224575 -1.560611 0.100000
87787 37.146435 -50.699327 -2.046419 0.100000
87788 36.587573 -51.163165 -2.471957 0.100000
87789 36.587573 -51.163165 -2.471957 0.100000
87790 35.123886 -53.447796 -4.595996 0.100000
87791 35.542345 -53.179497 -4.166805 0.100000
87792 34.959623 -52.902104 -4.400577 0.100000
87793 34.185108 -53.802495 -5.304618 0.100000
87794 34.185108 -53.802495 -5.304618 0.100000
87795 37.363923 -57.905189 -4.732972 0.100000
87796 38.058601 -57.153044 -5.281788 0.100000
87797 37.120740 -57.153044 -5.248914 0.100000
87798 35.074332 -58.096181 -4.477283 0.100000
87799 35.427636 -57.916103 -4.763106 0.100000
87800 35.320268 -56.902025 -5.142073 0.100000
87801 35.401941 -56.013457 -5.074498 0.100000
87802 34.366807 -56.714671 -4.737538 0.100000
87806 32.857237 -57.700555 -4.903735 0.100000
87807 32.857237 -57.700555 -4.903735 0.100000
87808 32.857237 -57.700555 -4.903735 0.100000
87809 33.863005 -55.983444 -4.522942 0.100000
87810 33.260095 -56.008910 -4.827028 0.100000
87811 34.412691 -55.056677 -5.012402 0.100000
87812 32.593865 -56.842909 -5.028840 0.100000
87813 31.711983 -56.110772 -5.374019 0.100000
87814 32.882932 -55.321338 -5.473554 0.100000
87815 31.711983 -56.110772 -5.374019 0.100000
87816 33.524385 -54.802931 -5.615096 0.100000
87817 32.546146 -54.961181 -5.877177 0.100000
87818 32.191007 -54.675602 -6.439691 0.100000
87819 31.674358 -55.251307 -6.165739 0.100000
87820 29.590326 -57.876995 -7.146486 0.100000
87821 30.116152 -56.193535 -6.857924 0.100000
87822 29.603173 -56.912030 -7.145573 0.100000
87823 29.586655 -56.552783 -8.059658 0.100000
87824 29.559125 -57.448627 -7.876111 0.100000
87826 29.212245 -59.389471 -6.685334 0.100000
87829 29.275564 -58.952008 -7.887982 0.100000
87830 28.566204 -59.249410 -8.943609 0.100000
87831 29.330625 -59.155733 -9.244956 0.100000
87832 27.730205 -59.461321 -9.661362 0.100000
87833 27.730205 -59.461321 -9.661362 0.100000
91149 36.616938 -46.199188 -14.439993 0.500000
91150 35.703855 -46.462939 -14.673765 0.500000
91151 36.239775 -46.820367 -14.489304 0.500000
91152 47.978632 -46.015472 2.313065 0.500000
91153 35.571710 -47.384249 -16.081876 0.500000
91154 48.554012 -45.266964 2.123125 0.600000
91155 48.454904 -44.912264 1.334145 0.600000
91156 36.529760 -47.039553 -18.373939 0.500000
91157 45.601862 -46.663026 0.425538 0.400000
91158 46.101994 -46.296503 0.945133 0.500000
91159 45.415575 -46.232839 0.312305 0.400000
91160 45.858811 -45.411572 -1.186211 0.400000
91161 46.299293 -45.612569 -0.559775 0.400000
91162 46.736105 -45.213304 -0.709535 0.500000
91163 46.929733 -45.454318 -0.338787 0.500000
91164 46.874673 -44.778570 -1.053801 0.400000
91165 47.595046 -44.472982 -0.716840 0.400000
91166 46.626902 -44.360206 -1.560611 0.400000
91167 46.077216 -43.112391 -3.300204 0.300000
91168 46.005638 -43.725384 -2.707556 0.200000
91169 46.214867 -42.320228 -3.749485 0.200000
91170 46.736105 -42.342965 -3.367779 0.100000
91171 46.242397 -41.687225 -4.168631 0.100000
91172 47.238989 -45.316986 -6.201353 0.300000
91173 33.446382 -55.517787 -12.662046 0.500000
91174 32.810436 -55.428657 -12.776193 0.400000
91175 31.802832 -53.185863 -13.905787 0.400000
91176 32.443367 -54.141734 -13.188947 0.400000
91177 32.354353 -52.902104 -13.652838 0.400000
91178 33.531726 -52.366416 -13.382539 0.400000
91179 32.934322 -51.739780 -13.754200 0.400000
91180 32.183666 -49.168661 -17.423326 0.400000
91181 31.101731 -50.551990 -16.513807 0.400000
91182 31.993708 -48.290097 -16.448972 0.400000
91183 33.919901 -45.786281 -16.209720 0.200000
91184 32.770976 -47.775328 -15.979601 0.400000
91185 33.149057 -48.058178 -15.362297 0.300000
91186 33.304143 -49.634319 -14.345936 0.400000
91187 33.798768 -47.983600 -15.246324 0.400000
91188 33.798768 -47.983600 -15.246324 0.300000
91189 34.661380 -46.847652 -15.375081 0.200000
91190 36.320530 -44.817678 -15.715694 0.100000
91191 36.003934 -46.009105 -15.237192 0.200000
91192 36.911511 -45.948170 -15.312985 0.200000
91193 36.962901 -46.462939 -15.459093 0.200000
91194 37.587835 -45.716250 -15.470051 0.100000
91195 38.556896 -45.389745 -16.256292 0.100000
91196 38.024647 -44.151934 -15.905634 0.100000
91217 40.550997 -43.799962 -18.207741 0.100000
91218 40.550997 -43.799962 -18.207741 0.100000
91219 37.777793 -54.650137 -20.932647 0.200000
91220 33.204117 -45.467961 -10.223876 0.300000
91221 37.155612 -54.210855 -21.578260 0.200000
91222 37.005113 -53.862521 -22.328888 0.300000
91223 36.271894 -54.252691 -21.517078 0.200000
91224 36.665575 -53.544201 -22.563573 0.200000
91225 36.714212 -43.489827 -14.606190 0.300000
91226 36.248034 -44.131015 -12.566163 0.300000
91227 36.370085 -43.257908 -13.985233 0.300000
91228 36.976666 -49.450602 -24.438316 0.100000
91229 35.714867 -42.686751 -12.829157 0.200000
91230 35.414788 -42.372978 -12.132406 0.200000
91231 35.240431 -44.058257 -9.586482 0.200000
91232 35.356057 -41.390732 -12.313214 0.200000
91233 35.049555 -41.623561 -11.611898 0.200000
91234 35.200053 -49.471520 -23.610068 0.100000
91235 36.649057 -45.463413 -24.596294 0.100000
91236 36.171868 -46.109149 -24.454753 0.100000
91237 37.142764 -45.011398 -24.236504 0.100000
91238 37.065680 -44.721272 -23.505053 0.100000
91239 37.647484 -44.587578 -23.897718 0.100000
91256 39.496592 -44.462069 -25.736846 0.100000
92494 34.467751 -44.075537 -15.361383 0.500000
92495 34.467751 -44.075537 -15.361383 0.500000
92496 37.165706 -44.407499 -13.855562 0.500000
92497 34.542082 -44.806764 -15.808838 0.500000
92498 34.719193 -45.759906 -15.923898 0.500000
93534 45.535790 -42.468474 -14.196176 0.100000
93537 40.605140 -46.850380 -19.962858 0.100000
93538 40.564762 -45.968178 -19.842320 0.200000
96979 38.154956 -42.315680 -4.142149 0.100000
96980 38.065942 -42.456651 -5.118330 0.100000
96981 38.065942 -42.456651 -5.118330 0.100000
96982 37.924621 -43.233352 -5.703674 0.100000
96983 37.924621 -43.233352 -5.703674 0.100000
96984 37.625460 -43.503470 -6.201353 0.100000
96985 31.697300 -40.525811 -8.625825 0.200000
96986 31.402727 -41.310698 -8.330870 0.200000
96987 38.300866 -44.765837 -5.048929 0.200000
97033 34.531988 -49.652508 -4.439843 0.100000
97034 34.320006 -50.432848 -4.983181 0.100000
97035 34.320006 -50.432848 -4.983181 0.100000
97036 33.760226 -51.409636 -5.890874 0.100000
97037 33.244495 -52.323670 -6.219616 0.100000
97038 32.452544 -53.251346 -7.501710 0.100000
97039 32.843472 -52.644719 -6.897190 0.100000
97040 32.656267 -53.294092 -6.673463 0.100000
97041 32.175407 -54.055333 -7.029600 0.100000
97042 41.320924 -54.599206 -3.480099 0.100000
97043 40.600551 -54.183570 -4.258122 0.100000
97044 40.544573 -54.655594 -4.562209 0.100000
97045 39.269010 -55.662395 -5.210561 0.100000
97046 38.426587 -55.636020 -5.258959 0.100000
97719 46.706739 -48.581133 -1.369758 0.400000
97720 45.934977 -48.363766 -1.386195 0.400000
97721 46.364448 -48.302830 -2.200745 0.400000
97722 35.330363 -55.152173 -12.622780 0.500000
97723 35.024778 -54.588292 -12.670265 0.500000
97724 34.456739 -45.115989 -21.464114 0.200000
97725 34.169508 -45.065968 -20.782887 0.200000
97726 35.636865 -43.737208 -21.993753 0.100000
97733 41.468669 -36.527708 -21.724368 0.100000
97734 40.917148 -36.711424 -21.312527 0.100000
97735 40.485842 -36.529527 -20.211241 0.100000
97737 37.562140 -35.449057 -16.505588 0.100000
98920 41.419115 -43.849075 -11.999083 0.100000
98921 42.433142 -44.124649 -11.446614 0.100000
98922 41.574201 -44.146477 -11.695910 0.100000
98923 41.798113 -45.588013 -10.923366 0.100000
98924 43.108548 -40.913252 -9.225779 0.200000
98925 38.119167 -39.525376 -17.949314 0.500000
98926 38.119167 -39.525376 -17.949314 0.400000
98927 37.519010 -40.472151 -18.094508 0.400000
98928 46.417673 -45.999101 -12.273948 0.400000
98929 46.417673 -45.999101 -12.273948 0.200000
98931 46.417673 -45.999101 -12.273948 0.400000
98932 47.595046 -44.472982 -0.716840 0.200000
98933 47.595046 -44.472982 -0.716840 0.200000
99732 33.127033 -55.365903 -14.667373 0.100000
99733 33.537232 -56.714671 -14.794303 0.100000
101306 38.968931 -42.952321 -2.400730 0.100000
101307 38.968931 -42.952321 -2.400730 0.100000
101355 38.740431 -46.563892 1.167947 0.100000
101356 38.065942 -46.791264 0.481242 0.100000
101357 37.456608 -46.901311 -0.429191 0.100000
101358 36.750918 -47.425176 -1.206301 0.100000
101359 37.005113 -47.719849 -0.622783 0.100000
101360 36.497641 -48.529292 -1.341450 0.100000
101361 36.047064 -49.498805 -2.077467 0.100000
102039 51.638307 -45.012308 -6.921846 0.200000
102040 50.836262 -44.437512 -7.212234 0.200000
102041 51.928292 -44.671250 -7.397608 0.200000
102042 37.454773 -48.300102 -15.936682 0.100000
102043 36.862874 -47.934488 -15.904721 0.100000
102044 38.101731 -47.066838 -17.954793 0.200000
102045 32.865496 -56.025280 -18.342891 0.200000
102046 32.963687 -55.215837 -18.633280 0.200000
102047 36.316860 -44.814040 -7.530018 0.300000
102048 35.537756 -42.925946 -7.880676 0.300000
102049 35.152334 -42.506672 -7.792099 0.300000
102050 35.139487 -42.540323 -8.615780 0.300000
102051 34.786183 -42.101041 -9.374626 0.300000
102052 34.564107 -41.242486 -10.474086 0.200000
105252 45.206346 -41.062408 -6.953807 0.100000
105254 45.812927 -40.868687 -7.027774 0.100000
105255 46.625984 -40.230228 -7.496231 0.100000
105283 32.598454 -48.099105 -12.008215 0.100000
107668 37.039067 -47.712573 -2.989726 0.200000
107669 39.032250 -45.061420 -14.066505 0.300000
107670 38.068695 -47.933579 -2.980594 0.200000
107671 37.472208 -48.392869 -3.465489 0.200000
107672 37.908102 -48.869440 -3.929380 0.300000
107673 48.043787 -47.983600 5.028840 0.200000
107674 48.481516 -47.371516 5.324707 0.300000
107675 47.807028 -48.327386 3.750398 0.200000
107676 47.907972 -48.844884 3.314815 0.200000
107677 48.179602 -48.941290 2.367856 0.200000
107678 48.163084 -48.701185 1.384369 0.300000
107679 48.177767 -48.628426 0.441975 0.300000
107680 43.876640 -49.875332 -17.343880 0.300000
107681 49.133981 -48.476542 0.326916 0.400000
107690 52.213687 -47.416081 -1.944144 0.100000
107691 52.194416 -47.083209 -1.938665 0.100000
107692 50.852780 -47.552504 -1.429115 0.100000
107693 51.006031 -46.793083 -3.106612 0.200000
107694 50.382932 -46.546612 -3.831671 0.300000
107695 44.254720 -47.425176 -8.069703 0.400000
107696 43.741742 -47.366059 -8.138191 0.400000
107697 38.946907 -48.081825 -10.031197 0.200000
107698 39.001050 -47.822621 -10.576361 0.200000
107699 39.772811 -48.015432 -10.069550 0.200000
107700 42.601076 -47.786242 -11.739742 0.200000
107701 41.402597 -47.459736 -12.588993 0.200000
107702 41.777007 -47.681651 -13.278438 0.300000
107703 41.111695 -47.860820 -14.092987 0.100000
107704 40.633588 -48.077278 -14.736774 0.100000
107706 41.111695 -48.411969 -15.278285 0.200000
107707 46.357106 -45.017765 -15.954945 0.100000
107708 44.454773 -44.800398 -15.743089 0.100000
112377 42.791034 -41.328887 -9.627575 0.100000
112383 38.399975 -40.861411 -7.110872 0.100000
112384 38.826692 -40.633130 -7.740048 0.100000
112385 38.399975 -40.861411 -7.110872 0.100000
112386 39.571841 -40.935989 -8.876034 0.100000
112387 39.571841 -40.935989 -8.876034 0.100000
112388 40.013241 -41.144262 -9.425764 0.100000
112389 39.571841 -40.935989 -8.876034 0.100000
112390 39.931569 -41.639932 -10.190089 0.100000
112391 40.836393 -41.993722 -10.800088 0.100000
112392 40.836393 -41.993722 -10.800088 0.100000
112393 39.918721 -41.993722 -10.800088 0.100000
112394 39.053357 -42.017369 -10.758995 0.100000
112395 37.044573 -42.953230 -10.370897 0.100000
112396 32.295622 -41.135167 -12.791717 0.200000
112397 32.913215 -40.817756 -13.649185 0.200000
112398 32.125853 -41.745432 -12.877555 0.200000
112399 32.869167 -41.751799 -13.842778 0.200000
112400 33.240824 -42.227460 -14.013541 0.200000
112401 34.047457 -43.373413 -13.081192 0.300000
112402 34.047457 -43.373413 -13.081192 0.300000
112403 34.047457 -43.373413 -13.081192 0.300000
112404 34.137389 -43.548944 -12.736013 0.300000
112499 39.296540 -44.485715 -1.024579 0.100000
112511 40.015077 -45.881777 -3.239935 0.100000
112512 40.015077 -45.881777 -3.239935 0.100000
112513 39.284610 -45.664410 -4.109275 0.100000
112514 39.165313 -45.745354 -4.946654 0.100000
112515 39.797589 -46.190093 -4.919259 0.100000
112516 40.365627 -46.877665 -5.177687 0.100000
112517 39.771894 -46.928596 -5.492731 0.100000
112519 41.732958 -48.513831 -5.973060 0.100000
112521 41.386996 -48.144580 -7.473402 0.100000
112522 41.269534 -48.360128 -8.362831 0.100000
112523 35.342292 -44.508452 -10.800088 0.200000
112524 35.342292 -44.508452 -10.800088 0.200000
112525 35.791034 -44.566659 -10.872229 0.300000
112526 41.873362 -47.402439 -5.684497 0.200000
112527 41.908234 -47.186890 -6.328284 0.200000
112528 41.918328 -47.427904 -5.053495 0.100000
112529 42.802964 -47.388796 -4.500113 0.100000
112530 43.498559 -47.697112 -5.053495 0.100000
112531 41.230992 -45.451590 -5.458030 0.100000
112532 41.349372 -45.480693 -5.876263 0.100000
112533 39.498428 -47.680741 -7.310857 0.100000
112534 37.739251 -49.218683 -8.949088 0.100000
112535 37.739251 -49.218683 -8.949088 0.100000
112537 38.122838 -49.745276 -9.204776 0.100000
112538 37.861301 -50.079057 -9.261393 0.100000
112539 37.869560 -50.373731 -8.718969 0.100000
112541 40.968538 -44.533008 -1.745985 0.100000
112542 40.574857 -44.679436 -1.748725 0.100000
112543 38.533037 -44.448426 -3.241761 0.100000
112544 38.176063 -45.030498 -3.954036 0.100000
112545 34.926587 -49.821673 -6.585798 0.100000
112546 35.643289 -49.206860 -6.493568 0.100000
112547 35.414788 -50.175463 -7.107220 0.100000
112548 35.414788 -50.175463 -7.107220 0.100000
112549 36.266388 -50.123622 -7.203103 0.100000
112550 36.172785 -50.401925 -7.836844 0.100000
112551 35.014683 -50.564723 -8.638609 0.100000
112552 33.935501 -51.005824 -9.787380 0.100000
112553 33.588622 -51.460567 -10.743471 0.100000
112554 33.495019 -52.295476 -11.190926 0.100000
112555 33.418852 -53.204963 -10.752603 0.100000
112556 33.418852 -53.204963 -10.752603 0.100000
112557 33.466571 -54.044419 -11.142528 0.100000
112558 31.590850 -54.924802 -9.292441 0.100000
112559 31.756949 -55.678766 -9.823907 0.100000
112560 30.496068 -56.566425 -9.849476 0.100000
112561 31.208181 -56.325411 -10.091466 0.100000
112562 30.873231 -57.046634 -10.296930 0.100000
112563 30.530939 -57.807874 -10.462214 0.100000
112564 29.975748 -59.277604 -10.796435 0.100000
112565 29.364578 -58.696442 -10.318846 0.100000
112566 28.610252 -60.107056 -11.631988 0.100000
112571 39.183666 -50.252769 -0.398143 0.100000
112572 38.143944 -53.549658 -3.820713 0.100000
112573 38.241217 -53.000328 -3.205235 0.100000
112574 37.418066 -53.134932 -3.399740 0.100000
112575 36.841768 -53.617870 -3.722090 0.100000
112576 36.638045 -53.081272 -3.444486 0.100000
112577 36.638045 -53.081272 -3.444486 0.100000
112578 36.116807 -53.175859 -3.766835 0.100000
112579 35.498296 -53.697904 -4.495547 0.100000
112580 35.144075 -54.119906 -4.985920 0.100000
112581 36.050735 -58.696442 -4.616086 0.100000
112582 36.050735 -58.696442 -4.616086 0.100000
112583 35.595570 -58.834684 -4.731145 0.100000
112584 35.074332 -58.096181 -4.477283 0.100000
112585 34.093341 -58.106186 -4.477283 0.100000
112589 31.969849 -57.752395 -5.132028 0.100000
112590 31.969849 -57.752395 -5.132028 0.100000
112591 32.544311 -55.994358 -5.203255 0.100000
112592 31.633063 -56.828357 -5.354842 0.100000
112593 31.633063 -56.828357 -5.354842 0.100000
112594 31.160462 -56.386347 -5.481773 0.100000
112595 30.974175 -55.941608 -5.930141 0.100000
112596 30.223519 -57.700555 -5.996802 0.100000
112597 30.056503 -56.922944 -6.389466 0.100000
112598 29.590326 -57.876995 -7.146486 0.100000
114594 37.224437 -46.740332 -14.108511 0.500000
114595 36.828003 -47.384249 -14.516699 0.500000
114596 36.828003 -47.384249 -14.516699 0.600000
114597 47.978632 -46.015472 2.313065 0.500000
114598 47.978632 -46.015472 2.313065 0.500000
114599 36.686681 -52.661999 -14.380636 0.500000
114600 45.491742 -45.959083 -0.463891 0.400000
114601 45.491742 -45.959083 -0.463891 0.400000
114602 45.171474 -45.343361 -1.869264 0.400000
114603 45.372445 -45.019584 -1.623620 0.400000
114604 45.796409 -44.454793 -1.728635 0.400000
114605 44.956739 -44.361116 -2.326763 0.300000
114606 45.124673 -43.475276 -3.454531 0.300000
114607 45.364185 -42.925946 -3.872763 0.200000
114608 31.875328 -55.474132 -13.612659 0.400000
114609 32.057945 -54.955724 -13.388931 0.400000
114610 31.504589 -54.832034 -13.900308 0.400000
114611 31.414657 -53.918910 -14.011715 0.400000
114612 31.711983 -52.284562 -14.264664 0.400000
114613 44.577741 -39.649975 -12.270295 0.100000
114614 34.051128 -44.649423 -17.289090 0.200000
114615 44.180389 -39.238887 -11.597287 0.100000
114616 34.672392 -44.124649 -16.353088 0.200000
114617 34.501705 -45.018674 -16.133927 0.200000
114618 34.612743 -46.365624 -15.525754 0.200000
114635 40.384899 -43.564405 -21.096105 0.100000
114636 38.018223 -54.307260 -21.524383 0.200000
114637 40.424358 -42.987791 -21.121674 0.100000
114638 33.627164 -45.749901 -10.695986 0.300000
114639 34.916493 -45.518892 -10.685942 0.300000
114640 39.053357 -48.605689 -25.133240 0.200000
114641 37.840195 -49.769832 -24.544243 0.200000
114642 38.121920 -48.632974 -24.989872 0.200000
114643 36.976666 -49.450602 -24.438316 0.100000
114644 36.842686 -48.428339 -24.511369 0.100000
114645 36.363661 -47.730763 -24.378046 0.100000
114646 36.562796 -46.837647 -24.796279 0.100000
114647 37.383194 -45.291520 -25.046488 0.100000
114648 38.302701 -44.832230 -25.206293 0.100000
115978 34.860515 -40.643135 -16.537549 0.300000
115979 35.942450 -39.532651 -17.158506 0.300000
115980 35.390929 -40.560371 -16.979525 0.400000
115981 36.005769 -40.183844 -17.372189 0.500000
115982 35.628606 -41.523518 -17.368536 0.500000
115983 34.894468 -43.453448 -16.363133 0.500000
115984 35.686419 -42.546690 -17.242518 0.500000
115985 36.344390 -41.440754 -17.710976 0.500000
115986 36.344390 -41.440754 -17.710976 0.500000
115987 36.856451 -42.242012 -17.981275 0.500000
115988 49.123887 -44.759471 1.679324 0.500000
116608 32.596618 -59.383105 -11.554368 0.100000
116609 32.768223 -57.952482 -13.939574 0.100000
116610 32.317646 -59.807835 -12.030131 0.100000
116611 32.582853 -60.758248 -13.638227 0.100000
117875 38.523860 -47.326951 2.063769 0.100000
117876 38.369691 -47.757138 1.784339 0.100000
118404 39.224044 -49.142286 -16.356741 0.100000
118405 38.128344 -48.622060 -15.951293 0.100000
118408 38.688123 -47.142325 -18.309103 0.100000
118409 39.614972 -47.205989 -19.060644 0.100000
118410 39.051521 -46.764888 -18.803130 0.100000
118411 33.705166 -55.910685 -18.872531 0.200000
118412 33.881359 -55.334071 -19.338249 0.200000
118413 34.451233 -55.100333 -19.838667 0.200000
118414 34.411773 -54.076251 -20.541810 0.200000
120903 47.237154 -38.674096 -8.727187 0.100000
120926 32.116676 -49.170480 -12.725055 0.100000
122782 40.461983 -47.525219 -2.506658 0.200000
122783 39.918721 -47.970868 -2.972376 0.200000
122784 40.836393 -47.966320 -2.993379 0.200000
122785 41.148401 -48.351033 -3.543108 0.200000
122786 44.355664 -49.942634 -5.518300 0.200000
122787 48.164002 -45.692604 -11.443875 0.100000
122788 47.534479 -44.151024 -13.362449 0.100000
122789 47.784086 -47.512486 5.507342 0.100000
122790 41.730205 -48.519288 -5.002358 0.100000
122791 48.540247 -50.083605 4.146715 0.200000
122792 49.057814 -50.166368 4.055398 0.200000
122803 45.047589 -50.999458 -11.836539 0.100000
122804 39.381883 -49.387848 -10.432993 0.200000
122805 45.819351 -50.838479 -11.920550 0.200000
122806 40.524385 -49.203222 -10.811959 0.200000
122807 40.562927 -49.255972 -11.188186 0.200000
122810 41.643027 -48.532930 -11.589069 0.100000
122811 42.996592 -48.260084 -11.902287 0.200000
122812 43.237940 -48.361947 -12.304996 0.100000
122813 43.320530 -49.199584 -13.547823 0.100000
126449 38.456870 -40.945084 -6.070769 0.100000
126450 38.155874 -41.634475 -5.779467 0.100000
126451 38.155874 -41.634475 -5.779467 0.100000
126452 38.109990 -41.488957 -6.611367 0.100000
126453 38.109990 -41.488957 -6.611367 0.100000
126454 38.087966 -41.438026 -7.551934 0.100000
126455 37.797064 -42.060115 -8.073356 0.100000
126456 34.123624 -38.701381 -12.394487 0.200000
126457 37.381359 -42.617630 -7.814015 0.100000
126458 33.199529 -39.448979 -12.092227 0.200000
126459 32.332329 -40.080162 -11.639293 0.200000
126460 31.739513 -40.382112 -10.393726 0.200000
126461 31.891846 -40.525811 -11.305072 0.200000
126462 32.370871 -40.576742 -12.241074 0.200000
126463 31.793656 -41.396189 -11.662123 0.200000
126464 31.997379 -42.299310 -11.458485 0.200000
126465 31.976272 -42.790432 -11.002812 0.200000
126547 43.403121 -47.224179 -3.040864 0.100000
126548 43.679340 -47.418809 -3.473707 0.100000
126549 42.581805 -46.884031 -4.034395 0.100000
126550 42.592817 -46.894945 -4.882732 0.100000
126551 41.106189 -46.829462 -5.179513 0.100000
126552 43.041558 -47.349688 -5.566698 0.100000
126553 42.572628 -47.910842 -5.353016 0.100000
126554 42.305586 -48.354671 -5.432462 0.100000
126568 42.671737 -44.727639 -4.386879 0.100000
126569 40.442712 -45.628030 -5.353929 0.100000
126570 39.552570 -48.255537 -7.062474 0.100000
126571 36.939959 -45.886324 -3.329426 0.100000
126572 36.645386 -46.187365 -3.744919 0.100000
126573 35.921343 -47.384249 -4.271820 0.100000
126574 35.594652 -48.404693 -5.140247 0.100000
126575 35.071579 -49.347830 -6.252490 0.100000
126576 34.491611 -49.683431 -5.300052 0.100000
126577 34.783430 -49.201403 -5.691803 0.100000
126578 34.520976 -50.334623 -6.800394 0.100000
126579 34.520976 -50.334623 -6.800394 0.100000
126580 34.062140 -51.141338 -8.088880 0.100000
126581 34.055716 -51.903487 -8.925345 0.100000
126582 33.501443 -52.189066 -9.437635 0.100000
126583 33.346356 -52.046277 -8.029524 0.100000
126584 33.063713 -52.449179 -8.657786 0.100000
126585 32.278186 -53.816138 -9.113459 0.100000
126586 32.452544 -53.251346 -7.501710 0.100000
126587 32.278186 -53.816138 -9.113459 0.100000
126588 31.296277 -54.630128 -8.781977 0.100000
126589 31.296277 -54.630128 -8.781977 0.100000
126590 30.520845 -55.669671 -9.034013 0.100000
126591 29.671998 -56.627361 -8.847726 0.100000
126595 39.955428 -52.505568 -2.907540 0.100000
126596 38.974437 -53.448705 -3.779620 0.100000
126597 39.630572 -53.966203 -4.288257 0.100000
126598 38.800997 -53.994397 -4.238032 0.100000
126599 38.800997 -53.994397 -4.238032 0.100000
126600 37.944809 -54.259058 -4.379574 0.100000
126601 37.081280 -54.494615 -4.718361 0.100000
126602 36.285659 -55.072139 -4.970397 0.100000
128169 46.681044 -47.700750 1.416330 0.500000
128170 46.780153 -47.091394 1.758770 0.500000
128171 46.330494 -47.598888 0.649265 0.500000
128172 37.961327 -53.621508 -14.540442 0.500000
128173 37.210672 -53.298640 -14.324020 0.500000
128174 36.885816 -54.370924 -13.455593 0.500000
128175 46.059781 -47.741677 -0.097709 0.500000
128176 36.259964 -52.944850 -13.992538 0.500000
128177 35.770845 -52.716568 -13.944140 0.500000
128178 35.330363 -52.295476 -13.951445 0.500000
128179 34.853173 -51.858923 -13.935008 0.400000
128180 31.478894 -52.276377 -16.964001 0.300000
128181 31.229287 -52.551951 -16.306517 0.400000
128182 31.667935 -50.463770 -17.839733 0.300000
128183 32.079051 -48.519288 -18.377591 0.300000
128184 33.536314 -45.802652 -18.600405 0.200000
128187 44.623624 -40.523992 -12.800848 0.100000
128201 37.173047 -45.071425 -13.146941 0.200000
128202 36.981254 -44.432055 -13.737763 0.200000
128203 37.853960 -43.801781 -14.586100 0.200000
128204 40.345439 -38.906015 -20.927168 0.100000
128205 39.843472 -49.255972 -24.842851 0.200000
128206 39.146042 -37.042477 -19.542799 0.100000
128207 38.881752 -37.800989 -18.854267 0.100000
128208 38.630310 -37.776433 -15.134004 0.100000
128209 39.674621 -48.094558 -25.444631 0.200000
128211 39.781071 -46.315602 -26.436336 0.100000
130750 43.597667 -43.204249 -11.577198 0.100000
130751 45.221029 -44.040067 -11.196405 0.100000
130752 45.221029 -44.040067 -11.196405 0.100000
130753 44.263897 -44.035519 -11.352557 0.100000
130754 44.759440 -44.713996 -11.063082 0.100000
130755 42.896566 -44.722182 -11.116046 0.100000
130756 43.814238 -44.722182 -11.116046 0.100000
130757 45.332067 -45.233313 -10.559924 0.100000
130758 45.063189 -40.864140 -7.548282 0.200000
130759 45.554144 -39.940101 -8.138191 0.200000
130760 46.275434 -39.570850 -8.727187 0.100000
130761 42.105533 -40.755911 -9.784641 0.200000
130762 38.470635 -38.350319 -18.268924 0.300000
130763 43.262717 -40.262969 -9.076019 0.200000
130764 45.058601 -39.537199 -9.633967 0.300000
130765 45.058601 -39.537199 -9.633967 0.200000
130766 44.492397 -39.889170 -8.858684 0.200000
130767 45.401810 -39.646337 -8.808459 0.200000
130768 45.533037 -45.668957 -10.507873 0.100000
130769 46.275434 -39.570850 -8.727187 0.100000
130773 48.529235 -44.114645 -1.317708 0.100000
130774 48.751312 -43.617156 -2.549577 0.100000
132471 33.127033 -58.312639 -14.439993 0.100000
135785 38.576168 -41.870032 -3.363213 0.100000
135786 38.464212 -41.693592 -3.897419 0.100000
135787 38.788150 -42.245650 -2.982421 0.100000
135788 38.383456 -42.299310 -3.434441 0.100000
135789 38.154956 -42.315680 -4.142149 0.100000
135790 38.046671 -42.986881 -3.290160 0.100000
135791 38.046671 -42.986881 -3.290160 0.100000
135792 37.601600 -43.461633 -3.483752 0.100000
135887 39.319482 -44.851329 -1.347842 0.100000
135888 38.292607 -44.676707 -1.863785 0.100000
135895 39.040509 -45.115080 -0.531466 0.100000
135896 38.366021 -45.056873 -1.361540 0.100000
135897 37.739251 -45.575280 -1.687542 0.100000
135898 37.183142 -45.951807 -2.304847 0.100000
135899 36.124149 -46.904949 -3.129441 0.100000
135900 35.649712 -47.786242 -3.123962 0.100000
135901 36.238858 -47.804432 -1.984323 0.100000
135902 35.661642 -48.701185 -2.585191 0.100000
135903 35.222077 -48.697547 -3.333992 0.100000
135904 34.687075 -49.791660 -3.593333 0.100000
135905 34.298899 -51.385990 -4.764933 0.100000
135906 34.122706 -52.339131 -4.982268 0.100000
135908 39.505769 -56.832904 -4.813331 0.100000
135910 38.583509 -58.121647 -4.757627 0.100000
135911 37.624542 -58.393583 -4.460846 0.100000
135914 36.569219 -58.640964 -4.328436 0.100000
135915 35.910331 -59.504066 -4.629783 0.100000
137334 47.795098 -46.201916 -5.296399 0.400000
137335 47.161904 -46.566620 -4.977702 0.300000
137336 47.795098 -46.201916 -5.296399 0.300000
137337 48.119036 -45.279697 -6.163913 0.200000
137338 40.231647 -44.768566 -5.300965 0.300000
137339 40.481254 -45.303344 -6.706337 0.300000
137340 39.602125 -44.638509 -5.396848 0.300000
137341 39.133194 -44.265619 -5.074498 0.400000
137342 38.336655 -44.070989 -5.075411 0.400000
137343 37.396959 -43.656263 -4.622478 0.500000
137344 36.975748 -43.420706 -5.100067 0.500000
137345 38.039330 -48.338300 -16.772235 0.100000
137346 37.399712 -48.070002 -16.522025 0.100000
137347 36.873886 -47.546137 -16.613343 0.100000
137348 32.307552 -55.827922 -17.912787 0.200000
137349 32.022156 -56.152609 -17.475377 0.200000
137350 38.079707 -45.035955 -7.494405 0.300000
137351 36.818826 -43.735389 -6.277146 0.400000
137352 36.819744 -43.591690 -5.797731 0.400000
137353 31.612874 -53.160398 -16.974046 0.300000
137354 35.235842 -42.012821 -6.017805 0.400000
137355 31.927636 -50.659310 -19.214970 0.200000
137356 32.623231 -48.758483 -19.637769 0.200000
137357 32.711327 -50.668405 -20.208502 0.200000
137358 33.180258 -48.352852 -20.854114 0.200000
137359 33.316073 -47.824440 -20.568292 0.200000
137360 34.451233 -45.910881 -21.761808 0.100000
137361 36.117725 -44.658518 -22.790040 0.100000
137362 36.776613 -44.591216 -22.955324 0.100000
142566 41.826561 -53.235885 -3.659081 0.100000
143895 45.221029 -44.040067 -11.196405 0.100000
143949 41.827479 -46.012743 -21.433979 0.100000
143950 41.288805 -46.408370 -21.020312 0.200000
143951 42.059649 -45.376103 -20.999309 0.100000
143957 32.681962 -46.890398 -11.088651 0.100000
143958 33.547326 -46.927687 -11.324249 0.100000
143959 36.262717 -46.824005 -11.429264 0.200000
143960 32.574594 -48.647526 -12.462062 0.100000
143961 34.911904 -49.222321 -11.366255 0.100000
143962 34.853173 -49.151381 -9.932574 0.100000
143963 38.049424 -47.533405 -13.085758 0.100000
143964 37.669508 -48.923100 -11.865760 0.100000
143965 37.089539 -48.549301 -11.632901 0.100000
143966 37.098716 -47.726216 -11.518755 0.100000
143967 37.207001 -46.851290 -11.760745 0.200000
143968 37.452937 -45.726255 -12.868423 0.200000
143969 38.328396 -44.125559 -14.370592 0.200000
143970 42.465260 -39.178861 -22.714246 0.100000
143971 43.232434 -38.441268 -22.873138 0.100000
143974 42.747903 -37.541785 -23.225623 0.100000
143975 41.699004 -36.027490 -21.480551 0.100000
148762 36.548113 -44.796760 -14.377897 0.500000
148763 35.962638 -45.279697 -14.717597 0.500000
148764 37.074857 -45.688056 -14.641804 0.500000
148765 37.352911 -46.030933 -14.258271 0.400000
148766 37.796147 -46.562073 -13.682060 0.400000
148767 39.109335 -45.983640 -13.945053 0.400000
148768 38.703724 -46.603000 -13.591656 0.400000
148769 38.111826 -46.966794 -13.938661 0.400000
148770 38.942319 -48.045446 -14.801609 0.500000
148771 38.942319 -48.045446 -14.801609 0.500000
148772 47.845570 -46.831281 2.639068 0.500000
148773 39.301128 -48.434706 -3.419830 0.200000
148774 38.776220 -48.880354 -3.885548 0.300000
148775 47.825381 -46.340158 4.728406 0.400000
148776 48.651286 -47.101398 4.906474 0.400000
148777 48.209886 -46.690311 4.919259 0.400000
148778 48.348454 -46.892217 4.061790 0.400000
148779 47.801522 -47.401529 2.869187 0.400000
148780 47.061878 -47.974506 1.887527 0.400000
148781 46.933404 -47.495206 1.945057 0.500000
148782 46.640667 -48.105472 0.977094 0.500000
148783 46.602125 -48.234619 0.458412 0.500000
148784 47.268354 -48.562943 0.456586 0.400000
148785 41.210803 -49.195946 -15.439916 0.400000
148786 47.320662 -48.628426 -0.456586 0.500000
148787 46.706739 -48.581133 -1.369758 0.400000
148788 47.230730 -48.528383 -2.193440 0.400000
148789 47.669377 -48.350124 -2.705729 0.400000
148790 47.993315 -47.453370 -3.702913 0.400000
148797 44.184060 -49.002225 -7.739135 0.100000
148798 42.198218 -48.797591 -7.290767 0.100000
148799 51.374935 -49.162295 3.506581 0.200000
148808 42.111039 -49.115002 -7.369300 0.100000
148809 50.032382 -48.979488 1.355148 0.200000
148810 49.656136 -48.118204 0.109581 0.200000
148811 49.263373 -48.109110 -0.373487 0.500000
148812 50.490300 -47.311490 -2.063769 0.400000
148813 49.535921 -47.275110 -2.502092 0.400000
148814 49.115628 -47.577060 -2.314892 0.400000
148815 48.712770 -47.399710 -3.013468 0.400000
148816 48.294311 -47.066838 -3.891027 0.400000
148817 47.940090 -46.591177 -4.754888 0.400000
148818 48.467751 -46.120972 -5.215127 0.300000
148819 42.756162 -46.124610 -6.878013 0.400000
148820 42.056896 -46.291046 -7.428656 0.400000
148821 43.318695 -47.178705 -8.140931 0.400000
148822 43.318695 -47.178705 -8.140931 0.400000
148823 41.813713 -46.907678 -8.010347 0.300000
148824 52.264159 -45.346999 -7.119091 0.200000
148825 37.807159 -48.298283 -14.509394 0.100000
148826 37.807159 -48.298283 -14.509394 0.100000
148827 40.282119 -48.347395 -10.139865 0.200000
148828 39.881097 -47.825350 -10.590972 0.200000
148829 39.881097 -47.825350 -10.590972 0.200000
148830 40.535397 -47.470650 -12.599951 0.200000
148831 39.853567 -47.517943 -12.394487 0.200000
148832 38.984531 -47.789880 -13.166117 0.100000
148833 39.331411 -48.328296 -14.484738 0.100000
148834 38.486236 -48.354671 -14.458256 0.100000
148835 38.223782 -48.572038 -15.132177 0.100000
148836 38.979943 -48.902182 -15.886457 0.100000
148839 46.501181 -43.794505 -13.440069 0.100000
148840 45.931307 -43.469819 -13.503078 0.100000
148841 45.701889 -43.099658 -13.779769 0.100000
148842 46.110253 -42.790432 -14.550486 0.100000
148843 44.546540 -43.223348 -16.330259 0.100000
148844 42.214736 -44.767656 -18.002278 0.100000
148907 44.124411 -49.066799 -14.467388 0.100000
148919 42.175276 -45.703518 -17.276306 0.100000
148922 41.984400 -45.436129 -17.433371 0.100000
148923 41.721946 -45.273331 -17.971230 0.100000
148924 41.249345 -45.429762 -18.329193 0.100000
148925 41.306241 -45.226947 -18.835091 0.100000
158199 44.177636 -42.631272 -11.117872 0.100000
158212 39.622313 -40.473970 -7.697129 0.100000
158213 39.622313 -40.473970 -7.697129 0.100000
158217 41.920163 -40.656777 -8.706184 0.100000
158218 41.920163 -40.656777 -8.706184 0.100000
158219 41.892633 -41.126981 -9.458638 0.100000
158220 42.791034 -41.328887 -9.627575 0.100000
158221 41.012586 -41.250672 -9.658623 0.100000
158222 41.786183 -41.620833 -10.209266 0.100000
158223 42.659807 -41.631746 -10.159954 0.100000
158224 43.542607 -42.096494 -10.597364 0.100000
158225 43.542607 -42.096494 -10.597364 0.100000
158226 44.629130 -43.280646 -11.290462 0.100000
158227 43.169115 -42.738592 -11.858455 0.100000
158228 42.629524 -42.963235 -11.938814 0.100000
158229 42.650630 -43.525297 -11.691344 0.100000
158230 40.836393 -42.291124 -11.414653 0.100000
158231 40.785921 -42.674927 -11.915985 0.100000
158232 41.419115 -43.849075 -11.999083 0.100000
158233 40.500525 -43.287921 -12.185370 0.100000
158234 39.544311 -43.275189 -12.252945 0.100000
158235 39.874673 -44.056438 -12.261164 0.100000
158236 34.408102 -38.449453 -13.349665 0.200000
158237 34.281464 -38.473100 -14.277448 0.200000
158238 37.044573 -42.953230 -10.370897 0.100000
158239 33.313320 -40.458509 -14.220831 0.200000
158240 33.800604 -39.589949 -14.724902 0.200000
158241 35.024778 -38.406707 -15.523928 0.200000
158242 37.709885 -43.628069 -11.756179 0.100000
158243 35.172523 -38.757769 -16.018867 0.200000
158244 35.456084 -38.906015 -16.528418 0.200000
158245 35.034872 -40.179296 -16.482759 0.200000
158246 34.328265 -41.554440 -16.192370 0.400000
158247 35.000918 -44.709449 -14.482912 0.400000
158248 33.839146 -42.831359 -14.765082 0.300000
158249 34.135554 -43.101477 -14.958674 0.400000
158250 35.000918 -44.709449 -14.482912 0.400000
158251 35.000918 -44.709449 -14.482912 0.500000
158252 35.000918 -44.709449 -14.482912 0.500000
158253 35.657971 -44.790393 -14.384289 0.500000
158436 39.041427 -43.549854 -1.705806 0.100000
158438 39.041427 -43.549854 -1.705806 0.100000
158439 39.041427 -43.549854 -1.705806 0.100000
158440 38.176063 -43.471638 -2.301194 0.100000
158441 37.422654 -43.746303 -2.754127 0.100000
158442 38.050342 -44.082813 -2.489308 0.100000
158463 39.298375 -44.806764 -1.433680 0.100000
158464 39.522287 -45.544358 -2.587017 0.100000
158465 39.031333 -44.997756 -2.305760 0.100000
158466 39.298375 -44.806764 -1.433680 0.100000
158467 38.544049 -44.726729 -2.621718 0.100000
158468 37.853042 -44.266529 -3.501102 0.100000
158469 38.329314 -44.759471 -4.179589 0.100000
158470 38.329314 -44.759471 -4.179589 0.100000
158471 38.300866 -44.765837 -5.048929 0.100000
158472 38.694547 -45.286063 -4.946654 0.100000
158473 39.165313 -45.745354 -4.946654 0.100000
158474 38.489906 -45.373374 -5.585875 0.100000
158475 38.333902 -45.879958 -6.168478 0.100000
158476 38.652334 -46.507504 -6.330110 0.100000
158477 31.959754 -43.152408 -10.497828 0.200000
158478 32.434190 -43.524388 -10.866750 0.200000
158479 40.951102 -47.624353 -5.329273 0.100000
158480 40.206870 -47.644362 -5.364887 0.100000
158481 39.678291 -47.698022 -5.732895 0.100000
158482 40.821710 -48.480180 -5.935620 0.100000
158483 39.796671 -48.290097 -5.972146 0.100000
158484 39.796671 -48.290097 -5.972146 0.100000
158485 38.763373 -47.085028 -6.878013 0.100000
158486 38.460541 -47.159606 -7.406740 0.100000
158487 32.720504 -43.665358 -11.049384 0.200000
158488 33.379392 -43.799962 -11.374473 0.200000
158489 34.273205 -43.819971 -12.327825 0.200000
158490 35.240431 -44.080994 -12.327825 0.300000
158491 41.873362 -47.402439 -5.684497 0.400000
158492 35.240431 -44.080994 -12.327825 0.400000
158493 35.026613 -44.062804 -13.218168 0.400000
158494 36.186550 -44.149205 -12.315041 0.500000
158495 36.248034 -44.407499 -13.855562 0.500000
158496 37.165706 -44.407499 -13.855562 0.500000
158497 37.165706 -44.407499 -13.855562 0.500000
158498 34.966965 -46.024566 -2.960504 0.500000
158499 38.062271 -44.443879 -13.850997 0.300000
158500 42.762586 -47.199623 -6.505439 0.100000
158501 38.626639 -44.184675 -13.166117 0.300000
158502 38.942319 -44.481168 -13.814470 0.300000
158503 37.757604 -47.468831 -2.550490 0.200000
158504 38.626639 -47.525219 -2.506658 0.200000
158505 39.544311 -47.525219 -2.506658 0.200000
158506 42.951626 -47.229636 -4.089185 0.100000
158508 43.956477 -47.630720 -4.669050 0.100000
158510 44.653908 -47.612530 -4.252643 0.100000
158511 44.441008 -47.959954 -5.196863 0.100000
158512 45.420163 -48.513831 -5.956623 0.100000
158513 39.843472 -47.135959 -1.984323 0.200000
158514 39.843472 -47.135959 -1.984323 0.200000
158515 40.761144 -47.135959 -1.984323 0.200000
158516 41.678816 -47.135959 -1.984323 0.100000
158521 34.468669 -50.502878 -11.373560 0.100000
158522 33.875853 -50.853940 -12.001823 0.100000
158523 33.608810 -51.466024 -12.502241 0.100000
158529 41.196120 -44.212869 -3.121223 0.100000
158530 39.843472 -45.242408 -4.798720 0.100000
158531 39.203855 -46.873117 -6.092685 0.100000
158532 38.817515 -47.718940 -6.668897 0.100000
158533 36.891322 -46.566620 -4.419754 0.100000
158534 37.250132 -46.784897 -5.006010 0.100000
158535 37.808994 -46.566620 -5.332926 0.100000
158536 36.325119 -49.613400 -6.853358 0.100000
158537 36.325119 -49.613400 -6.853358 0.100000
158538 37.380441 -48.295554 -6.244272 0.100000
158539 37.798900 -48.268270 -6.320065 0.100000
158540 37.563976 -49.103178 -7.419524 0.100000
158541 38.576168 -50.072691 -7.225019 0.100000
158542 38.066860 -50.373731 -7.838671 0.100000
158543 36.812402 -50.410111 -8.668744 0.100000
158544 35.255113 -50.447399 -9.602919 0.100000
158545 35.873624 -50.447399 -8.689747 0.100000
158546 35.873624 -50.447399 -8.689747 0.100000
158547 34.487940 -50.551081 -10.426601 0.100000
158548 33.869429 -50.847574 -11.116046 0.100000
158549 33.570268 -51.460567 -11.638380 0.100000
158554 33.478501 -53.204963 -11.642946 0.100000
158557 33.042607 -55.094876 -12.535115 0.100000
158558 32.866414 -55.085781 -13.149680 0.100000
158559 32.468144 -56.717400 -13.119546 0.100000
158560 33.139880 -53.251346 -9.886003 0.100000
158561 33.222471 -54.028957 -10.372723 0.100000
158562 33.383063 -54.751090 -10.464954 0.100000
158563 32.590195 -55.033940 -9.882350 0.100000
158564 33.417935 -55.663305 -10.033937 0.100000
158565 34.805454 -55.558714 -11.029294 0.100000
158566 34.287887 -55.603279 -11.480401 0.100000
158567 32.329576 -56.905663 -11.555282 0.100000
158568 32.107499 -58.264436 -11.813709 0.100000
158569 32.610383 -59.128449 -10.390074 0.100000
158570 31.669770 -60.163444 -11.303246 0.100000
158571 30.092292 -61.327587 -11.451180 0.100000
158572 29.903252 -59.749628 -11.104174 0.100000
158573 30.173047 -60.489040 -11.323336 0.100000
158585 38.599109 -48.279184 1.883874 0.100000
158586 38.064107 -48.911277 -0.239251 0.100000
158587 40.189434 -51.279580 -2.456433 0.100000
158588 39.784741 -50.603831 -1.413591 0.100000
158589 38.419246 -51.496037 -2.366029 0.100000
158590 38.002623 -52.318213 -2.671029 0.100000
158591 38.002623 -52.318213 -2.671029 0.100000
158592 38.841375 -50.344627 -1.290312 0.100000
158593 38.107237 -49.760737 -1.092154 0.100000
158594 37.750263 -49.256882 -0.744235 0.100000
158595 37.273074 -49.527909 -1.199908 0.100000
158596 36.906005 -50.110889 -1.691195 0.100000
158597 36.411380 -49.965372 -1.813560 0.100000
158598 35.448742 -51.919858 -3.543108 0.100000
158599 36.018616 -52.324580 -3.439920 0.100000
158600 35.448742 -51.919858 -3.543108 0.100000
158601 34.911904 -51.107687 -3.468228 0.100000
158602 34.589801 -52.251821 -4.470891 0.100000
158603 33.893289 -53.115833 -5.209648 0.100000
158604 33.893289 -53.115833 -5.209648 0.100000
158605 39.330494 -56.460924 -5.382237 0.100000
158606 38.607368 -56.601895 -5.543869 0.100000
158607 38.083378 -56.156246 -5.563045 0.100000
158608 36.203068 -57.132126 -5.244348 0.100000
158609 36.791296 -56.620085 -5.563045 0.100000
158610 36.791296 -56.620085 -5.563045 0.100000
158611 36.584820 -55.684223 -5.294573 0.100000
158612 36.584820 -55.684223 -5.294573 0.100000
158613 35.055061 -55.603279 -4.617912 0.100000
158616 33.642764 -57.700555 -4.723840 0.100000
158618 33.129786 -58.225328 -4.757627 0.100000
158619 34.531988 -57.552308 -4.726580 0.100000
158620 34.240168 -56.482752 -4.470891 0.100000
158621 35.055061 -55.603279 -4.617912 0.100000
158622 35.236760 -55.053039 -4.846205 0.100000
158623 34.454904 -55.429567 -4.549424 0.100000
158624 34.898139 -54.687426 -5.312836 0.100000
158625 34.811878 -54.490067 -5.537476 0.100000
158626 32.544311 -55.994358 -5.203255 0.100000
158627 33.539067 -55.290415 -5.181339 0.100000
158628 34.296146 -54.351825 -5.556653 0.100000
158629 33.524385 -54.802931 -5.615096 0.100000
158630 33.695071 -53.626055 -5.420590 0.100000
158631 33.444547 -53.153122 -5.633360 0.100000
158632 32.681044 -54.070794 -6.299062 0.100000
158633 31.115496 -55.383183 -6.476218 0.100000
158634 31.638569 -54.841129 -6.799481 0.100000
158635 30.597012 -55.754253 -6.616846 0.100000
158636 30.466702 -55.623287 -7.210408 0.100000
158637 30.466702 -55.623287 -7.210408 0.100000
158638 29.586655 -56.552783 -8.059658 0.100000
158639 29.586655 -56.552783 -8.059658 0.100000
158640 29.671998 -56.627361 -8.847726 0.100000
158642 29.667410 -58.323553 -6.802220 0.100000
158643 29.614185 -58.699171 -7.730003 0.100000
158645 29.275564 -58.952008 -7.887982 0.100000
158646 29.593996 -58.314458 -7.810362 0.100000
158647 29.663739 -58.415411 -8.574687 0.100000
158648 29.454510 -58.383579 -9.040405 0.100000
158649 29.594914 -57.907008 -9.840344 0.100000
158650 29.221422 -58.439967 -9.855868 0.100000
158651 28.927767 -59.017491 -10.166347 0.100000
158652 28.119298 -59.736895 -11.001899 0.100000
162628 35.507473 -45.950898 -14.924887 0.500000
162629 35.100945 -46.215559 -15.481922 0.500000
162630 34.754982 -46.368352 -16.300124 0.500000
162631 36.341637 -47.332408 -14.629019 0.500000
162632 35.586393 -47.259649 -15.522102 0.500000
162633 34.856844 -46.550250 -16.482759 0.500000
162634 35.341375 -45.048687 -17.575826 0.500000
162635 36.041558 -43.837251 -18.202262 0.500000
162636 48.427374 -44.624867 0.925043 0.500000
162637 46.983876 -46.623918 1.694848 0.500000
162638 46.943499 -46.154623 1.183471 0.500000
162639 46.943499 -46.154623 1.183471 0.500000
162640 36.529760 -47.039553 -18.373939 0.400000
162641 36.529760 -47.039553 -18.373939 0.500000
162642 36.529760 -47.039553 -18.373939 0.500000
162643 47.744626 -45.452499 0.640134 0.500000
162644 47.679471 -45.213304 0.229206 0.500000
162645 47.919901 -44.778570 0.063009 0.500000
162646 47.595046 -44.472982 -0.716840 0.500000
162647 47.517961 -44.309275 -1.219998 0.400000
162648 47.327085 -43.883635 -2.028156 0.300000
162649 46.407578 -43.919105 -2.219922 0.300000
162650 46.573677 -43.466181 -2.750475 0.300000
162651 47.228894 -43.434349 -2.555056 0.100000
162652 47.467489 -42.297491 -3.264591 0.100000
162655 46.725093 -46.403822 -5.499123 0.400000
162656 34.374149 -55.051220 -12.512286 0.500000
162657 34.393420 -54.266333 -12.608169 0.500000
162658 32.565418 -55.014841 -12.944217 0.400000
162659 33.552832 -54.193575 -12.604516 0.400000
162660 34.157578 -53.710637 -12.727795 0.500000
162661 34.889880 -52.709293 -13.475683 0.400000
162662 33.972208 -51.874384 -13.512210 0.400000
162663 34.309912 -50.478322 -14.176086 0.400000
162664 30.989775 -52.147230 -16.081876 0.400000
162665 31.135685 -51.213187 -15.311159 0.400000
162666 31.924883 -51.352339 -14.434514 0.400000
162667 32.166230 -48.040898 -16.354002 0.400000
162668 32.242397 -50.173644 -14.728555 0.400000
162669 32.593865 -50.476503 -14.349589 0.400000
162670 33.444547 -50.426481 -14.155996 0.400000
162671 34.309912 -50.478322 -14.176086 0.400000
162672 34.785266 -49.969010 -14.463735 0.400000
162673 35.103698 -49.496986 -14.949543 0.400000
162674 35.041296 -48.501098 -15.197926 0.400000
162675 35.041296 -48.501098 -15.197926 0.200000
162676 35.160593 -45.989096 -15.438090 0.200000
162677 35.378081 -46.838557 -15.237192 0.200000
162678 36.144337 -47.366059 -15.533973 0.200000
162679 36.451757 -47.184162 -15.637161 0.200000
162680 37.113399 -46.824005 -15.897416 0.100000
162682 38.694547 -45.526168 -16.438927 0.100000
162709 41.735711 -45.216033 -20.456885 0.200000
162710 36.323283 -55.917052 -19.633203 0.300000
162711 36.292083 -55.517787 -20.183846 0.300000
162712 37.165706 -54.535541 -20.969174 0.200000
162713 36.286576 -54.967548 -20.636779 0.200000
162714 35.635947 -55.416834 -20.217633 0.200000
162715 35.330363 -54.952086 -20.499804 0.200000
162716 35.075250 -54.493705 -20.800237 0.200000
162717 34.704510 -53.621508 -21.169159 0.200000
162718 36.569219 -44.616681 -12.843768 0.300000
162719 34.916493 -45.518892 -10.685942 0.300000
162720 35.941532 -44.172852 -11.769877 0.300000
162721 36.023205 -42.518496 -13.461985 0.300000
162722 35.835082 -43.473457 -11.883110 0.300000
162723 35.356975 -44.204684 -10.652154 0.400000
162724 34.981647 -44.698535 -10.137125 0.300000
162725 35.240431 -44.058257 -9.586482 0.300000
162726 35.436812 -44.324736 -8.638609 0.300000
162727 35.095439 -42.562151 -10.132559 0.200000
162728 34.775171 -41.736337 -11.021076 0.200000
162729 35.068826 -40.194758 -10.955327 0.200000
162730 35.619429 -47.875372 -23.790876 0.100000
162731 35.735056 -46.739423 -24.015517 0.100000
162732 35.274385 -46.915863 -23.307808 0.100000
162733 36.248034 -45.015036 -23.306895 0.100000
162734 36.776613 -44.591216 -22.955324 0.100000
162744 39.781071 -46.315602 -26.436336 0.100000
162753 39.442450 -45.398840 -26.545004 0.100000
162754 38.986367 -45.097800 -25.957834 0.100000
162755 38.752360 -44.773113 -25.426368 0.100000
162756 39.004720 -44.374758 -25.150590 0.100000
