#!ascii label  , from subject fsaverage vox2ras=TkReg coords=white
416
335 21.334951 -11.068451 -25.539601 -8.978585
336 24.015470 -13.196650 -28.922904 -8.385313
337 23.691532 -4.877576 -31.270670 -7.363201
816 20.814631 -7.051249 -28.080960 -6.415441
1755 20.774253 -14.575431 -23.583586 -9.326834
1756 21.030284 -15.368504 -25.812640 -9.862226
1757 19.141715 -9.965244 -26.380633 -9.175632
1758 22.905087 -8.631027 -30.383067 -9.404309
3885 20.843079 -12.620945 -24.547896 -9.621613
3886 19.471159 -11.930644 -25.082102 -9.803540
3887 19.450970 -9.698764 -25.444631 -8.927804
3888 21.930520 -6.023529 -30.026016 -6.641642
3889 21.025695 -7.343194 -29.388622 -8.044651
3890 23.185895 -6.657441 -30.953799 -8.677144
3891 25.780153 -7.606036 -30.129205 -8.239370
5543 22.021369 -14.116141 -27.606110 -9.230962
6075 22.981254 -10.552772 -26.512130 -7.354349
6076 20.477845 -8.553721 -26.452773 -7.440558
7070 26.475748 -12.045240 -28.932036 -7.041829
7937 20.071317 -14.581798 -24.483061 -10.060734
7938 19.742790 -12.557281 -26.208043 -9.896793
7939 20.615496 -11.300370 -27.894672 -9.373540
7940 19.698742 -8.096249 -27.285587 -7.973742
7941 20.379654 -9.031201 -28.554896 -9.063909
7942 23.148270 -10.801972 -29.677185 -9.106924
7943 25.967358 -9.871567 -29.617828 -7.975101
11564 22.492135 -13.625018 -24.515935 -9.430590
11565 20.990824 -11.778760 -25.040096 -9.431087
11566 19.904300 -10.970227 -25.043749 -9.443071
11567 20.207132 -10.205348 -25.417236 -8.948756
11568 22.725223 -5.498756 -30.779384 -7.065787
11569 22.412297 -6.263634 -30.624144 -7.725352
11570 23.429078 -5.757959 -31.096254 -8.030901
11571 24.511013 -6.122663 -30.941928 -8.483399
11572 24.613792 -5.102219 -31.127302 -7.825776
13223 22.947300 -13.721423 -28.442576 -8.829466
13224 23.845701 -15.110209 -27.994208 -8.379937
13225 24.809256 -14.501763 -28.405136 -7.869837
17411 22.015863 -15.088382 -23.304156 -8.877952
17413 21.802963 -15.850531 -22.682285 -8.360497
17415 20.761406 -15.480370 -23.172659 -8.955115
17416 20.377819 -15.532211 -23.648422 -9.526177
17417 20.202544 -14.449922 -23.966205 -9.731886
17418 19.061878 -10.845627 -25.680230 -9.501718
17419 19.377557 -12.098899 -25.587999 -9.880745
17420 19.265601 -11.200327 -26.248223 -9.590136
17421 19.935501 -11.794221 -26.918491 -9.597580
17422 19.587704 -10.494565 -27.062773 -9.355310
17423 20.471421 -7.637868 -27.148611 -6.783111
17424 19.897877 -8.148999 -26.774210 -7.605490
17425 20.148401 -7.448695 -27.653595 -7.202641
17426 21.763503 -7.922537 -30.062543 -8.952899
17427 20.619167 -8.091702 -29.024267 -8.654340
17428 21.548768 -8.846576 -29.658921 -9.266172
17429 21.492790 -9.897942 -29.256212 -9.332886
17430 22.876639 -9.673299 -30.040627 -9.351304
17431 24.555978 -10.409073 -29.856166 -8.753561
17432 24.394468 -9.310414 -30.217783 -9.064053
22388 20.830231 -16.189770 -24.899467 -9.877554
25424 22.197562 -14.335327 -23.889499 -9.259804
25425 20.805454 -13.554987 -24.051130 -9.572827
25426 20.090588 -13.247581 -24.437402 -9.813228
25427 19.955690 -12.077981 -24.708614 -9.727120
25428 19.304143 -10.735579 -25.250126 -9.446375
25429 19.116938 -9.678756 -25.852819 -9.000219
25430 21.324856 -6.525566 -29.079970 -6.380086
25431 20.670556 -7.003046 -28.664477 -7.116252
25432 21.483613 -6.649256 -29.793158 -7.330725
25433 22.047064 -7.050340 -30.451555 -8.400026
25434 23.083115 -7.639687 -30.708156 -9.174059
25435 24.402727 -8.266323 -30.489908 -9.156122
25436 24.385292 -7.173120 -30.732812 -8.957616
25437 25.749869 -6.481911 -30.393112 -7.985711
28409 21.423965 -14.634548 -26.709375 -9.599631
28410 22.361825 -16.201593 -26.464645 -9.100700
28411 23.045491 -15.613155 -27.290152 -8.791792
29535 21.980074 -10.617346 -26.041846 -8.267423
29536 20.682486 -9.617820 -25.880214 -8.252584
29537 21.487284 -9.439561 -26.425378 -7.400101
29538 21.284479 -8.376371 -26.978761 -6.577152
29544 22.341637 -5.388708 -30.226914 -6.064276
29545 22.945465 -4.727511 -30.880746 -6.504094
31856 25.335999 -12.671876 -29.037964 -7.821560
31857 25.900368 -13.861484 -28.544851 -7.228514
34158 20.389749 -15.761402 -24.231939 -9.923963
34159 20.320006 -14.827359 -25.144198 -10.167974
34160 19.722601 -13.233029 -24.918644 -10.008704
34161 19.828134 -13.489504 -25.390754 -10.126369
34162 20.360383 -13.933334 -25.977011 -10.034308
34163 20.604484 -13.206654 -26.882878 -9.717876
34164 21.160593 -12.687337 -27.759523 -9.380643
34165 22.206739 -12.316267 -28.680001 -9.083138
34166 19.932748 -9.010283 -25.927699 -8.248175
34167 19.430782 -8.763812 -26.209870 -8.364219
34168 19.310567 -8.954804 -26.773297 -8.642770
34169 20.169507 -7.616040 -28.296468 -7.865909
34170 19.829051 -8.439126 -27.927547 -8.518667
34171 19.624410 -9.413186 -27.377817 -9.009984
34172 20.334688 -10.099848 -28.134837 -9.279343
34173 21.714867 -11.055718 -28.906467 -9.245077
34174 23.426325 -11.957020 -29.301871 -8.776308
34175 24.838621 -11.517738 -29.477200 -8.322666
34176 26.274778 -10.944761 -29.248907 -7.565108
34178 25.882932 -8.725614 -29.889041 -8.221609
39917 23.870478 -3.972637 -31.376598 -6.750692
39926 24.888176 -4.166358 -31.241449 -7.093410
42281 22.331542 -11.767846 -25.634571 -8.962700
42283 22.046146 -12.053425 -25.385275 -9.217072
42284 21.808469 -12.406306 -25.050141 -9.396203
42285 21.193629 -11.444069 -25.303090 -9.238278
42286 20.547588 -10.969317 -25.243733 -9.236037
42287 20.699922 -10.579147 -25.445544 -8.969247
42288 23.251967 -5.179526 -31.104473 -7.255794
42289 23.022549 -5.603347 -30.954713 -7.577799
42290 23.632801 -5.332320 -31.206748 -7.693506
42291 24.074201 -5.484204 -31.192137 -8.020782
42292 24.100813 -4.983986 -31.256973 -7.674054
43943 23.325381 -13.412198 -28.620644 -8.616316
43944 23.875984 -14.147063 -28.484582 -8.403831
43945 24.359597 -13.881493 -28.645300 -8.149070
48131 21.296408 -14.763695 -23.416476 -9.108171
48132 21.935108 -15.506746 -22.958063 -8.630519
48133 21.279890 -15.262094 -23.097779 -8.893478
48134 21.193629 -15.662268 -22.864007 -8.657342
48135 20.752229 -15.049274 -23.330638 -9.151245
48136 20.465915 -15.021080 -23.565323 -9.402662
48137 20.444809 -14.475388 -23.758915 -9.534939
48138 19.064631 -10.407254 -26.027235 -9.327333
48139 19.104091 -11.006606 -25.939571 -9.547163
48140 19.174751 -10.556410 -26.322190 -9.395972
48141 19.392240 -10.815614 -26.660977 -9.456235
48142 19.311484 -10.198982 -26.702983 -9.274785
48143 20.588883 -7.325914 -27.578715 -6.558525
48144 20.273204 -7.505992 -27.377817 -6.961752
48145 20.448480 -7.209500 -27.811574 -6.804916
48146 22.315024 -8.289060 -30.288097 -9.263828
48147 21.601993 -8.347267 -29.843382 -9.143080
48148 22.273729 -8.764722 -30.058891 -9.361871
48149 22.208574 -9.300409 -29.962094 -9.390949
48150 22.911511 -9.156710 -30.206825 -9.409175
48151 23.624542 -9.550518 -30.235133 -9.264231
48152 23.600682 -8.971175 -30.381240 -9.339836
53108 20.909151 -15.762311 -25.356967 -9.910802
53110 21.410200 -16.111554 -25.699406 -9.614916
57731 21.596487 -13.091149 -24.515935 -9.539478
57732 22.339801 -13.969713 -24.177148 -9.375531
57733 21.497379 -13.499509 -24.230112 -9.512531
57734 21.425800 -13.906959 -23.942463 -9.426995
57735 20.832984 -13.107520 -24.293121 -9.625084
57736 20.388831 -12.860140 -24.386265 -9.716763
57737 20.337441 -12.282616 -24.623689 -9.681788
57738 19.667541 -10.356323 -25.251039 -9.209196
57739 19.560173 -10.809248 -25.127761 -9.440848
57740 19.360121 -10.215353 -25.344182 -9.207739
57741 19.127032 -10.180792 -25.498508 -9.226027
57742 19.250918 -9.650562 -25.638224 -8.949342
57743 21.613923 -6.299104 -29.584954 -6.479276
57744 21.357892 -6.544665 -29.431541 -6.825423
57745 21.723126 -6.371863 -29.902738 -6.976192
57746 22.751836 -6.430070 -30.867961 -8.249271
57747 22.248952 -6.642890 -30.567528 -8.068582
57748 22.641715 -6.865714 -30.745596 -8.570553
57749 22.554536 -7.348651 -30.639668 -8.858126
57750 23.131752 -7.152202 -30.839653 -8.953011
57751 23.745674 -7.436871 -30.776644 -9.144578
57752 23.745674 -6.913007 -30.897183 -8.934017
57753 25.106582 -5.766145 -30.819563 -8.088977
57754 25.139618 -6.320931 -30.701764 -8.362898
62708 21.753409 -14.377163 -27.161395 -9.422031
62709 22.242528 -15.162050 -27.059120 -9.240623
62710 22.596749 -14.893752 -27.485571 -9.054944
62711 24.840457 -15.541306 -27.985990 -7.810963
64935 22.438910 -10.585514 -26.311232 -7.829984
64936 21.708443 -10.030727 -26.233612 -7.843856
64937 22.196644 -9.973429 -26.444555 -7.386843
64939 21.853435 -8.861127 -26.925797 -6.522485
64956 22.693105 -5.049469 -30.601315 -6.284081
69908 25.960934 -12.411763 -28.990479 -7.463327
69909 26.213294 -12.965640 -28.753054 -7.167969
69910 26.802439 -12.663691 -28.704656 -6.743125
75288 20.194285 -15.062007 -24.074873 -9.856207
75289 20.324594 -15.619522 -23.926939 -9.762681
75290 20.221815 -15.165688 -24.356130 -10.020381
75291 20.316335 -15.296654 -24.684872 -10.103024
75292 20.132801 -14.674565 -24.831893 -10.155330
75293 19.784085 -12.554552 -24.801758 -9.861507
75294 19.885029 -13.212111 -24.665695 -9.916175
75295 19.636340 -12.568195 -25.030964 -9.924712
75296 19.507866 -12.321724 -25.889346 -9.904156
75297 19.628999 -12.809208 -25.572475 -10.023003
75298 19.754720 -12.977463 -25.831816 -10.033568
75299 20.018092 -13.681406 -25.640963 -10.116632
75300 20.037363 -13.234848 -26.124031 -9.994151
75301 20.443891 -13.528612 -26.446381 -9.886827
75302 20.061222 -12.825579 -26.523088 -9.840189
75303 20.166754 -11.481358 -27.349509 -9.471885
75304 20.467751 -12.202581 -27.364119 -9.525040
75305 20.892633 -12.014317 -27.772307 -9.389795
75306 21.702019 -12.541819 -28.249896 -9.227503
75307 21.329445 -11.787855 -28.290989 -9.274033
75308 20.567777 -9.073038 -26.157819 -7.839963
75309 20.253016 -9.265849 -25.894825 -8.241201
75310 20.160331 -8.752898 -26.209870 -7.856606
75311 19.742790 -8.078969 -26.976021 -7.762655
75312 19.660200 -8.426393 -26.493866 -7.997566
75313 19.528055 -8.420936 -26.712114 -8.137905
75314 19.339932 -8.827476 -26.478342 -8.484670
75315 19.434452 -8.503699 -27.000677 -8.324718
75316 20.831149 -7.153112 -29.037964 -7.561703
75317 20.407184 -7.295901 -28.472710 -7.496489
75318 20.509964 -7.445057 -28.783189 -7.923356
75319 20.476928 -8.547355 -28.774970 -8.886350
75320 20.184190 -8.229944 -28.423399 -8.556983
75321 20.023598 -8.698329 -28.209717 -8.807760
75322 19.678553 -8.920244 -27.670945 -8.785208
75323 19.963949 -9.211280 -28.018864 -9.010768
75324 19.922654 -9.728778 -27.731215 -9.170807
75325 20.354877 -9.564160 -28.350345 -9.191743
75326 22.247116 -10.339043 -29.500029 -9.289336
75327 21.542344 -10.440905 -29.081796 -9.301575
75328 22.385685 -10.945671 -29.394101 -9.188393
75329 22.613267 -11.560483 -29.230643 -9.069740
75330 23.294180 -11.394047 -29.526511 -8.948343
75331 24.213687 -11.787855 -29.482679 -8.578458
75332 23.935632 -11.193051 -29.721017 -8.783139
75333 25.248821 -10.146232 -29.752978 -8.426405
75334 25.425014 -10.681919 -29.542948 -8.221011
75335 26.127950 -10.405436 -29.397754 -7.786669
75336 27.008915 -10.650087 -29.056228 -7.047216
75337 26.778579 -10.064378 -29.285434 -7.242959
75338 25.147877 -7.972559 -30.323711 -8.790852
75339 25.092816 -8.503699 -30.204085 -8.789327
75340 25.770976 -8.130810 -30.001361 -8.262725
89573 25.532381 -4.255488 -31.016808 -7.026787
94543 22.611432 -13.305788 -24.824587 -9.417671
94544 21.662559 -12.706436 -24.811803 -9.502315
94545 20.847667 -12.120727 -24.823674 -9.558045
94546 20.344783 -11.774213 -24.837372 -9.591470
94547 20.412690 -11.345845 -25.032791 -9.443358
94548 20.036445 -10.582785 -25.206293 -9.222318
94549 19.790509 -9.895214 -25.414497 -8.930781
94550 22.359990 -5.791610 -30.432378 -6.847110
94551 22.137913 -6.130849 -30.340148 -7.172939
94552 22.580231 -5.879830 -30.731899 -7.386898
94553 22.908758 -6.024439 -30.902662 -7.912988
94554 23.327216 -6.206336 -30.983934 -8.363884
94555 23.829182 -6.423703 -30.971150 -8.665982
94556 23.937468 -5.936219 -31.077078 -8.356154
94557 24.541296 -5.607894 -31.055162 -8.170394
94558 25.175407 -5.239552 -30.931883 -7.766133
97529 22.466440 -13.906959 -28.031648 -9.033041
97530 22.903252 -14.634548 -27.859972 -8.852937
97531 23.364841 -14.388987 -28.221588 -8.636571
97532 24.322890 -14.841911 -28.281857 -8.138613
97533 25.269009 -15.172964 -28.100136 -7.537922
98866 22.682093 -9.942507 -26.744989 -6.909770
101849 27.151154 -11.756023 -28.849851 -6.555537
101850 27.453986 -12.355375 -28.641647 -6.265632
105077 20.526482 -15.507655 -23.399125 -9.248970
105078 20.265863 -14.997433 -23.828316 -9.642255
105079 20.107106 -14.499944 -24.212762 -9.911901
105080 19.189434 -11.364034 -25.324093 -9.671608
105081 19.386733 -11.981576 -25.322266 -9.843418
105082 19.163739 -11.478630 -25.611742 -9.706161
105083 19.294966 -11.635061 -25.917655 -9.739935
105084 19.477583 -11.866980 -26.214436 -9.758594
105085 19.740037 -12.151650 -26.551396 -9.744080
105086 19.517043 -11.463168 -26.525827 -9.613317
105087 19.741872 -11.118473 -27.001590 -9.488180
105088 20.032774 -10.862907 -27.435347 -9.395017
105089 20.459492 -8.136267 -26.823521 -7.081596
105090 20.146566 -8.296336 -26.608926 -7.500766
105091 20.155742 -7.902529 -26.960497 -7.197039
105092 19.980467 -7.775200 -27.214359 -7.367070
105093 19.911642 -7.772472 -27.502922 -7.596317
105094 21.292738 -7.583299 -29.717364 -8.526241
105095 20.820137 -7.703351 -29.223338 -8.370461
105096 21.153252 -8.003482 -29.540209 -8.794742
105097 21.011012 -8.430031 -29.343877 -9.006111
105098 20.838490 -8.859308 -29.093668 -9.156416
105099 20.853173 -9.427737 -28.929297 -9.249911
105100 21.436812 -9.305866 -29.435194 -9.325808
105101 22.146172 -9.768795 -29.697274 -9.361810
105102 22.908758 -10.221719 -29.859819 -9.245393
105103 23.739251 -10.604613 -29.831511 -8.971934
105104 23.663084 -10.053464 -29.984924 -9.136614
105105 24.460541 -9.877024 -30.049759 -8.929603
105106 25.202019 -9.624187 -29.944744 -8.596832
105107 26.446382 -7.208590 -29.960268 -7.511889
105108 26.589539 -7.817946 -29.790418 -7.570784
120763 22.154431 -14.716402 -23.580847 -9.091076
120764 21.458836 -14.415362 -23.631071 -9.289449
120765 20.791689 -14.068847 -23.822837 -9.470711
120766 20.373231 -13.888769 -24.026475 -9.636991
120767 20.412690 -13.389461 -24.171669 -9.700040
120768 20.053881 -12.654596 -24.591728 -9.793490
120769 19.640011 -11.928825 -24.876638 -9.765516
120770 19.864840 -11.448617 -24.918644 -9.610984
120771 19.551914 -11.325836 -24.981653 -9.625867
120772 19.313320 -11.300370 -25.120455 -9.644522
120773 19.110514 -10.742855 -25.441892 -9.466277
120774 19.062795 -10.269013 -25.747805 -9.267089
120775 19.047195 -9.766066 -26.113987 -9.078723
120776 21.051390 -6.779313 -28.586857 -6.356577
120777 20.720111 -6.989404 -28.368609 -6.731102
120778 21.042213 -6.780222 -28.945734 -6.739821
120779 21.089015 -6.849343 -29.285434 -7.190543
120780 21.214736 -6.998499 -29.600478 -7.692308
120781 21.918590 -6.488277 -30.262528 -7.518297
120782 21.707525 -6.815692 -30.147468 -7.870318
120783 21.490037 -7.211319 -29.936526 -8.212443
120784 21.886471 -7.484165 -30.215956 -8.700809
120785 22.358155 -7.781567 -30.424160 -9.093846
120786 22.975748 -8.132629 -30.576659 -9.326678
120787 23.634636 -8.452768 -30.516390 -9.349739
120788 23.680520 -7.944365 -30.664324 -9.285215
120789 24.462376 -7.730636 -30.584878 -9.094584
120790 25.033168 -7.387759 -30.454294 -8.720123
120791 24.505507 -6.670174 -30.801300 -8.750356
120792 25.157971 -6.878447 -30.552917 -8.576151
120793 25.802177 -7.054887 -30.268007 -8.147299
120794 26.484007 -6.654713 -30.084459 -7.389502
127727 21.222077 -14.995614 -26.258268 -9.751925
127728 21.624017 -15.755945 -26.143208 -9.533125
127729 21.865365 -15.422163 -26.608926 -9.403560
127730 22.722470 -15.889639 -26.898402 -8.961382
127732 23.487809 -15.393969 -27.693775 -8.597314
130634 22.668328 -11.599591 -25.866517 -8.633994
130635 21.668983 -10.871093 -25.826337 -8.653336
130636 20.968800 -10.303573 -25.722236 -8.644717
130637 21.267043 -10.079839 -25.953268 -8.266941
130638 21.048637 -9.477759 -26.152340 -7.841268
130639 20.919245 -8.970266 -26.413507 -7.412212
130640 22.002098 -9.423190 -26.721246 -6.941381
130641 21.354222 -8.880227 -26.734944 -6.969038
130642 20.843079 -8.445492 -26.771471 -7.010291
130643 20.769665 -7.906167 -27.054554 -6.658979
130656 21.584557 -6.290918 -29.272649 -6.046846
130657 21.887389 -6.019891 -29.654355 -6.161456
130660 22.217751 -5.746136 -30.109115 -6.335951
130661 22.501311 -5.437820 -30.548351 -6.549269
130662 22.921605 -5.114952 -30.892617 -6.770106
130663 23.289591 -4.792994 -31.112691 -6.954721
136934 24.700971 -12.958364 -29.024267 -8.124804
136935 24.955166 -13.555897 -28.776797 -7.864188
136936 25.547982 -13.273047 -28.795973 -7.539935
136937 26.412428 -13.564992 -28.516543 -6.845716
143543 20.544835 -15.952394 -24.550636 -9.971860
143544 20.569612 -15.500379 -25.025485 -10.073015
143545 20.625590 -15.080196 -25.472026 -10.074508
143546 20.115365 -13.828743 -24.225546 -9.790792
143547 19.965784 -13.866032 -24.432836 -9.932185
143548 19.909806 -13.924239 -24.694004 -10.054924
143549 19.592292 -12.673695 -25.292132 -9.981511
143550 19.742790 -13.346715 -25.141458 -10.083684
143551 19.954772 -14.024282 -24.978000 -10.144622
143552 20.092423 -14.197085 -25.222730 -10.179776
143553 20.331935 -14.361702 -25.571562 -10.136809
143554 20.703592 -14.623634 -25.916741 -9.997047
143555 20.843079 -14.256202 -26.357804 -9.864312
143556 21.028448 -13.928786 -26.818042 -9.698507
143557 21.265208 -13.634113 -27.265497 -9.517533
143558 20.203461 -12.505440 -26.921231 -9.678239
143559 20.788936 -12.914709 -27.282847 -9.545437
143560 21.605664 -13.398556 -27.721170 -9.333507
143561 22.003933 -13.213930 -28.105615 -9.152206
143562 22.465522 -12.968369 -28.556722 -8.973138
143563 23.095963 -12.786471 -28.859896 -8.789868
143564 20.405349 -9.845192 -25.643703 -8.624124
143565 19.995150 -9.514139 -25.615395 -8.606929
143566 19.675800 -9.302228 -25.657400 -8.607037
143567 19.797850 -8.517341 -26.327669 -7.905568
143568 19.623493 -8.818382 -26.010798 -8.286276
143569 19.438123 -9.192180 -25.806248 -8.635612
143570 19.254589 -9.160348 -26.040933 -8.699348
143571 19.152727 -9.227650 -26.289316 -8.798514
143572 19.195858 -9.401362 -26.529480 -8.925828
143573 20.380572 -7.214957 -28.135750 -7.118733
143574 20.100682 -7.482346 -27.999687 -7.506835
143575 19.894206 -7.827041 -27.772307 -7.881837
143576 20.321841 -7.804304 -28.611513 -8.259523
143577 19.966702 -7.953460 -28.072741 -8.210306
143578 19.720766 -8.234491 -27.619808 -8.231515
143579 19.520714 -8.692872 -27.346769 -8.547180
143580 19.399581 -9.128516 -27.084689 -8.825024
143581 19.342685 -9.631462 -26.832653 -9.066077
143582 19.592292 -9.914313 -27.205227 -9.197769
143583 19.954772 -10.249004 -27.597891 -9.296165
143584 20.436550 -10.641902 -27.960421 -9.337373
143585 20.857761 -9.948873 -28.689132 -9.297067
143586 20.998165 -10.597337 -28.582291 -9.310550
143587 21.173440 -11.190322 -28.426139 -9.301074
143588 21.983745 -11.704182 -28.825195 -9.171764
143589 22.809649 -12.130731 -29.048922 -8.937893
143590 23.623624 -12.535453 -29.143892 -8.590752
143591 24.406398 -12.351737 -29.226078 -8.360205
143592 25.078134 -12.107085 -29.263518 -8.080756
143593 25.720504 -11.813321 -29.205075 -7.736313
143594 24.649581 -10.936576 -29.677185 -8.548324
143595 25.447955 -11.204874 -29.437934 -7.989271
143596 26.383063 -11.525923 -29.121976 -7.315868
143597 27.063058 -11.171223 -28.978608 -6.816807
143600 24.384374 -8.784731 -30.354758 -9.143489
143601 25.144206 -9.077585 -30.084459 -8.721506
143602 25.928815 -9.285858 -29.731975 -8.122934
143603 26.613399 -8.362729 -29.677185 -7.568577
143604 26.698742 -8.932067 -29.520119 -7.509538
143605 26.762979 -9.520505 -29.400493 -7.399033
160708 23.400630 -4.335522 -31.217706 -6.678578
160709 23.803488 -4.413738 -31.315416 -7.047566
160735 24.368773 -4.061767 -31.365640 -6.987892
160736 24.250394 -4.518329 -31.292586 -7.327141
160737 24.767961 -4.632924 -31.176613 -7.463007
160738 25.340588 -4.740244 -30.979368 -7.407667
161503 22.096618 -16.538103 -26.022669 -9.201004
161521 25.343341 -14.216184 -28.544851 -7.568334
