#!ascii label  , from subject fsaverage vox2ras=TkReg coords=white
452
29 7.768091 -48.336481 18.599492 -5.215020
767 4.706738 -52.266373 20.153711 -2.982195
771 6.150236 -49.105907 15.211623 -4.665212
1914 8.807813 -47.902656 21.999232 -3.360291
2271 5.061877 -45.132360 23.472179 -4.287252
2280 4.229549 -44.134653 19.161093 -4.107602
2281 6.208049 -43.638074 16.861725 -3.270734
2687 6.693498 -50.642030 19.295329 -4.243913
2688 4.171736 -53.416873 17.842472 -2.955403
2689 5.204117 -51.275942 17.181336 -4.446199
2690 4.509439 -51.878931 15.153180 -4.304994
2691 7.066990 -48.926738 16.785932 -5.210286
4205 8.419638 -50.139993 22.527959 -2.790143
4206 9.366676 -47.825350 23.610068 -2.103578
5038 6.165837 -44.878613 25.256518 -3.292345
5039 4.514027 -43.490737 26.085678 -2.981680
5063 4.921474 -43.644440 17.859823 -3.425312
5997 5.610645 -49.017687 13.606266 -4.344718
8351 7.659806 -50.289149 20.928995 -3.661505
8352 8.272811 -47.999971 20.369220 -4.471737
9373 8.218668 -46.036390 24.113226 -2.780887
9374 7.294573 -46.074588 22.594621 -4.062996
9375 6.549423 -46.145528 21.035836 -5.130046
9400 4.142370 -43.036903 23.642029 -3.036823
9401 4.294704 -44.869519 21.265042 -4.664675
9402 6.121788 -45.933618 18.934626 -5.514853
9403 5.926324 -45.769001 17.363970 -4.931749
9404 5.817121 -45.625302 15.825275 -4.226794
9405 5.826298 -45.402478 14.509394 -4.017945
10367 7.468013 -49.651599 18.820480 -4.780383
10368 5.892370 -50.976721 18.256139 -4.399315
10369 6.808207 -49.968100 17.801380 -4.940334
10370 6.228238 -50.230942 16.930213 -4.933821
10371 7.470766 -48.656620 17.674449 -5.317809
11885 9.418065 -48.904001 23.787224 -1.866658
12718 4.920556 -43.501651 27.007069 -2.707929
13825 4.302045 -53.947104 16.752145 -2.980830
13832 5.220635 -50.521068 15.119393 -4.586332
13833 4.519533 -52.089932 14.129514 -4.222694
13834 5.006817 -50.586551 14.238182 -4.411680
13836 5.807945 -49.116821 14.428121 -4.444274
18377 8.864709 -49.066799 22.172735 -3.043575
18378 8.086523 -50.203657 21.736239 -3.260581
18379 8.590325 -49.068618 21.385581 -3.583639
18380 8.233351 -49.217774 20.558247 -4.065770
18381 8.553618 -47.904475 21.209338 -3.943617
20873 8.693105 -45.946351 24.802671 -2.119434
20874 7.767174 -45.317895 25.356054 -2.454224
20875 5.614316 -45.026860 24.398136 -3.832983
20876 6.643026 -45.455228 23.855712 -3.723678
20877 6.165837 -45.573461 23.060339 -4.300007
20878 6.856843 -46.117334 21.773679 -4.640900
20879 5.639093 -45.656224 22.198304 -4.796458
20943 4.274515 -43.270641 20.300732 -3.333666
20944 4.061615 -43.667177 21.326225 -3.670052
20945 4.186419 -44.540284 20.194804 -4.474294
20946 5.036183 -45.409754 20.132708 -5.240470
20947 4.869166 -45.195115 19.147396 -5.058106
20948 6.054798 -45.856311 18.113685 -5.310021
20949 4.738857 -44.961377 18.278056 -4.678949
20950 5.510619 -43.583505 17.317398 -3.277934
20951 4.990299 -44.512090 16.812414 -3.929502
20952 5.230729 -44.367482 16.165888 -3.745430
20953 5.870346 -45.571642 15.118480 -4.065077
20954 5.597798 -44.273805 15.631682 -3.697177
23269 5.625328 -51.479667 19.751002 -3.628464
23270 4.369953 -52.786599 19.046033 -2.965147
23271 4.997640 -51.813448 18.692636 -3.720575
23272 4.478238 -52.277286 17.572173 -3.765453
23273 4.244232 -52.854810 16.317475 -3.779695
23275 4.691138 -51.628822 16.159496 -4.399459
23276 5.680388 -50.426481 16.084616 -4.790197
23277 6.576953 -49.083170 15.992385 -4.955367
26002 8.719717 -50.003570 23.326985 -2.262730
26003 9.108810 -49.053157 22.918797 -2.459795
26004 9.035396 -47.868096 22.749860 -2.738281
27500 6.697168 -44.842234 25.912176 -2.702625
27501 5.695989 -44.281081 26.578791 -2.801013
27502 5.164657 -44.342016 25.792550 -3.273588
27503 4.653513 -44.433874 24.872985 -3.649271
27545 4.479156 -43.824518 18.487172 -3.718217
35340 5.228894 -52.091751 20.999309 -2.974837
35342 6.834819 -51.189540 21.415715 -3.270244
35343 6.308993 -51.329601 20.613037 -3.481222
35344 7.194547 -50.456494 20.103487 -3.991979
35345 7.903907 -49.426046 19.691646 -4.475098
35346 8.030546 -48.145489 19.492575 -4.913840
38359 9.324463 -46.787626 24.486714 -1.780990
38360 8.928946 -46.830371 23.790876 -2.422655
38361 8.535265 -46.791264 23.040249 -3.080846
38362 7.196382 -45.417029 24.607252 -3.100980
38363 7.708443 -46.035480 23.387254 -3.437133
38364 8.264552 -46.828553 22.275924 -3.718085
38365 7.925931 -46.839466 21.431239 -4.316139
38366 7.622182 -46.825824 20.644998 -4.851972
38367 7.457918 -46.862204 19.811272 -5.273372
38441 4.252491 -43.330667 24.854722 -3.101125
38442 4.277268 -44.364753 23.660293 -3.871533
38444 4.062533 -44.054619 22.499651 -3.880594
38445 4.530545 -45.098709 22.427510 -4.592074
38446 5.272942 -45.636216 21.149982 -5.141290
38447 6.285134 -46.058217 20.005777 -5.450073
38448 7.324856 -46.919501 18.729163 -5.502261
38449 7.215653 -47.089575 17.782203 -5.482375
38450 6.984400 -47.267835 16.944824 -5.239249
38451 6.788018 -47.368788 16.153104 -4.884277
38452 4.826953 -44.753104 17.539299 -4.259595
38453 5.831804 -45.704427 16.555813 -4.530937
38454 6.582459 -47.398801 15.334901 -4.552109
38455 6.276875 -47.319675 14.705726 -4.333871
38456 6.090587 -47.263287 13.992538 -4.246298
38463 6.859596 -43.676272 16.402400 -3.360607
41087 7.701101 -49.045881 18.648804 -5.012035
41088 7.138569 -49.802574 18.314582 -4.880790
41089 7.419376 -49.217774 18.126469 -5.105572
41090 7.194547 -49.347830 17.710976 -5.151243
41091 7.598322 -48.487456 18.157517 -5.293612
44545 4.492003 -54.126273 16.196023 -3.013299
44552 5.692318 -49.848957 15.160486 -4.649194
44553 5.121526 -50.560176 14.682896 -4.490410
44554 5.539067 -49.853505 14.744079 -4.536159
44555 5.388569 -49.848957 14.330412 -4.445159
44556 5.984138 -49.104997 14.805262 -4.541250
49097 8.913346 -48.494732 22.036673 -3.194757
49098 8.751836 -49.044971 21.798335 -3.320213
49099 8.839932 -48.441982 21.641269 -3.483453
49100 8.658233 -48.485637 21.265955 -3.759932
49101 8.707787 -47.871734 21.617526 -3.657775
51593 8.040640 -45.231494 25.665619 -2.132561
51594 7.559780 -44.966834 26.000753 -2.278774
51595 5.331673 -45.092343 23.933331 -4.074027
51596 5.874935 -45.294249 23.704125 -4.081488
51597 5.585868 -45.364279 23.276760 -4.335235
51598 5.884111 -45.635306 22.653977 -4.561649
51599 5.272024 -45.437948 22.855788 -4.562101
51663 4.202937 -43.705376 19.714476 -3.735527
51664 4.128605 -43.902734 20.201196 -3.922513
51665 4.206607 -44.347473 19.665164 -4.303588
51666 4.458049 -44.898622 19.656946 -4.803069
51667 4.358023 -44.743100 19.141003 -4.630212
51668 4.818694 -45.066877 18.689896 -4.883744
51669 4.417672 -44.566659 18.720031 -4.428310
51670 5.872182 -43.623522 17.080887 -3.258729
51671 5.336261 -43.970036 16.730229 -3.528104
51672 5.545490 -43.893639 16.497370 -3.496785
51673 5.473912 -44.328374 15.910200 -3.707115
51674 5.863005 -43.921834 16.258119 -3.495828
54142 6.149318 -51.078583 19.527275 -3.944000
54143 5.293131 -51.599719 19.247844 -3.681032
54144 5.773991 -51.215916 19.018638 -4.019098
54145 5.525302 -51.118601 17.745676 -4.436188
54146 5.060960 -51.582439 17.971230 -4.110495
54147 4.743445 -51.763426 17.382234 -4.127611
54148 4.302045 -52.587421 16.935692 -3.774910
54149 4.564499 -52.039001 16.753058 -4.128460
54150 4.393812 -52.233631 16.238942 -4.116950
54151 4.955427 -51.468753 16.667220 -4.432236
54152 6.686156 -49.628862 16.827025 -5.099501
54153 5.955690 -50.330985 16.494630 -4.875141
54154 6.431961 -49.711625 16.416097 -5.013232
54155 6.200708 -49.786203 16.033478 -4.900536
54156 6.817383 -49.035876 16.368612 -5.094756
58697 9.450184 -48.360128 23.663945 -1.973632
58698 9.250131 -48.962208 23.363512 -2.161140
58699 9.276744 -48.409240 23.244799 -2.279772
58700 9.135422 -48.438344 22.763558 -2.589236
58701 9.186812 -47.853544 23.186356 -2.419963
61193 5.987808 -44.238335 26.949539 -2.542811
61194 5.578527 -43.886364 27.199748 -2.556651
61195 4.701232 -43.507108 26.587923 -2.861351
61196 5.026088 -43.961851 26.444555 -2.985307
61197 4.776481 -44.001868 25.998927 -3.164468
61198 4.921474 -44.386581 25.328658 -3.476735
61199 4.591112 -43.972765 25.479332 -3.311732
64515 4.239644 -53.077635 18.454298 -2.957493
64537 4.372706 -52.545585 15.228060 -4.077309
64539 4.380047 -52.692012 14.748645 -4.060446
64551 5.486759 -48.969484 13.246477 -4.336844
78171 5.501442 -52.023540 21.426673 -2.951076
78175 7.878212 -50.231851 21.334443 -3.469784
78176 7.515732 -50.686594 21.559997 -3.299001
78177 7.281725 -50.775724 21.159114 -3.463529
78178 6.578789 -51.258661 21.012093 -3.384501
78179 7.045884 -50.833022 20.760058 -3.609814
78180 6.771500 -50.908509 20.347304 -3.738652
78181 7.445071 -50.371003 20.520807 -3.835741
78182 8.347142 -48.610237 20.443187 -4.269543
78183 8.065417 -49.295990 20.143666 -4.281029
78184 8.185632 -48.699366 20.015822 -4.497342
78185 8.066335 -48.825785 19.537320 -4.701251
78186 8.136995 -48.064545 19.945508 -4.706477
85659 9.264814 -46.297412 24.951518 -1.636437
85660 8.442580 -46.015472 24.465711 -2.448324
85661 8.822496 -46.386542 24.285816 -2.269754
85662 8.593078 -46.402003 23.938810 -2.601066
85663 8.713293 -46.821277 23.425607 -2.752645
85664 8.365496 -46.404732 23.591805 -2.933278
85665 6.407184 -44.873156 25.575215 -3.001625
85666 6.938516 -45.125994 25.264736 -2.908606
85667 6.648532 -45.187839 24.893075 -3.218188
85668 6.959623 -45.758087 23.197314 -3.904713
85669 7.190876 -45.725345 23.604589 -3.595419
85670 7.510226 -46.035480 23.012854 -3.754777
85671 7.973650 -46.390180 22.808303 -3.583666
85672 7.797457 -46.411098 22.432076 -3.896994
85673 8.090194 -46.839466 21.846733 -4.022982
85674 7.635029 -46.406551 22.014756 -4.200096
85675 6.685239 -46.115515 21.421194 -4.900782
85676 7.257866 -46.399275 21.232168 -4.763217
85677 7.132145 -46.381085 20.852288 -5.011693
85678 7.534085 -46.842195 20.236810 -5.081594
85679 7.000918 -46.440202 20.415792 -5.226131
85865 4.157971 -43.207887 24.252028 -3.092216
85866 4.244232 -43.877269 24.272118 -3.483802
85867 4.132276 -43.742665 23.675817 -3.496433
85871 4.091898 -44.321098 21.308874 -4.217221
85872 4.037756 -43.865445 21.906089 -3.799150
85873 4.146959 -44.499357 21.875041 -4.290075
85874 4.193760 -44.695807 22.460384 -4.299883
85875 4.414001 -45.008670 21.842167 -4.661700
85876 4.840719 -45.390654 21.793769 -4.893779
85877 4.732433 -45.306982 21.228515 -4.974681
85878 5.571185 -45.648948 19.532754 -5.417832
85879 5.660199 -45.735350 20.072439 -5.408576
85880 6.219061 -45.994553 19.471572 -5.517867
85881 6.809124 -46.391089 19.404910 -5.507620
85882 6.759570 -46.359257 18.836004 -5.554916
85883 7.254195 -47.045010 18.226918 -5.524200
85884 6.754064 -46.391089 18.376678 -5.533934
85885 5.972208 -45.811747 17.747503 -5.133302
85886 6.644861 -46.420193 17.560302 -5.309593
85887 6.554012 -46.451116 17.161246 -5.133444
85888 6.967882 -47.298757 16.525678 -5.066947
85889 6.518222 -46.456573 16.753971 -4.938973
85890 4.636078 -43.706285 18.134688 -3.555071
85891 4.517698 -44.322917 17.983101 -4.018428
85892 4.697562 -44.182856 17.645227 -3.842730
85893 5.270189 -44.975928 16.319301 -4.105497
85894 5.286707 -45.085067 16.679091 -4.251731
85895 5.822627 -45.637125 16.175933 -4.362064
85896 6.354877 -46.493861 15.957685 -4.566478
85897 6.266780 -46.429288 15.623464 -4.415762
85898 6.374148 -47.362421 15.032641 -4.425832
85899 6.198873 -46.404732 15.281024 -4.299170
85900 5.818957 -45.497064 14.800696 -4.031416
85901 6.108023 -46.349253 14.582448 -4.169983
85902 6.050210 -46.274675 14.258271 -4.146606
85903 6.037362 -47.138687 13.682060 -4.235707
85904 5.991479 -46.164627 13.956011 -4.137048
85921 6.448479 -43.929109 15.819796 -3.552171
92389 7.094520 -50.189105 19.018638 -4.523624
92390 6.272286 -50.798461 18.756558 -4.334846
92391 6.741217 -50.330985 18.520959 -4.623071
92392 6.388831 -50.482869 18.016888 -4.688927
92393 6.033692 -50.638392 17.505512 -4.719471
92394 5.720766 -50.773905 17.049839 -4.715685
92395 6.583377 -50.137265 17.375841 -4.957437
92396 6.966964 -49.526999 17.255303 -5.148120
92397 7.264290 -48.803957 17.221515 -5.288134
95123 9.613529 -48.348305 24.076699 -1.678481
95124 9.489644 -47.822621 23.981729 -1.796210
96620 5.226141 -43.418887 27.348595 -2.527421
96621 4.924227 -42.889566 27.445392 -2.451128
96622 4.622313 -42.950502 27.109344 -2.578847
96623 4.434190 -42.973239 26.638147 -2.672122
98613 4.192842 -53.722461 17.278132 -2.962234
98626 4.801259 -51.178627 15.137656 -4.473286
98627 4.440614 -52.013535 14.604364 -4.258705
98628 4.735186 -51.283218 14.623540 -4.400059
98629 4.706738 -51.327782 14.165128 -4.339862
98634 5.695071 -49.049519 14.034544 -4.378783
106807 8.717882 -49.642504 22.345325 -2.908538
106808 8.248951 -50.167278 22.123424 -3.033805
106809 8.549948 -49.633409 21.954487 -3.170074
106810 8.378343 -49.648870 21.553604 -3.416869
106811 8.203068 -49.687978 21.124413 -3.647927
106812 7.990168 -49.776198 20.723531 -3.862624
106813 8.481122 -49.141377 20.971001 -3.832608
106814 8.506817 -48.536568 20.857767 -4.022671
106815 8.396697 -47.923574 20.802064 -4.215914
111299 8.950970 -45.877230 25.133240 -1.801181
111300 8.523335 -45.524349 25.377057 -1.969942
111301 8.240692 -45.628940 25.044662 -2.292554
111302 8.004851 -45.678052 24.694004 -2.621759
111303 5.885947 -44.929545 24.848330 -3.570788
111304 6.385160 -45.186929 24.536938 -3.518955
111305 6.120871 -45.240589 24.116879 -3.807817
111306 6.417279 -45.513435 23.440218 -4.019056
111307 6.752229 -45.801742 22.779082 -4.202779
111308 7.091767 -46.107330 22.175475 -4.359583
111309 6.500787 -45.852673 22.398289 -4.486478
111310 6.252098 -45.866316 21.993753 -4.750504
111311 6.077740 -45.892691 21.596523 -4.986426
111427 4.117593 -43.456176 20.752752 -3.508723
111428 4.098322 -44.098274 20.745447 -4.089553
111429 4.253409 -44.685802 20.722618 -4.599736
111430 4.594782 -45.168740 20.696136 -4.986290
111431 4.494756 -45.054144 20.176541 -4.926765
111432 4.932486 -45.323352 19.627724 -5.182017
111433 5.477583 -45.572552 19.048773 -5.355033
111434 6.118118 -45.899057 18.509088 -5.442480
111435 5.425275 -45.493426 18.641498 -5.228091
111436 5.347273 -45.387016 18.239702 -5.052351
111437 5.325249 -45.319714 17.857996 -4.847571
111438 5.199528 -43.591690 17.605048 -3.332745
111439 4.828789 -44.035519 17.303701 -3.700115
111440 5.052701 -43.990045 17.016965 -3.595014
111441 5.072889 -44.430237 16.479106 -3.818498
111442 5.402334 -44.944096 15.981427 -3.996585
111443 5.818039 -45.594379 15.472790 -4.128304
111444 5.454641 -44.892256 15.636248 -3.924745
111445 5.567515 -44.816768 15.334901 -3.885646
111446 5.691400 -44.799488 15.080126 -3.871590
115735 5.169245 -51.858923 19.970164 -3.304555
115736 4.540640 -52.541947 19.616766 -2.974682
115737 4.893026 -52.049005 19.442350 -3.329025
115738 4.652596 -52.272739 18.884402 -3.346413
115739 4.426849 -52.536490 18.307277 -3.359134
115740 5.407840 -51.393265 18.478953 -4.074640
115741 4.692056 -52.019902 18.140167 -3.748168
115742 4.291033 -52.820250 17.720107 -3.369806
115743 4.190089 -53.145846 17.134764 -3.381214
115744 4.210278 -53.424149 16.525678 -3.396218
115745 4.288280 -53.647883 15.954945 -3.417455
115747 4.256162 -53.023975 15.831667 -3.783356
115748 4.351599 -52.398248 15.723000 -4.098032
115749 4.570005 -51.775250 15.631682 -4.354501
115750 5.411510 -50.914876 16.566771 -4.681531
115751 5.142633 -51.027652 16.119316 -4.623755
115752 4.972863 -51.120420 15.636248 -4.551082
115753 5.462900 -50.476503 15.623464 -4.690018
115754 5.951101 -49.820763 15.600635 -4.774707
115755 6.368642 -49.145924 15.564108 -4.807324
122112 8.571054 -50.087243 22.931581 -2.531716
122113 9.123493 -49.476977 23.547059 -2.064699
122114 8.963818 -49.543370 23.132479 -2.351087
122115 8.824332 -49.603396 22.733423 -2.634289
122116 8.972077 -49.054066 22.550788 -2.755649
122117 9.011537 -48.473814 22.416552 -2.895730
122118 8.948217 -47.907204 22.365415 -3.052989
125606 7.017436 -44.769475 26.293882 -2.399884
125607 6.491610 -44.533008 26.620797 -2.489398
125608 6.168590 -44.574845 26.266486 -2.773454
125609 5.892370 -44.599401 25.918568 -3.049859
125610 5.281201 -43.934566 26.838132 -2.780696
125611 5.409675 -44.315641 26.208043 -3.046442
125612 5.641846 -44.618500 25.549646 -3.313730
125613 5.364709 -44.693988 25.134153 -3.560348
125614 5.127950 -44.767656 24.669348 -3.784383
125615 4.866413 -44.806764 24.162537 -3.979233
125709 4.444284 -43.124214 19.890718 -3.162520
125710 4.395648 -43.539849 19.323638 -3.547909
125711 4.308469 -43.989136 18.800390 -3.906663
125712 4.545228 -43.357952 19.008593 -3.375606
125713 4.844389 -43.299745 18.723684 -3.229970
125714 5.163739 -43.283374 18.447906 -3.117777
125717 5.474830 -43.256089 18.211394 -3.042149
125718 5.876770 -43.296107 17.997712 -3.003296
125719 6.232827 -43.339762 17.748416 -2.999423
125720 6.576036 -43.368866 17.500946 -3.026855
130135 4.553487 -52.716568 14.293885 -4.052764
147030 5.008652 -52.193614 20.561899 -2.983671
147034 7.702019 -50.652943 21.936224 -3.115163
147035 7.080755 -51.104958 21.795595 -3.136317
147036 6.301652 -51.584258 21.630311 -3.083974
147037 6.056634 -51.648831 21.240386 -3.163375
147038 5.759308 -51.686120 20.823980 -3.224484
147039 5.490430 -51.775250 20.399355 -3.270561
147040 5.993314 -51.398722 20.187499 -3.562125
147041 6.451232 -50.992182 19.922679 -3.850228
147042 6.941269 -50.550171 19.707170 -4.128774
147043 7.791951 -49.875332 20.301645 -4.060015
147044 7.577216 -49.970829 19.891631 -4.238098
147045 7.344127 -50.066325 19.468832 -4.393906
147046 7.668065 -49.526090 19.258803 -4.643347
147047 7.874541 -48.923100 19.107216 -4.875114
147048 7.914001 -48.250989 19.029596 -5.086108
156039 9.345569 -47.296029 24.021909 -1.936606
156040 9.030808 -46.346525 24.628255 -1.945685
156041 9.185894 -46.788535 24.150666 -2.096390
156042 9.184977 -47.311490 23.671251 -2.254613
156043 9.012454 -47.323313 23.265802 -2.579177
156044 8.835344 -47.311490 22.878617 -2.903875
156045 8.702281 -47.317856 22.504217 -3.224029
156046 7.254195 -45.053235 25.650095 -2.593892
156047 7.501049 -45.357003 24.999003 -2.778787
156048 7.727714 -45.700789 24.342432 -2.951398
156049 6.902727 -45.436129 24.245636 -3.416870
156050 7.434059 -45.698061 23.965292 -3.276960
156051 7.949790 -46.039118 23.763481 -3.111737
156052 8.169114 -46.388361 23.183617 -3.261781
156053 8.374672 -46.816729 22.646672 -3.403453
156054 8.582984 -47.326951 22.122511 -3.536584
156055 8.448086 -47.333318 21.712496 -3.839490
156056 8.310435 -47.330589 21.290611 -4.130975
156057 8.155349 -47.342412 20.885162 -4.408545
156058 7.439565 -46.436564 21.595610 -4.490342
156059 7.765338 -46.813091 21.024878 -4.594237
156060 8.013110 -47.370607 20.479714 -4.668207
156061 7.956214 -47.365150 20.045957 -4.903931
156062 7.828658 -47.464284 19.619506 -5.107731
156063 7.740561 -47.506120 19.192141 -5.270319
156282 4.297457 -42.908666 26.027235 -2.726560
156285 4.342423 -43.428892 25.485724 -3.063204
156286 4.378212 -43.946390 24.885770 -3.420443
156287 4.474567 -44.411137 24.243810 -3.783651
156288 4.589276 -44.833139 23.588152 -4.136545
156294 4.046015 -43.568953 23.105997 -3.456269
156295 4.126770 -44.225602 23.100518 -3.905288
156296 4.378212 -44.751285 23.023812 -4.246608
156297 4.770975 -45.144183 22.931581 -4.463579
156298 5.033430 -45.417939 22.313364 -4.752275
156299 5.415181 -45.682599 21.660446 -4.993869
156300 5.896041 -45.907243 21.082408 -5.183141
156301 5.120608 -45.520711 20.672393 -5.226350
156302 5.750131 -45.821751 20.579250 -5.327814
156303 6.381489 -46.115515 20.500717 -5.317290
156304 6.876114 -46.397456 19.933637 -5.395179
156305 7.335868 -46.891307 19.305374 -5.416708
156306 7.651547 -47.582517 18.662501 -5.382534
156307 7.541426 -47.758957 18.150211 -5.437513
156308 7.521238 -47.892652 17.629703 -5.432547
156309 7.344127 -48.026346 17.214210 -5.370571
156310 6.707263 -46.414736 17.952966 -5.448533
156311 7.156922 -47.183252 17.340228 -5.383222
156312 7.156922 -48.123661 16.798717 -5.260346
156313 7.032119 -48.270998 16.334825 -5.115446
156314 6.786183 -48.264632 16.006996 -4.952048
156315 6.658626 -48.291916 15.622551 -4.786655
156316 4.436943 -44.435693 18.337412 -4.218238
156317 4.807682 -44.854057 17.919179 -4.464654
156318 5.269271 -45.252412 17.483596 -4.634367
156319 4.840719 -44.652151 17.154854 -4.078077
156320 5.259177 -45.153278 17.096411 -4.431069
156321 5.885947 -45.742626 16.958522 -4.725208
156322 6.464080 -46.494771 16.354915 -4.744723
156323 6.659544 -47.404258 15.756787 -4.708074
156324 6.478763 -48.282822 15.229887 -4.634058
156325 6.288805 -48.278274 14.864618 -4.505586
156326 6.172260 -48.298283 14.527657 -4.408346
156327 6.021762 -48.230071 14.132254 -4.344653
156328 6.155742 -46.407460 14.910276 -4.218318
156329 6.193367 -47.325132 14.323107 -4.275797
156330 5.927242 -48.209153 13.755113 -4.311784
156331 5.829051 -48.138213 13.430024 -4.302190
156342 6.944022 -43.412521 17.248910 -3.080246
156350 7.278972 -43.444353 17.006007 -3.152461
156351 6.529235 -43.650807 16.635259 -3.307509
156352 6.146565 -43.916377 16.038957 -3.517507
156353 5.885029 -44.279262 15.424392 -3.706604
156354 5.756555 -44.709449 14.839049 -3.872167
156357 5.868511 -45.304253 14.274708 -4.012800
