#!ascii label  , from subject fsaverage vox2ras=TkReg coords=white
187
304 35.200971 -74.394180 24.239244 -3.692715
784 32.614972 -70.168706 25.428194 -4.860610
785 33.120609 -72.027696 20.962782 -4.213723
2702 31.399057 -66.263370 28.480016 -4.312521
2703 31.741348 -68.983645 28.112007 -4.501769
2704 31.853304 -67.296547 25.698493 -4.631819
2705 32.458050 -68.226042 23.269455 -4.460045
6019 32.545229 -71.546578 27.708385 -4.151381
6020 33.595963 -72.951734 25.102192 -4.487532
6021 33.936419 -73.787553 22.864920 -4.496360
6022 33.230730 -70.961778 23.046641 -4.754076
10382 31.274253 -65.526686 27.344943 -4.201203
10383 31.533037 -66.775411 27.085602 -4.510530
10384 31.538543 -65.952326 25.882041 -4.314906
10385 31.772549 -66.408888 24.691264 -4.308858
11476 35.212901 -74.526056 22.941626 -3.800395
13870 32.135947 -69.586634 26.783342 -4.727184
13871 32.066204 -70.366064 27.960421 -4.392740
13872 32.557158 -70.915394 26.654585 -4.614734
13873 33.070137 -72.173214 26.423552 -4.360237
13874 33.053619 -71.602966 25.222730 -4.744061
13875 33.439959 -72.016782 24.169843 -4.766586
13876 32.957263 -70.593436 24.098615 -4.870570
17152 33.543656 -72.991752 21.884173 -4.514493
17153 33.805192 -74.184089 21.745371 -4.350816
17154 33.275695 -73.511978 20.920776 -4.230699
23296 31.476141 -67.035525 29.683577 -4.212242
23297 31.576167 -68.404302 29.469895 -4.221964
23298 31.502754 -67.626691 28.252636 -4.475057
23299 31.790903 -68.152374 26.926710 -4.691312
23300 32.245150 -68.724441 25.557865 -4.820747
23301 32.593865 -69.185551 24.329648 -4.821572
23302 32.215785 -67.757657 24.591728 -4.624913
23303 32.091899 -66.896373 23.474006 -4.140604
29403 31.735842 -69.671216 29.322874 -4.111963
29404 32.082722 -70.984515 29.156676 -3.882988
29406 33.305061 -72.435146 27.290152 -3.785498
29407 33.882276 -73.262779 26.092984 -3.985297
29408 34.318171 -74.042209 24.864767 -4.125110
29409 34.485187 -74.365986 23.643856 -4.202767
29410 33.894206 -73.364641 24.110487 -4.533366
29411 33.625328 -72.404224 23.083168 -4.689396
29412 33.323414 -71.411974 21.984622 -4.529834
29413 32.768223 -69.608462 23.054860 -4.675297
29414 32.927898 -70.011364 21.970011 -4.400941
33823 34.489775 -74.580625 22.423858 -4.193339
41103 31.410986 -65.718588 26.599794 -4.269001
42190 35.058732 -74.157714 24.907686 -3.615039
42196 35.223913 -74.508775 23.627419 -3.756277
44590 32.369953 -69.893131 26.096636 -4.807824
44591 32.359859 -70.284210 26.687459 -4.689404
44592 32.599371 -70.557056 26.041846 -4.769171
44593 32.819613 -71.273732 25.977011 -4.692542
44594 32.826036 -70.867191 25.325006 -4.821466
44595 33.006818 -71.101839 24.642866 -4.844021
44596 32.805848 -70.383344 24.764318 -4.882026
47872 33.354615 -72.527914 21.418455 -4.404749
47873 33.445465 -73.269145 21.371883 -4.386603
47874 33.190352 -72.792574 20.956390 -4.244033
54187 31.436681 -66.648083 29.040704 -4.289233
54188 31.466047 -67.341112 28.939341 -4.347310
54189 31.443105 -66.935481 28.359477 -4.410176
54190 31.674358 -67.009149 26.401636 -4.584192
54191 31.651416 -67.445703 27.000677 -4.618482
54192 31.833115 -67.689445 26.305753 -4.694530
54193 32.010226 -68.425220 26.243657 -4.769700
54194 32.051521 -67.985938 25.625439 -4.743803
54195 32.238726 -68.225133 25.082102 -4.760469
54196 32.030415 -67.538471 25.149677 -4.647059
54198 31.934977 -66.666273 24.100442 -4.245944
64650 31.636734 -68.683514 28.783189 -4.366675
64651 31.621133 -69.031847 29.442499 -4.181846
64652 31.732172 -69.338344 28.709222 -4.327889
64653 32.261668 -70.968144 27.853580 -4.288380
64654 32.050604 -70.720764 28.557635 -4.155573
64655 32.273598 -71.240990 28.419746 -4.022413
64656 32.330494 -71.398331 28.963997 -3.723758
64657 32.581018 -71.693915 28.196932 -3.858472
64659 32.894862 -72.016782 27.514793 -3.982967
64660 33.358286 -72.600673 25.730454 -4.434481
64661 33.460147 -72.745281 26.238178 -4.185829
64662 33.692318 -73.179106 25.633658 -4.260496
64663 34.108941 -73.661134 25.476592 -4.062630
64664 33.916230 -73.521073 25.020919 -4.317261
64665 34.074070 -73.778458 24.544243 -4.356712
64666 33.768485 -73.232766 24.628255 -4.520273
64667 33.336262 -71.490190 23.626505 -4.801039
64668 33.573021 -72.232331 23.720562 -4.739877
64669 33.455559 -71.671177 23.146177 -4.738979
64670 33.498690 -71.914920 22.534351 -4.652079
64671 33.333509 -71.147313 22.548049 -4.654182
64672 32.543393 -68.701704 23.802748 -4.680800
64673 32.668197 -69.395642 23.667598 -4.766442
64674 32.561747 -68.970912 23.129740 -4.583120
64678 32.911380 -70.193262 21.421194 -4.227622
74497 34.188779 -74.104963 23.273108 -4.380268
74498 34.516388 -74.498771 22.958063 -4.211771
74499 34.172261 -74.255029 22.695983 -4.357462
74500 33.674883 -74.365986 21.207512 -4.228134
74501 34.023598 -74.586082 21.562736 -4.216480
92416 31.310960 -65.907761 27.911110 -4.282291
92417 31.443105 -66.532578 27.781439 -4.417717
92418 31.394468 -66.135133 27.189703 -4.370004
92419 31.538543 -66.355229 26.477429 -4.441115
92420 31.693629 -66.598971 25.771547 -4.487685
92421 31.824856 -66.859994 25.195335 -4.502512
92422 31.631228 -66.156051 25.261084 -4.330444
98694 31.905612 -69.294689 27.464568 -4.623480
98695 31.897352 -69.680311 28.013385 -4.463990
98696 32.097405 -69.983170 27.371425 -4.586080
98697 32.293787 -70.643458 27.337637 -4.513406
98698 32.522287 -71.246447 27.222578 -4.406096
98699 32.822366 -71.841251 27.061859 -4.265210
98700 32.775564 -71.557492 26.562354 -4.504298
98701 33.050866 -71.953118 25.869256 -4.579878
98702 33.306896 -72.311456 25.135979 -4.631395
98703 33.509702 -72.537009 24.651998 -4.659054
98704 33.264683 -71.793958 24.645606 -4.768478
98705 33.191270 -71.297378 24.115966 -4.836723
98706 33.102256 -70.787156 23.575368 -4.827145
98707 32.332329 -67.741286 22.740728 -4.167100
98708 32.439696 -68.485246 22.598273 -4.320579
104602 33.693236 -73.415573 22.368154 -4.543426
104603 33.884112 -73.972178 22.290534 -4.439377
104604 33.637258 -73.647492 21.829382 -4.450895
104605 33.539067 -73.881230 21.323485 -4.327387
104606 33.389487 -74.085864 20.847722 -4.172884
115798 31.519272 -67.406595 30.357498 -4.085440
115799 31.551390 -68.105081 30.191301 -4.071042
115800 31.533037 -67.744015 29.547514 -4.232066
115801 31.555061 -68.032322 28.845285 -4.373270
115802 31.622051 -68.308806 28.176843 -4.505627
115803 31.536707 -67.201051 27.677337 -4.521730
115804 31.629392 -67.887713 27.587847 -4.591304
115805 31.744101 -68.598022 27.545841 -4.625295
115806 31.954248 -68.868140 26.864614 -4.727763
115807 32.185501 -69.160085 26.176995 -4.807859
115808 32.415837 -69.465673 25.499422 -4.860258
115809 32.625066 -69.690316 24.864767 -4.880415
115810 32.445203 -68.967274 24.991698 -4.839270
115811 32.456215 -68.457052 24.474842 -4.740201
115812 32.382801 -67.990485 23.932418 -4.562535
115813 31.992790 -67.096460 24.630995 -4.479808
115814 32.187337 -67.326560 24.049304 -4.416108
115815 32.287363 -67.539380 23.389081 -4.310976
115816 32.167148 -67.090094 22.833872 -3.995144
130275 31.611957 -68.718075 30.104549 -4.029509
130276 31.693629 -69.348349 30.023277 -3.960453
130277 31.805585 -69.988627 29.909130 -3.863469
130278 31.871658 -70.057748 28.648953 -4.257426
130279 31.897352 -70.369702 29.247994 -4.012391
130280 31.988202 -70.595255 29.814160 -3.738031
130281 32.191007 -71.102748 29.657095 -3.583841
130286 33.760226 -72.770747 27.025332 -3.562814
130287 33.180258 -72.391491 26.892922 -4.092997
130288 33.598716 -72.801669 26.657324 -3.892781
130289 34.051128 -73.144546 26.475603 -3.669194
130290 34.330100 -73.608384 25.896652 -3.763651
130291 34.533823 -74.057670 25.244647 -3.845847
130292 34.752229 -74.328697 24.581684 -3.915545
130293 34.825643 -74.538788 24.010951 -3.971195
130294 34.434715 -74.235020 24.287642 -4.172456
130295 34.145648 -73.952170 23.927852 -4.378528
130296 33.952937 -73.517435 23.475832 -4.526240
130297 33.673047 -72.770747 24.222807 -4.664029
130298 33.759308 -72.879885 23.612808 -4.647131
130299 33.773074 -73.097252 22.975414 -4.607718
130300 33.624411 -72.676160 22.455819 -4.614793
130301 33.503278 -72.241425 21.915221 -4.540783
130302 33.266519 -71.762126 21.444937 -4.382580
130303 32.769141 -69.894950 24.203630 -4.865680
130304 32.876508 -70.079576 23.596371 -4.815762
130305 33.004065 -70.256016 23.034770 -4.732900
130306 32.638831 -69.187370 22.495085 -4.450490
130307 32.861826 -69.826739 22.474082 -4.551848
130308 33.101338 -70.465198 22.495998 -4.620535
130309 33.127033 -70.660738 21.970924 -4.482553
130310 33.100420 -70.900842 21.429413 -4.322375
142573 34.848585 -74.578806 23.313287 -4.009091
142574 34.862350 -74.625190 22.692330 -4.023309
142576 34.116283 -74.416008 22.141687 -4.304451
142577 34.429209 -74.719776 21.886912 -4.141300
147529 31.530284 -66.822705 30.423246 -4.073512
147530 31.447693 -66.437992 29.757544 -4.163608
147531 31.363268 -66.063283 29.128368 -4.201213
147534 31.282512 -65.705855 28.536633 -4.185830
147535 31.199004 -65.357522 27.954029 -4.120589
