#!ascii label  , from subject fsaverage vox2ras=TkReg coords=white
753
122 5.751967 30.445062 -18.176693 -1.422282
530 7.553356 25.949470 -20.298906 -4.392903
540 5.781332 16.673617 -17.112848 -1.917106
680 11.200184 17.548543 -12.787151 -3.842951
1188 6.474174 18.992807 -14.100293 -1.496554
1189 4.815941 23.311959 -18.992156 -2.724460
1190 6.303487 20.904548 -20.858680 -3.799657
1191 4.977452 28.191354 -21.801074 -2.498338
2233 11.748034 29.257273 -16.319301 -1.934640
2234 10.741348 24.216898 -15.300201 -3.965346
2261 7.735973 14.519043 -17.226081 -2.116071
2262 8.625197 19.689474 -17.176770 -6.094663
2600 12.281201 19.645819 -12.862031 -3.259322
3108 5.818957 24.512481 -17.072668 -1.730831
3109 5.227058 26.986285 -18.991243 -2.107597
3110 4.714080 25.664801 -20.968261 -2.763487
3111 4.598453 29.470092 -20.487019 -2.133019
4948 13.139224 27.510149 -16.284601 -1.932972
5005 5.949266 17.914156 -15.534886 -1.909515
5007 6.442056 14.498125 -14.082029 -0.979354
5011 6.644861 15.457633 -17.794074 -1.887527
5012 6.528317 23.326511 -21.311614 -4.426827
5013 7.367069 19.992333 -19.793008 -5.104350
5014 8.118642 22.747168 -18.867052 -5.861695
5015 9.631883 22.118713 -15.989646 -5.702976
5016 9.429077 25.210057 -17.215123 -4.685049
5832 10.422916 15.378508 -13.322270 -3.921452
6748 5.617069 21.211955 -16.687310 -2.235171
6749 5.093078 19.910479 -18.383070 -2.730595
6750 5.842816 18.553525 -19.594850 -2.898184
6751 5.259177 21.931358 -20.753666 -3.173017
6752 5.440876 24.239635 -21.775505 -3.264515
6753 5.852910 26.848952 -22.116119 -3.224904
9104 13.824725 23.552063 -15.296548 -2.422129
9259 5.886864 30.192225 -22.096029 -2.326040
9260 7.858941 29.118121 -20.015822 -3.035195
9262 10.169638 30.766111 -17.294569 -2.115574
9263 9.725485 28.067664 -17.365797 -3.262532
9264 11.220373 26.843495 -15.815230 -2.973238
9265 12.687730 25.345571 -15.156833 -2.684902
9266 12.176587 22.878134 -14.109424 -3.198593
9343 8.892239 13.970623 -15.634422 -2.541074
9344 6.887127 17.550362 -19.241452 -3.365273
9345 7.987415 16.968290 -17.861649 -4.217675
9346 9.322627 16.612681 -15.348599 -4.613661
9347 9.970504 18.926415 -14.497522 -5.285108
9348 10.872575 21.010049 -13.974275 -4.376095
10280 12.923571 20.548029 -13.200818 -2.936051
10788 5.999738 27.471041 -17.802293 -1.570874
10789 5.482171 28.757055 -18.662501 -1.744597
10790 4.806765 28.256837 -19.817664 -2.172824
10791 4.972863 30.013965 -19.351033 -1.841010
12685 5.697824 17.375740 -16.417011 -1.947665
12686 6.188778 16.348930 -14.822612 -1.469190
12687 6.092423 15.734117 -15.470964 -1.429199
12688 6.531070 13.936062 -14.725816 -0.917353
12689 6.217226 15.025627 -16.280035 -1.367967
12690 6.621002 14.321685 -16.676351 -1.326769
12691 6.172260 16.059713 -17.650706 -1.880294
12692 6.872444 24.598882 -21.160940 -4.528408
12693 7.278972 23.014557 -20.350957 -5.223655
12694 7.838752 24.320580 -19.633203 -5.175957
12695 8.780283 24.012264 -18.001364 -5.477124
12696 8.583902 25.615688 -18.633280 -4.722431
13560 10.778972 16.545379 -12.980743 -3.991704
15085 5.263765 23.925862 -17.998625 -2.296488
15086 5.584033 22.860854 -17.007833 -2.054861
15087 5.084819 22.196929 -17.877173 -2.529845
15088 5.211458 20.590775 -17.513730 -2.562585
15089 4.882014 21.545736 -18.844222 -2.833512
15090 5.139879 20.830880 -19.872454 -3.003498
15091 4.885684 22.550719 -19.949161 -2.985854
15092 4.836130 26.923530 -21.457721 -2.642659
15093 5.028841 25.006332 -21.546299 -2.971066
15094 5.184845 26.105902 -21.894218 -2.872704
15095 5.589539 25.533835 -22.043065 -3.246733
15096 5.439040 27.512877 -22.089637 -2.779623
20205 13.905480 24.577055 -16.173194 -2.187353
20592 6.820136 31.258143 -21.203859 -2.274098
20593 6.747640 29.606515 -21.363665 -2.673775
20594 8.049817 30.656063 -19.762874 -2.529214
20600 10.945071 30.013056 -16.693702 -2.005963
20601 9.959492 29.460998 -17.313746 -2.639154
20602 10.697300 28.771607 -16.584121 -2.534812
20603 10.489906 27.465584 -16.479106 -3.134835
20604 11.494756 28.064936 -16.050828 -2.439421
20606 12.946513 26.476063 -15.698344 -2.329597
20607 13.503540 25.543839 -15.836233 -2.269876
20608 13.325512 24.476102 -15.138569 -2.551219
20777 6.626508 17.720436 -12.610909 -1.174263
20792 7.569874 13.302150 -16.581382 -1.388730
20794 8.176455 12.849226 -16.026173 -1.495972
20795 8.740823 12.488160 -15.300201 -1.637958
20796 8.319612 14.211637 -16.571337 -2.322258
20797 6.104353 19.707664 -20.384744 -3.366816
20798 6.372313 17.946898 -19.517230 -3.070196
20799 6.599895 19.177433 -20.132708 -3.732159
20800 7.962638 19.748591 -18.688983 -5.774834
20801 7.641453 18.391637 -18.913623 -4.852965
20802 8.240692 18.269766 -17.737458 -5.342353
20803 8.627032 16.900988 -16.661741 -4.549710
20804 8.929864 18.195188 -16.234376 -5.490794
20805 9.649318 17.753177 -14.881968 -5.212004
20806 9.320792 19.393891 -15.718434 -5.891117
20807 10.138438 23.218282 -15.565021 -4.854465
20808 10.235711 21.595758 -14.868270 -5.067643
20809 10.778972 22.631663 -14.665546 -4.287787
20810 11.483744 21.983199 -13.931356 -3.752678
20811 11.450708 23.573891 -14.605277 -3.558697
23112 11.690220 18.706319 -12.745145 -3.578949
24026 6.155742 24.978138 -16.020694 -1.173890
24027 6.260357 26.184118 -16.868118 -1.367678
24028 5.591374 25.735741 -18.017801 -1.946548
24029 4.969193 25.106376 -19.080734 -2.458237
24030 4.727845 24.471554 -20.077005 -2.801811
24031 4.744363 26.332364 -20.053262 -2.510898
24032 4.547064 27.664762 -20.836764 -2.450572
24033 4.656266 28.875288 -21.333530 -2.317764
27338 12.488595 28.445101 -16.197849 -1.919331
27441 6.202543 18.473491 -14.805262 -1.757659
27442 6.527399 17.328447 -13.357884 -1.342180
27443 6.353959 16.828229 -14.057373 -1.446331
27444 6.432879 15.022899 -13.407195 -1.027657
27452 7.098191 13.782359 -16.744839 -1.330933
27453 7.154169 14.973786 -17.646140 -1.965042
27454 6.394337 22.111437 -21.179204 -4.166277
27455 6.823807 20.397055 -20.510762 -4.380883
27456 7.019271 21.679431 -20.594774 -4.919405
27457 7.702019 21.338373 -19.500793 -5.710197
27458 8.398532 21.140105 -18.029673 -6.226803
27459 9.091374 20.906367 -16.554900 -6.205302
27460 8.926193 22.468865 -17.328356 -6.039605
27461 9.511668 23.671206 -16.701007 -5.321710
27462 10.075118 24.715297 -16.157670 -4.377052
31103 6.417279 20.665353 -14.656414 -1.460315
31104 6.026350 23.428373 -16.147625 -1.496795
31105 5.978631 21.767651 -15.919332 -1.764657
31106 6.052045 20.194239 -15.479183 -1.872514
31107 5.740954 19.555780 -16.218852 -2.188966
31108 5.450053 18.890035 -16.907384 -2.357074
31109 5.361038 18.199735 -17.812338 -2.406394
31110 5.650105 17.515801 -18.494477 -2.411668
31111 5.366544 19.173795 -19.214057 -2.810461
31112 5.628999 20.256994 -20.364654 -3.146448
31113 5.751049 21.398399 -21.014833 -3.411450
31114 4.933403 23.681211 -20.909818 -3.023637
31115 5.306896 23.088225 -21.326225 -3.251533
31116 5.833639 22.604378 -21.380102 -3.607341
31117 5.951101 23.707586 -21.704278 -3.740484
31118 6.081411 24.920841 -21.851299 -3.816053
31119 6.555847 26.264152 -21.591044 -3.814172
37556 13.699004 22.480688 -14.508481 -2.590320
38021 5.342685 29.132673 -22.161777 -2.386169
38022 5.896041 28.520588 -22.137121 -2.721926
38023 6.632014 27.919418 -21.528949 -3.184282
38024 7.679995 27.485593 -20.202109 -3.659037
38031 9.114316 30.105823 -18.382157 -2.664964
38032 8.899581 28.632455 -18.534657 -3.255055
38033 8.753671 27.110884 -18.630540 -3.951163
38034 9.549292 26.677059 -17.387713 -3.961914
38035 10.317384 26.063156 -16.311083 -3.768739
38036 10.979025 25.516554 -15.554976 -3.499080
38037 12.250000 27.289144 -15.741263 -2.377253
38038 11.983875 26.100445 -15.359557 -2.822694
38039 11.714998 24.829892 -14.969633 -3.229064
38040 12.446382 24.105031 -14.625367 -2.983308
38041 13.126377 23.309231 -14.458256 -2.766421
38042 12.890535 22.105980 -13.841865 -2.898140
38269 9.412559 13.531341 -14.668286 -2.710449
38270 6.233744 16.964652 -18.729163 -2.447717
38271 6.737546 16.548108 -18.633280 -2.564284
38272 7.264290 16.136110 -18.312756 -2.778808
38273 7.074332 18.771802 -19.698952 -4.253224
38274 7.384505 17.250231 -18.742860 -3.773372
38275 7.824987 15.751397 -17.742023 -3.073407
38276 8.472863 15.621341 -16.756711 -3.386876
38277 9.084033 15.335762 -15.593329 -3.617394
38278 9.637389 14.854644 -14.489304 -3.667200
38279 9.910855 16.053347 -14.222658 -4.368903
38280 10.219193 17.204757 -13.819949 -4.641897
38281 10.581673 18.289774 -13.545997 -4.538884
38282 9.730991 20.516197 -15.293809 -5.688096
38283 10.375197 19.975053 -14.176999 -4.943427
38284 11.022155 19.339322 -13.328662 -4.204488
38285 11.564499 20.359766 -13.295788 -3.759402
38286 12.197693 21.297446 -13.437330 -3.297614
41000 13.254851 20.953660 -13.492120 -2.795273
41001 13.405349 20.328843 -13.288482 -2.789802
41507 6.013503 29.783865 -17.846125 -1.333982
41508 5.884111 28.975332 -18.082637 -1.491617
41509 5.583115 29.615610 -18.439687 -1.576269
41510 5.197693 29.395515 -19.005854 -1.804693
41511 5.325249 30.257708 -18.762037 -1.643415
43405 5.673964 16.995575 -16.739360 -1.937075
43406 5.932748 16.595401 -15.901068 -1.694815
43407 5.916230 16.204322 -16.264511 -1.670828
43408 6.102517 15.367594 -15.875499 -1.398384
43409 6.010750 15.924200 -16.672699 -1.642768
43410 6.183272 15.559496 -16.976785 -1.617186
43411 5.936419 16.395314 -17.448895 -1.895831
43412 7.188123 25.274631 -20.764624 -4.495969
43413 7.351468 24.446998 -20.436795 -4.878739
43414 7.701101 25.135480 -19.992080 -4.785169
43415 8.208574 24.973591 -19.130958 -4.998232
43416 8.098453 25.807590 -19.467006 -4.601571
44280 10.981778 17.031954 -12.862031 -3.936953
44281 11.152465 16.310732 -12.635564 -3.684727
44282 11.390142 16.835505 -12.536029 -3.626563
45805 4.998558 23.645741 -18.476214 -2.533153
45806 5.148139 23.049117 -17.960272 -2.433616
45807 4.932486 22.752625 -18.426903 -2.641032
45808 4.886602 21.859509 -18.326454 -2.703373
45809 4.823283 22.427029 -18.894447 -2.802740
45810 4.871919 22.054139 -19.431392 -2.924658
45811 4.789329 22.932703 -19.449656 -2.872041
45812 4.915968 27.568356 -21.633964 -2.569456
45813 5.018747 26.473334 -21.722541 -2.745394
45814 5.090325 27.125436 -21.859517 -2.680459
45815 5.284872 26.764370 -22.022062 -2.822762
45816 5.194022 27.815736 -21.983709 -2.621093
50925 13.884374 25.045440 -16.606037 -2.048825
51313 7.428553 30.938004 -20.499804 -2.408957
51320 11.348847 29.636528 -16.444406 -1.962992
51321 10.818432 29.381872 -16.612429 -2.259459
51322 11.201101 29.033539 -16.375918 -2.214294
51323 11.071710 28.444192 -16.283687 -2.483042
51324 11.604877 28.669744 -16.152191 -2.180965
51326 13.561353 26.058608 -16.213373 -2.108366
51327 13.750394 25.562938 -16.380484 -2.082808
51328 13.712769 25.067268 -15.984167 -2.231318
51495 6.609990 19.201989 -13.691191 -1.342508
51496 6.721946 18.567168 -12.938737 -1.200011
51497 6.609072 18.367990 -13.339620 -1.324943
51512 7.660724 13.846023 -16.934779 -1.724895
51513 7.853435 13.117524 -16.359481 -1.436840
51514 7.930519 13.745070 -16.692789 -1.795408
51515 8.227845 13.543164 -16.332999 -1.877287
51516 8.001180 14.401719 -16.980438 -2.214335
51517 6.231909 20.310653 -20.633127 -3.589307
51518 6.341112 19.424814 -20.274250 -3.529084
51519 6.480598 20.034170 -20.520807 -3.803515
51520 8.283823 19.697660 -17.960272 -5.995671
51521 8.105795 18.990988 -18.207741 -5.616364
51522 8.446251 18.965523 -17.451635 -5.787442
51523 8.582066 18.274313 -16.964914 -5.470189
51524 8.777530 18.932781 -16.701920 -5.841411
51525 9.117987 18.815458 -15.996951 -5.770004
51526 8.974830 19.570331 -16.429795 -6.057235
51527 10.420163 23.730323 -15.419826 -4.399176
51528 10.453199 22.931794 -15.098390 -4.572925
51529 10.765207 23.432921 -15.004333 -4.150817
51530 11.096487 23.137338 -14.621714 -3.907600
51531 11.096487 23.901306 -14.924887 -3.757642
53880 11.977452 19.181981 -12.777106 -3.423140
53881 12.161904 18.532607 -12.557945 -3.318232
53882 12.454641 18.985532 -12.639217 -3.189287
55403 6.460409 26.361467 -16.309256 -1.103932
55404 6.486104 27.020845 -16.749405 -1.197023
55405 5.610645 27.225480 -18.396768 -1.848593
55406 5.822627 26.598843 -17.924658 -1.756923
55407 5.432617 26.328726 -18.510001 -2.036731
55408 5.206870 25.451981 -18.572097 -2.220354
55409 5.069219 26.014044 -19.086213 -2.288751
55410 4.858154 25.687538 -19.601242 -2.499404
55411 4.937074 26.637951 -19.554670 -2.330861
55412 4.671867 28.872560 -20.131795 -2.164555
55413 4.638831 27.975806 -20.323561 -2.329108
55414 4.553487 28.581524 -20.655043 -2.289831
55415 4.592029 28.287760 -21.092452 -2.389256
55416 4.579182 29.138130 -21.004788 -2.233192
61095 6.043786 18.212468 -15.164138 -1.848968
61096 6.282381 17.659500 -14.430861 -1.621856
61097 6.221814 17.406663 -14.783345 -1.675237
61098 6.281463 15.431258 -14.445472 -1.223103
61099 6.329182 15.716837 -14.103945 -1.239935
61100 6.439303 14.800984 -13.802598 -1.006835
61105 6.625590 13.683225 -14.989722 -0.889386
61112 6.600813 14.872833 -17.263521 -1.593774
61113 6.847667 14.026101 -16.751232 -1.322315
61114 6.848584 14.595440 -17.261695 -1.602594
61115 7.089932 14.328051 -17.229734 -1.627360
61116 6.876114 15.212072 -17.727413 -1.916795
61117 6.442973 22.698965 -21.265042 -4.312659
61118 6.702674 21.893160 -20.954563 -4.524100
61119 6.779759 22.534348 -21.005701 -4.699318
61120 7.713949 22.855397 -19.642335 -5.584007
61121 7.477189 22.194200 -19.959206 -5.507427
61122 7.884636 22.054139 -19.217710 -5.852264
61123 8.035134 21.227416 -18.806782 -6.024345
61124 8.262716 21.945910 -18.443340 -6.098691
61125 8.657315 21.822220 -17.665317 -6.212885
61126 8.538936 22.621659 -18.088116 -6.019768
61127 9.132669 24.616163 -17.565781 -5.116029
61128 9.176718 23.854013 -17.320138 -5.451869
61129 9.470372 24.416985 -16.974046 -5.023889
61130 9.797064 24.205075 -16.405139 -4.856704
61131 9.762192 24.987233 -16.676351 -4.553918
68295 6.023597 24.743491 -16.558552 -1.441204
68296 6.063057 24.202346 -16.133927 -1.336147
68297 5.923571 23.926772 -16.596905 -1.614503
68298 5.530808 22.027764 -16.906471 -2.169440
68299 5.770320 22.315162 -16.470888 -1.913900
68300 5.785003 21.518452 -16.319301 -2.012228
68301 6.023597 21.006411 -15.778703 -1.844404
68302 5.857499 20.717194 -16.092834 -2.059499
68303 5.907053 19.864096 -15.845365 -2.048063
68304 5.695989 20.418882 -16.483672 -2.242946
68305 5.111432 20.254265 -17.915526 -2.663384
68306 5.318825 19.760414 -17.195946 -2.489211
68307 5.217882 19.431180 -17.610527 -2.555433
68308 5.353697 18.566258 -17.346620 -2.392356
68309 5.238070 19.037372 -18.068939 -2.594180
68310 5.283954 18.665392 -18.511828 -2.616458
68311 5.208705 19.507577 -18.810435 -2.775456
68312 5.243576 21.312908 -20.425837 -3.100700
68313 5.383063 20.507103 -20.189325 -3.071205
68314 5.458312 21.077351 -20.635866 -3.185591
68315 5.718930 20.872716 -20.784713 -3.287784
68316 5.489512 21.663969 -20.950911 -3.278672
68317 4.720504 25.061811 -20.560986 -2.795866
68318 4.811353 24.074109 -20.507109 -2.920592
68319 4.808600 24.695288 -20.998396 -2.903549
68320 5.209623 24.607977 -21.703365 -3.099871
68321 5.148139 24.019540 -21.477811 -3.121308
68322 5.353697 23.674844 -21.612047 -3.264129
68323 5.551914 22.849940 -21.405670 -3.407331
68324 5.621657 23.421097 -21.583739 -3.447628
68325 5.893288 23.150980 -21.521643 -3.681234
68326 5.698742 23.979522 -21.749023 -3.475807
68327 5.692318 26.148648 -22.091463 -3.235782
68328 5.823545 25.191868 -21.993753 -3.507008
68329 5.974043 25.812138 -22.001972 -3.512341
68330 6.297981 25.595680 -21.782811 -3.828030
68331 6.175013 26.514261 -21.955400 -3.507724
83655 13.756817 23.022742 -14.855486 -2.515091
84813 5.864840 31.104440 -22.070460 -2.163688
84815 5.559255 30.553291 -22.182780 -2.187810
84816 5.308731 30.014875 -22.170909 -2.221478
84817 5.588621 29.651080 -22.199217 -2.350531
84818 5.605139 28.812534 -22.184606 -2.536085
84819 5.884111 29.355497 -22.147166 -2.510990
84820 7.295490 29.358226 -20.729010 -2.862198
84821 6.692580 28.774335 -21.444937 -2.913819
84822 7.216571 28.530593 -20.823980 -3.131637
84823 7.117462 27.677494 -20.941779 -3.432053
84824 7.760750 28.312316 -20.110792 -3.332006
84842 9.652072 30.479622 -17.764853 -2.401456
84843 9.846618 28.765240 -17.341141 -2.939497
84844 9.445595 29.087199 -17.850691 -2.963010
84845 9.354746 28.366885 -17.903655 -3.282917
84846 8.842685 27.874853 -18.581229 -3.590784
84847 9.261143 27.652938 -17.937442 -3.626458
84848 9.166623 26.898064 -17.984014 -3.990019
84849 9.634636 27.363722 -17.395018 -3.605020
84850 10.850551 27.175458 -16.122969 -3.054040
84851 10.394468 26.772555 -16.415184 -3.450422
84852 10.736760 26.524265 -16.048089 -3.346901
84853 10.644075 25.809409 -15.914766 -3.637161
84854 11.090063 26.197760 -15.695604 -3.239717
84855 12.823545 27.982172 -16.215199 -1.925148
84856 12.371133 27.903957 -15.966817 -2.147856
84857 12.729943 27.451942 -15.956772 -2.141327
84858 12.828133 25.930371 -15.418913 -2.513351
84859 12.476665 26.348735 -15.467311 -2.558063
84860 12.340850 25.760297 -15.217102 -2.752834
84861 11.842554 25.460166 -15.137656 -3.032571
84862 12.206870 25.114561 -14.996115 -2.935441
84863 12.093078 24.489744 -14.756863 -3.102740
84864 12.552832 24.715297 -14.871923 -2.842485
84865 13.609990 24.014083 -15.227147 -2.485523
84866 13.242003 23.919496 -14.807088 -2.668171
84867 13.513634 23.482942 -14.825351 -2.588039
84868 13.424620 22.933613 -14.450038 -2.671600
85373 6.513634 16.481715 -13.043752 -1.204935
85374 6.554012 16.693625 -12.665699 -1.163209
85427 8.807813 13.231210 -15.518449 -2.059353
85429 9.048243 13.059317 -15.111174 -2.149099
85430 9.302439 12.772829 -14.676504 -2.230066
85431 9.131752 13.854208 -15.156833 -2.636029
85432 5.725354 18.036028 -19.078908 -2.656467
85433 5.943760 17.237498 -18.651543 -2.422001
85434 6.009832 17.738626 -19.169312 -2.693756
85435 6.621002 17.726802 -19.400344 -3.201671
85436 6.541164 17.242046 -19.089866 -2.837053
85437 6.799948 17.054692 -18.962022 -2.949959
85438 7.008259 16.402590 -18.520959 -2.659510
85439 7.070661 16.856424 -18.794911 -3.090818
85440 7.091767 20.177868 -20.193891 -4.733284
85441 6.956870 19.573060 -20.138187 -4.364354
85442 7.206476 19.373882 -19.786616 -4.694991
85443 7.796539 17.674961 -18.384897 -4.572957
85444 7.512061 17.775005 -18.846049 -4.314270
85445 7.679077 17.081976 -18.343804 -3.998869
85446 7.579051 16.478077 -18.254313 -3.439724
85447 7.888306 16.345292 -17.865302 -3.630435
85448 8.144337 15.655901 -17.297309 -3.233461
85449 8.212245 16.257981 -17.340228 -3.813913
85450 8.973912 16.830048 -15.996951 -4.621644
85451 8.861956 16.116102 -16.133927 -4.088631
85452 9.207001 15.973312 -15.517536 -4.146989
85453 9.366676 15.104752 -14.975112 -3.668698
85454 9.500656 15.729570 -14.907537 -4.139419
85455 9.780546 15.451267 -14.381550 -4.066367
85456 9.630965 16.367120 -14.759603 -4.525834
85457 9.810829 18.337068 -14.661893 -5.311190
85458 9.951232 17.508525 -14.308496 -4.949598
85459 10.103566 18.066041 -14.148691 -4.982235
85460 10.387127 17.764091 -13.673841 -4.628468
85461 10.269665 18.617190 -14.012628 -4.914658
85462 9.369429 21.534822 -16.259945 -6.017368
85463 9.404300 20.718103 -15.914766 -5.993775
85464 9.660331 21.309270 -15.662730 -5.748879
85465 10.543131 21.291080 -14.380636 -4.717925
85466 10.288936 20.784496 -14.535876 -5.047215
85467 10.609203 20.477089 -14.048242 -4.676561
85468 10.699135 19.657642 -13.729545 -4.563831
85469 10.943236 20.172411 -13.635488 -4.320355
85470 11.276351 19.853182 -13.297614 -3.989583
85471 11.203854 20.697185 -13.589829 -4.054391
85472 11.804929 22.447037 -13.993451 -3.461636
85473 11.838883 21.640323 -13.660144 -3.513971
85474 12.172916 22.085062 -13.772464 -3.264394
85475 12.550079 21.724905 -13.612659 -3.086282
85476 12.532643 22.502516 -13.918571 -3.040045
92232 12.587703 20.104200 -13.003573 -3.094245
92233 12.753802 19.455736 -12.778019 -3.054156
92234 13.097929 19.919574 -12.986222 -2.918421
93146 6.376901 27.685680 -17.211470 -1.295687
93147 6.148401 28.352333 -17.667143 -1.395833
93148 5.749214 28.113138 -18.254313 -1.664640
93149 5.357368 27.886676 -18.853354 -1.923663
93150 5.008652 27.645662 -19.426826 -2.153966
93151 5.119691 28.514222 -19.227755 -1.976429
93152 4.903120 29.136311 -19.577500 -2.003451
93153 4.720504 29.752943 -19.926331 -2.004679
96561 5.841898 17.643129 -15.934856 -1.940828
96562 6.091505 17.149278 -15.187881 -1.702904
96563 6.002491 16.924635 -15.573239 -1.707712
96564 6.132800 16.072446 -15.133090 -1.454725
96565 6.268616 15.099296 -14.778780 -1.196838
96566 6.476927 14.184352 -14.383376 -0.948391
96567 6.263110 14.800984 -15.135830 -1.165578
96568 6.316335 14.600897 -15.533060 -1.133883
96569 6.496198 14.214365 -15.796053 -1.105853
96570 6.707263 13.858756 -16.000604 -1.084761
96571 6.411773 14.667289 -16.522025 -1.342839
96572 6.397090 15.230262 -17.186815 -1.599505
96573 6.427373 15.765949 -17.809598 -1.876180
96574 6.669638 23.991345 -21.313440 -4.501713
96575 6.884373 23.190997 -20.934474 -4.824578
96576 7.078002 23.812177 -20.748186 -4.888351
96577 7.504720 23.643922 -20.082484 -5.249656
96578 7.993839 23.516593 -19.240539 -5.543928
96579 8.429733 23.401998 -18.447906 -5.733531
96580 8.315024 24.173243 -18.793085 -5.383507
96581 8.700446 24.805336 -18.289927 -5.110908
96582 9.021631 25.411963 -17.898176 -4.747552
98136 10.578002 15.992411 -13.156986 -3.992208
98137 10.775302 15.112938 -12.937824 -3.669851
98138 10.940483 15.767768 -12.781672 -3.704163
100881 5.550996 24.251459 -17.552997 -2.023177
100882 5.691400 23.665749 -17.052578 -1.904055
100883 5.424358 23.351976 -17.490901 -2.183650
100884 5.321579 22.531620 -17.452548 -2.311205
100885 5.324332 21.723086 -17.315572 -2.393450
100886 5.408757 20.915462 -17.104629 -2.420480
100887 5.120608 21.385667 -17.727413 -2.575181
100888 4.975616 21.045519 -18.163909 -2.712432
100889 4.976534 20.720832 -18.662501 -2.810548
100890 5.077478 20.382503 -19.182096 -2.880202
100891 4.937992 21.195584 -19.387560 -2.929152
100892 5.024253 21.663969 -19.951900 -3.018921
100893 5.062795 22.202385 -20.416705 -3.080681
100894 4.756293 26.309627 -21.239473 -2.709995
100895 4.867331 25.321015 -21.283305 -2.864347
100896 4.940745 25.913091 -21.504293 -2.809183
100897 5.094914 25.513826 -21.728933 -2.924299
100898 5.264683 25.138208 -21.877781 -3.069782
100899 5.506948 24.882642 -21.929831 -3.257292
100900 5.372050 25.798495 -22.017496 -3.036829
100901 5.485842 26.487886 -22.087810 -3.005971
100902 5.622575 27.177277 -22.135295 -2.980366
110097 13.886209 24.074109 -15.771398 -2.312344
110793 6.296146 31.602838 -21.696059 -2.140402
110794 6.283298 30.728822 -21.779158 -2.304889
110795 6.256686 29.891185 -21.850385 -2.490304
110796 6.783430 30.446881 -21.283305 -2.461906
110797 7.358810 30.163121 -20.631300 -2.622401
110798 7.952543 29.893913 -19.894370 -2.768312
110808 10.567908 30.400497 -16.943911 -2.059650
110809 10.077871 30.125832 -17.293656 -2.363942
110810 10.447693 29.752943 -16.932953 -2.312290
110811 10.324725 29.119031 -16.915603 -2.589979
110812 10.221946 28.456924 -16.909210 -2.889819
110813 10.097142 27.771172 -16.911950 -3.208225
110814 10.599109 28.141333 -16.532070 -2.828019
110815 10.978107 27.800275 -16.198762 -2.764475
110816 11.361694 27.455580 -15.899242 -2.704998
110818 13.055716 26.996289 -15.983254 -2.135298
110819 13.347536 26.545184 -16.065439 -2.125367
110820 13.251180 26.022229 -15.744916 -2.302428
110821 13.140142 25.483813 -15.431698 -2.466988
110822 13.022680 24.911746 -15.104782 -2.617852
110823 13.419114 25.015427 -15.473704 -2.417893
110824 13.669638 24.543404 -15.587850 -2.365990
111154 7.532250 12.736450 -16.131188 -1.102170
111156 7.773597 12.440866 -15.979601 -1.133620
111157 8.095700 12.091624 -15.710215 -1.174778
111158 8.389355 11.820597 -15.407955 -1.224341
111159 8.660068 11.575035 -15.071908 -1.280657
111160 8.472863 12.608212 -15.641727 -1.563975
111161 8.549948 13.330344 -15.881892 -1.966861
111162 8.620608 14.029739 -16.158583 -2.433699
111163 5.977714 19.102855 -20.034999 -3.135554
111164 6.110776 18.222472 -19.609461 -2.970225
111165 6.205296 18.805453 -19.969251 -3.249712
111166 6.452150 18.516236 -19.858757 -3.398472
111167 6.721946 18.324335 -19.698952 -3.583792
111168 7.660724 19.853182 -19.279806 -5.464273
111169 7.483613 19.169248 -19.378428 -5.034641
111170 7.791951 19.058290 -18.863399 -5.353660
111171 7.925013 18.313421 -18.413205 -5.126817
111172 8.092030 17.614935 -17.847038 -4.802861
111173 8.299423 16.904626 -17.313746 -4.408703
111174 8.393944 17.608569 -17.227907 -4.977034
111175 8.759177 17.563095 -16.480019 -5.071631
111176 9.117069 17.442133 -15.778703 -5.072054
111177 9.470372 17.211123 -15.123959 -4.977277
111178 9.302439 17.988734 -15.533973 -5.400531
111179 9.485055 18.570806 -15.291069 -5.584569
111180 9.660331 19.170157 -15.061863 -5.622079
111181 9.872313 22.680775 -15.761353 -5.301576
111182 9.928291 21.868604 -15.408868 -5.405402
111183 10.175144 22.417024 -15.199752 -5.001358
111184 10.502753 22.122351 -14.735860 -4.682485
111185 10.823938 21.834043 -14.307583 -4.365139
111186 11.172654 21.522999 -13.931356 -4.062243
111187 11.124017 22.332442 -14.292059 -4.011897
111188 11.443367 22.811741 -14.302104 -3.676599
111189 11.806765 23.253752 -14.324020 -3.371858
115368 11.428684 18.121519 -12.756103 -3.720940
115369 11.649843 17.433948 -12.494936 -3.541323
115370 11.875590 18.064222 -12.516852 -3.436839
117501 6.299817 25.748473 -15.906547 -1.018642
117502 6.219979 25.556572 -16.437100 -1.268178
117503 6.017174 25.324653 -17.012399 -1.548354
117504 6.226403 26.848952 -17.315572 -1.469960
117505 5.956607 25.967660 -17.464419 -1.654968
117506 5.712507 25.121837 -17.545691 -1.842855
117507 5.370215 24.879914 -18.051589 -2.130148
117508 5.105926 24.545223 -18.525525 -2.389390
117509 4.885684 24.200527 -19.056078 -2.606641
117510 4.722339 23.835823 -19.598503 -2.778313
117511 4.800341 24.769866 -19.584805 -2.651367
117512 4.705821 25.358304 -20.121750 -2.665935
117513 4.642501 25.996763 -20.541810 -2.651123
117514 4.770975 27.340075 -19.950987 -2.344128
117515 4.618642 27.049039 -20.449579 -2.493330
117516 4.636995 26.658869 -20.889728 -2.610372
117517 4.659937 27.301876 -21.188336 -2.549765
117518 4.738857 27.948521 -21.397452 -2.477265
117519 4.793000 28.537869 -21.595610 -2.401390
125228 12.152727 28.868922 -16.227071 -1.921006
125469 6.348453 18.748156 -14.445472 -1.638063
125470 6.539329 18.194278 -13.715847 -1.441964
125471 6.418196 17.915975 -14.062853 -1.542986
125472 6.451232 17.069243 -13.698497 -1.404176
125473 6.434714 16.204322 -13.376147 -1.232186
125474 6.271369 16.589944 -14.443645 -1.467559
125475 6.375983 15.976950 -13.714021 -1.243695
125476 6.416361 15.268460 -13.025489 -1.039299
125494 6.894468 13.583181 -16.158583 -1.072879
125495 7.128474 13.280322 -16.194197 -1.071539
125496 7.344127 13.020209 -16.233463 -1.081300
125497 7.320268 13.544074 -16.723836 -1.353141
125498 7.369822 14.096132 -17.117414 -1.668345
125499 7.442318 14.722768 -17.468985 -2.031980
125500 6.350289 21.503900 -21.042228 -3.993540
125501 6.554012 20.659896 -20.729010 -4.066453
125502 6.630178 21.250153 -20.860507 -4.309777
125503 6.938516 20.933652 -20.596600 -4.671380
125504 7.221159 20.811781 -20.185672 -5.061686
125505 7.123886 22.363365 -20.518980 -5.108795
125506 7.345045 21.507538 -20.109879 -5.327069
125507 7.526744 20.637159 -19.710823 -5.452486
125508 7.841505 20.534387 -19.090779 -5.805156
125509 8.160855 20.451624 -18.390376 -6.076060
125510 8.483875 20.415244 -17.652533 -6.226918
125511 8.849109 20.293373 -16.858986 -6.236010
125512 8.727058 21.054613 -17.284524 -6.288988
125513 9.015207 21.693073 -16.945737 -6.181977
125514 9.291427 22.315162 -16.641651 -5.925883
125515 8.855532 23.253752 -17.710976 -5.795972
125516 9.222601 23.106415 -17.014225 -5.730330
125517 9.563057 22.931794 -16.370439 -5.555408
125518 9.842030 23.481124 -16.082790 -5.112755
125519 10.109072 23.985889 -15.884631 -4.640561
125520 10.405480 24.487925 -15.711128 -4.175476
134891 6.430126 19.820440 -14.396160 -1.502158
134895 5.827216 23.135519 -16.564031 -1.776623
134896 5.974043 22.574365 -16.044436 -1.644211
134898 6.199790 21.222868 -15.323943 -1.611670
134899 6.230991 20.428887 -15.091998 -1.671999
134900 6.242921 19.572150 -14.804348 -1.681970
134901 6.125459 19.284753 -15.151354 -1.843369
134902 5.966702 19.002812 -15.515710 -1.976373
134903 5.797850 18.709957 -15.846278 -2.075349
134904 5.494101 20.109657 -16.892773 -2.386610
134905 5.584950 19.200170 -16.521112 -2.291376
134906 5.696906 18.387089 -16.227071 -2.139618
134907 5.570268 18.080592 -16.662654 -2.172936
134908 5.490430 17.777733 -17.138417 -2.182282
134909 5.553749 17.433038 -17.531994 -2.176474
134910 5.698742 17.121084 -17.883565 -2.164766
134911 5.463818 17.864135 -18.207741 -2.409444
134912 5.461065 18.354348 -18.873444 -2.633703
134913 5.573021 18.883669 -19.515404 -2.847814
134914 5.246329 20.002338 -19.582979 -2.934612
134915 5.489512 19.695841 -19.836841 -2.987288
134916 5.729025 19.410262 -20.017649 -3.050776
134917 5.866676 19.991424 -20.413052 -3.241645
134918 5.963949 20.578042 -20.729923 -3.419316
134919 6.019009 21.139196 -20.966435 -3.582505
134920 4.790247 23.473848 -19.998472 -2.910986
134921 4.925144 23.084587 -20.435882 -3.018082
134922 5.081149 22.782638 -20.812109 -3.116223
134923 4.952674 24.336950 -21.311614 -3.006285
134924 5.091243 23.387446 -21.173725 -3.128427
134925 5.282119 22.493421 -21.042228 -3.222350
134926 5.522549 22.179648 -21.200207 -3.351866
134927 5.786838 21.979561 -21.205686 -3.517720
134928 6.074987 21.735819 -21.146330 -3.729690
134929 6.113529 22.326985 -21.300656 -3.859371
134930 6.151154 22.905419 -21.433979 -3.969990
134931 6.199790 23.478395 -21.572781 -4.059723
134932 5.741872 24.624348 -21.938050 -3.494908
134933 6.008915 24.304209 -21.830296 -3.785706
134934 6.301652 24.123221 -21.616613 -4.125822
134935 6.458574 24.755314 -21.559083 -4.163560
134936 6.687992 25.409235 -21.396539 -4.165234
134937 6.988070 26.102264 -21.085147 -4.119805
153632 13.636602 21.903164 -14.146864 -2.648556
155009 5.375721 31.002577 -18.678938 -1.495111
155010 4.981122 30.788848 -19.285285 -1.688686
155011 4.737022 30.548743 -19.871541 -1.852865
155012 4.567252 30.295906 -20.494325 -1.983489
155015 4.557158 29.954849 -20.961869 -2.084847
155016 4.625983 29.653809 -21.350880 -2.167401
155017 4.751704 29.329122 -21.634877 -2.244557
155018 4.933403 29.018987 -21.864996 -2.329910
155026 5.105008 29.520114 -22.068634 -2.268850
155027 5.146303 28.676111 -22.050370 -2.435812
155028 5.392239 28.335963 -22.125250 -2.572263
155029 5.633587 28.014914 -22.164517 -2.746222
155030 5.862087 27.702960 -22.144427 -2.960263
155031 6.257604 29.052638 -21.885999 -2.701469
155032 6.197955 28.195902 -21.980056 -2.941354
155033 6.176849 27.370997 -21.966358 -3.210674
155034 6.547588 27.060863 -21.668664 -3.485271
155035 7.053225 26.868051 -21.026704 -3.762661
155036 7.612087 26.693430 -20.295253 -4.014392
155056 8.601337 30.377760 -19.062471 -2.618215
155057 8.509570 29.628343 -19.149222 -2.880660
155058 9.550210 29.795689 -17.815077 -2.668856
155059 8.989513 29.355497 -18.480780 -2.946255
155060 8.390273 28.857098 -19.267934 -3.171265
155061 8.326953 28.093130 -19.326377 -3.490869
155062 8.278317 27.290963 -19.378428 -3.838611
155063 8.168196 26.547003 -19.456048 -4.211134
155064 8.658233 26.374200 -18.671633 -4.331283
155065 9.084033 26.153195 -17.956619 -4.367150
155066 9.474043 25.942194 -17.336575 -4.325709
155067 10.010881 27.070867 -16.874510 -3.540956
155068 9.930126 26.389661 -16.837983 -3.882235
155069 9.853042 25.741198 -16.738447 -4.223804
155070 10.193498 25.423787 -16.248074 -4.081454
155071 10.526613 25.167312 -15.808838 -3.916928
155072 10.862481 24.873547 -15.430785 -3.744158
155073 12.008653 28.288669 -16.052655 -2.159671
155074 11.883849 27.689318 -15.849931 -2.404786
155075 11.737939 27.067229 -15.687386 -2.651515
155076 12.608810 26.911707 -15.693778 -2.353450
155077 12.117856 26.722534 -15.523928 -2.603272
155078 11.603042 26.446050 -15.523928 -2.895900
155079 11.471815 25.802133 -15.391518 -3.134158
155080 11.344258 25.177316 -15.229887 -3.361716
155081 11.219455 24.537037 -15.085605 -3.572320
155082 11.585606 24.207803 -14.789738 -3.406795
155083 11.960016 23.864927 -14.556879 -3.250159
155084 12.336261 23.517503 -14.363286 -3.103491
155085 12.903383 24.302390 -14.812567 -2.753348
155086 12.812533 23.693943 -14.490217 -2.870969
155087 12.675800 23.102777 -14.221744 -2.967548
155088 13.017174 22.708969 -14.122209 -2.843604
155089 13.331935 22.305157 -14.123122 -2.734931
155090 13.242003 21.711263 -13.798946 -2.777464
155696 6.589801 17.512163 -12.981657 -1.263786
155697 6.554012 16.865518 -12.282167 -1.109912
155766 9.598847 12.352646 -14.323107 -2.296497
155767 9.682355 13.173003 -14.226310 -2.757961
155768 5.919900 16.795488 -18.089942 -2.155848
155769 6.180519 16.493538 -18.268924 -2.157053
155770 6.458574 16.247977 -18.311843 -2.173958
155771 6.299817 17.440314 -19.139177 -2.752408
155772 6.494363 16.736371 -18.723684 -2.494063
155773 6.677897 16.016058 -18.256139 -2.210340
155774 6.919245 15.827794 -18.153864 -2.268256
155775 7.213818 15.599513 -18.010496 -2.348030
155776 7.500131 15.370323 -17.794074 -2.448285
155777 6.715522 19.804069 -20.353696 -4.063281
155778 6.840325 18.952790 -19.941855 -3.975533
155779 6.990823 18.185183 -19.529102 -3.803749
155780 7.326691 18.564439 -19.363817 -4.552521
155781 7.234006 17.998739 -19.225928 -4.051507
155782 7.143157 17.411210 -19.025030 -3.558187
155783 7.319350 16.648151 -18.555660 -3.256299
155784 7.514814 15.885092 -18.064373 -2.918813
155785 7.788280 15.157503 -17.513730 -2.565821
155786 8.092947 15.018351 -17.184075 -2.695274
155787 8.415968 14.911941 -16.699181 -2.829041
155788 8.720635 14.823721 -16.172280 -2.957372
155789 8.526088 16.183404 -16.768582 -3.972623
155790 8.786707 15.475823 -16.177759 -3.519592
155791 8.995019 14.701850 -15.631682 -3.069268
155792 9.239119 14.499944 -15.050905 -3.153761
155793 9.508915 14.222551 -14.545921 -3.202118
155794 9.770451 13.898773 -14.138646 -3.209515
155795 9.887913 14.533595 -14.052808 -3.613240
155796 10.037494 15.095658 -13.919484 -3.936554
155797 10.156791 15.717746 -13.737763 -4.160699
155798 9.786969 16.941915 -14.523091 -4.799473
155799 10.043917 16.639966 -14.020847 -4.560047
155800 10.316466 16.303456 -13.557868 -4.283454
155801 10.491741 16.896441 -13.377060 -4.315623
155802 10.668852 17.468508 -13.212689 -4.274376
155803 10.872575 17.926889 -13.114067 -4.177606
155804 9.213424 20.117842 -16.097400 -6.105062
155805 9.524515 19.953225 -15.487401 -5.857133
155806 9.841112 19.740405 -14.888360 -5.527805
155807 9.976927 21.070075 -15.063689 -5.413778
155808 10.058600 20.277002 -14.710292 -5.326647
155809 10.151285 19.469378 -14.345023 -5.154342
155810 10.477976 19.138325 -13.854649 -4.768178
155811 10.799161 18.812729 -13.424545 -4.392120
155812 11.099240 18.455301 -13.059276 -4.040445
155813 11.348847 19.004631 -13.021836 -3.874737
155814 11.621395 19.532133 -13.011791 -3.689809
155815 11.940745 20.026894 -13.040100 -3.494121
155816 11.515863 21.173756 -13.588916 -3.781057
155817 11.874672 20.829970 -13.328662 -3.525168
155818 12.240824 20.480727 -13.153333 -3.296096
155819 12.565679 20.922738 -13.312225 -3.104755
155820 12.907971 21.341102 -13.520428 -2.929115
