#!ascii label  , from subject fsaverage vox2ras=TkReg coords=white
614
325 42.607500 12.965640 -21.560910 -5.451396
805 44.056503 10.670096 -22.829306 -3.887482
806 40.566598 13.625018 -26.964150 -4.010920
1737 41.352125 6.125392 -21.787376 -5.798462
1738 38.712901 6.523747 -23.930592 -4.883301
1739 38.770714 13.893316 -25.344182 -5.804071
1964 41.072235 -2.248251 -18.249747 -3.581892
1965 43.471029 5.625174 -19.291677 -5.959809
1966 45.587180 10.832894 -18.124643 -4.713570
2726 42.073415 8.897507 -25.850080 -3.509224
3855 41.677898 10.384517 -21.791942 -6.326725
3856 40.168328 10.861998 -23.409170 -6.285166
3857 40.736367 14.082490 -23.382688 -5.760035
4313 42.683666 1.388786 -19.165659 -4.695810
4314 43.467358 0.750326 -17.848865 -4.488789
4316 45.504589 8.651945 -16.674525 -5.065647
5453 37.357499 9.741510 -26.174256 -5.045540
5454 37.208837 6.109021 -24.604513 -4.260565
5455 35.898401 8.557359 -27.458176 -4.226694
6057 43.813320 12.700070 -22.118858 -4.557617
6058 41.938517 14.370797 -24.199978 -4.781957
6059 42.460672 12.132550 -25.106758 -4.080061
7893 40.754720 1.904465 -20.951824 -4.484664
7894 39.562665 2.556567 -21.853125 -4.201279
7895 40.118774 6.548303 -23.011027 -5.413907
7896 38.655087 10.482742 -24.903120 -5.827981
7897 37.304274 13.213930 -27.112997 -5.286889
7898 39.768223 15.015623 -26.156906 -4.799939
8486 40.139880 -1.728024 -18.982111 -3.540444
8487 41.782513 1.698921 -20.202109 -4.658815
8488 42.416624 5.935309 -20.629474 -5.993045
8489 43.017699 9.943416 -20.227678 -6.224333
8490 44.407972 4.863025 -17.693625 -5.471131
8491 44.353829 9.575074 -18.508175 -5.999087
8492 44.168459 11.918821 -19.814924 -5.209384
8493 45.232041 11.321288 -20.380178 -4.233176
9873 38.199922 2.772115 -22.330714 -3.813383
11535 42.066991 11.970662 -21.531688 -5.975150
11536 41.179602 12.611850 -22.457645 -6.103051
11537 41.705428 13.663216 -22.435729 -5.605621
11993 42.724044 -1.175966 -17.610527 -3.952403
11994 43.077347 -1.454269 -16.969480 -3.771849
13133 36.579314 11.023886 -27.531230 -4.861535
13134 36.616021 9.240383 -26.867354 -4.621460
13135 35.780939 10.311758 -28.245331 -4.441585
13935 44.097798 11.937011 -22.403768 -4.204352
13936 43.286577 12.772829 -23.536101 -4.326081
13937 43.162691 11.491362 -24.004559 -3.991510
13939 41.163084 9.409548 -26.812563 -3.548991
17325 41.134636 3.963542 -21.462287 -5.138464
17326 40.554668 4.224565 -21.992840 -4.979739
17327 40.731778 6.462811 -22.420205 -5.627098
17328 39.401154 12.700070 -24.272118 -6.168387
17329 39.387389 10.742855 -24.174409 -6.111910
17330 38.575250 12.371745 -25.125021 -5.997747
17331 37.934715 11.970662 -25.899391 -5.690403
17332 38.024647 13.554078 -26.219001 -5.606393
17333 41.387914 14.278029 -25.640963 -4.433792
17334 40.815287 14.920127 -25.162461 -4.834488
17335 40.296802 14.665470 -26.562354 -4.352662
18697 40.613399 -1.998142 -18.665241 -3.571924
18698 41.100683 -0.173712 -19.690733 -4.046085
18699 41.552177 -0.405631 -19.246931 -4.077231
18700 43.138831 3.396932 -19.323638 -5.375556
18701 42.662560 3.642494 -19.971990 -5.394782
18702 42.938779 5.827080 -19.983861 -6.010086
18703 42.661642 8.066236 -20.525372 -6.332799
18704 43.320530 7.970740 -19.755568 -6.308064
18706 44.325381 2.418325 -17.084539 -4.655630
18707 44.761275 4.430109 -16.822459 -4.905044
18708 45.592686 10.096210 -17.243431 -4.981685
18709 44.961328 9.218556 -17.582218 -5.654309
18710 44.933797 10.575510 -18.039718 -5.416874
18711 44.235449 11.019339 -19.004941 -5.656762
18712 44.909020 11.409509 -18.886228 -5.028325
18713 44.770452 11.863342 -20.001212 -4.677553
18714 45.507342 11.243073 -19.174791 -4.441724
22118 39.291034 4.607459 -22.941626 -4.582121
22119 38.890929 2.676619 -22.153559 -4.018229
22120 38.585344 4.619282 -23.263063 -4.344909
23337 43.818826 9.100322 -23.246626 -3.643880
23338 43.002098 9.833368 -24.345172 -3.693259
23339 42.838753 8.236310 -24.771623 -3.484750
25371 41.526482 8.311798 -21.895131 -6.268610
25372 40.867594 8.591919 -22.626582 -6.156814
25373 40.933666 10.731032 -22.586402 -6.346146
25374 40.292214 12.812846 -23.358033 -6.190540
25375 39.700315 14.101589 -24.405441 -5.847845
25377 39.591112 14.026101 -27.994208 -3.785507
26195 42.000001 -0.633912 -18.745600 -4.080767
26196 42.398270 -0.896754 -18.201349 -4.045883
26197 43.103042 1.143225 -18.562052 -4.634891
26198 43.573808 3.131362 -18.663414 -5.275622
26200 45.335738 6.434617 -16.362220 -4.780432
26201 45.949660 7.950731 -15.895589 -4.290766
26202 46.198349 9.425009 -16.433448 -4.363430
26203 46.319482 10.173516 -17.325617 -4.249157
26204 46.269010 10.484561 -18.414118 -4.098830
28247 38.024647 8.264504 -24.966129 -5.050243
28248 37.956739 6.427341 -24.333301 -4.576669
28249 37.330887 7.934361 -25.442805 -4.672619
28250 36.646304 7.453242 -26.024496 -4.301005
29493 43.260882 13.083873 -21.732586 -4.961836
29494 42.362481 14.023373 -22.739815 -5.097747
29495 43.024123 13.657759 -23.091386 -4.680266
29496 42.406529 13.540436 -24.697656 -4.413670
29497 41.503540 12.849226 -26.149600 -4.103028
29498 42.174358 10.454548 -25.515859 -3.764892
29499 41.308076 11.149396 -26.418073 -3.805142
34041 40.038936 0.129147 -20.299819 -3.907463
34042 39.508522 0.582981 -20.677872 -3.793986
34043 40.176587 2.228242 -21.470506 -4.356760
34044 39.949922 4.370992 -22.451253 -4.794102
34045 39.402990 6.702006 -23.529709 -5.164631
34046 40.183928 8.713791 -23.370817 -5.972849
34047 39.448873 8.652855 -23.951595 -5.718554
34048 38.760620 8.527346 -24.498585 -5.405708
34049 38.032906 10.113490 -25.526817 -5.460367
34050 37.354746 11.585949 -26.710288 -5.293475
34051 36.621527 12.791019 -27.948550 -4.905462
34052 41.318171 14.579069 -23.716909 -5.235482
34053 40.232565 14.858282 -24.746055 -5.332159
34054 39.209361 14.739139 -25.673838 -5.332385
34055 39.313058 14.909213 -27.589673 -4.158222
34056 38.828527 15.041998 -27.070991 -4.656678
34057 38.381621 14.618177 -26.645453 -5.203365
34058 37.550210 14.336236 -27.598805 -4.959126
34059 36.650892 14.137059 -28.402396 -4.651123
35733 40.590457 0.005457 -20.032259 -3.990204
35734 41.299817 1.829887 -20.641345 -4.585840
35735 41.656792 3.891693 -21.007527 -5.266033
35736 42.234925 1.531575 -19.695299 -4.698511
35737 42.170688 3.760727 -20.502543 -5.354535
35738 41.880704 6.069913 -21.216644 -5.921668
35739 42.085344 8.197202 -21.193815 -6.320935
35740 42.333116 10.184430 -21.007527 -6.275713
35741 42.780939 11.564121 -20.743621 -5.863137
35742 43.805979 0.445648 -17.100977 -4.218826
35743 43.975748 2.778481 -17.889957 -5.053751
35744 43.970242 5.306854 -18.524612 -5.802905
35745 44.884243 7.024874 -17.247997 -5.503157
35746 44.439172 7.436871 -18.115511 -5.974189
35747 43.849109 7.728817 -18.935540 -6.213724
35748 43.680258 9.825183 -19.345554 -6.156135
35749 43.517830 11.320379 -19.903502 -5.774681
35750 43.429733 12.379931 -20.698875 -5.327414
35751 44.032644 12.430862 -20.917123 -4.833499
35752 44.567646 12.070705 -21.198380 -4.415905
35753 44.766781 11.179409 -21.621179 -4.063625
35754 45.985449 10.579147 -19.545539 -3.985578
35755 45.440352 10.355414 -20.759145 -3.897352
35756 44.734663 9.833368 -21.974577 -3.789764
39855 38.831280 0.789434 -20.887902 -3.648336
39856 38.214605 1.120487 -21.097931 -3.475198
39858 37.854878 4.379178 -23.443871 -4.090712
42255 42.300079 12.520901 -21.501554 -5.718373
42256 41.869691 12.906524 -21.937137 -5.791735
42257 42.140405 13.290327 -21.991014 -5.525432
43853 36.133325 11.568669 -28.138489 -4.707561
43854 36.159020 10.634626 -27.894672 -4.647487
44655 44.088622 11.374039 -22.623842 -4.039876
44656 43.671999 11.746019 -23.206446 -4.100021
44657 43.605009 11.052080 -23.405518 -3.939176
48045 41.248428 5.123138 -21.680535 -5.477014
48046 40.949267 5.195897 -21.927092 -5.395943
48047 41.044705 6.368225 -22.132556 -5.718445
48048 39.070793 13.361267 -24.779842 -6.017105
48049 38.980861 12.590022 -24.733270 -6.102052
48050 38.645911 13.203926 -25.236428 -5.946358
48051 38.271500 13.019300 -25.653748 -5.836796
48052 38.399057 13.735066 -25.819032 -5.723561
48053 41.013504 13.996088 -26.318537 -4.232000
48054 40.822628 14.528138 -26.090244 -4.407373
48055 40.522549 14.243469 -26.761426 -4.170461
49417 40.864841 -2.103642 -18.496304 -3.579652
49418 41.164002 -1.141406 -19.030509 -3.810756
49419 41.342030 -1.404247 -18.725510 -3.816964
49420 43.291165 4.458303 -19.343728 -5.693935
49421 43.067253 4.626558 -19.681601 -5.719759
49422 43.214998 5.687929 -19.631377 -5.995028
49423 43.123231 6.878447 -19.898023 -6.212172
49424 43.396697 6.771127 -19.527275 -6.187931
49426 44.720898 3.163194 -16.555813 -4.494942
49427 44.976928 4.169996 -16.361307 -4.536990
49428 45.613792 10.570962 -17.691799 -4.857160
49429 45.232041 10.331767 -17.643401 -5.225451
49430 45.264159 10.781963 -18.020541 -5.064847
49431 44.920950 11.030253 -18.404073 -5.226540
49432 45.269665 11.093917 -18.465256 -4.890501
49433 45.233876 11.339478 -19.006767 -4.722596
49434 45.554144 11.042076 -18.604971 -4.571084
52838 39.049686 5.569696 -23.447524 -4.746266
52839 38.943236 4.599273 -23.114216 -4.466382
52840 38.644075 5.541501 -23.615547 -4.613716
54256 43.287494 8.664678 -23.990861 -3.563206
57645 41.591637 9.235836 -21.811119 -6.356656
57646 41.230992 9.548699 -22.237570 -6.340016
57647 41.324594 10.598247 -22.165430 -6.343451
57648 40.967620 13.460401 -22.868572 -5.942333
57649 40.743708 12.747363 -22.873138 -6.156428
57650 40.476666 13.534979 -23.359859 -6.002993
57651 39.976535 13.559535 -23.845667 -6.041024
57652 40.216965 14.129783 -23.899544 -5.816919
59020 43.119560 -0.211001 -17.761200 -4.210701
59021 42.946120 -0.021828 -18.098161 -4.280212
59022 43.294836 0.994978 -18.236963 -4.574741
59023 43.351731 2.100914 -18.631453 -4.956303
59024 43.549031 1.928111 -18.267098 -4.881570
59026 45.809256 6.915736 -15.685560 -4.141827
59031 46.268092 9.867019 -16.843462 -4.319200
62438 37.667672 9.018469 -25.512206 -5.070601
62439 37.650237 8.134448 -25.219078 -4.862648
62440 37.342817 8.842028 -25.856472 -4.867833
62441 36.259046 8.908421 -27.190617 -4.417963
62442 36.626115 8.296336 -26.439076 -4.465967
62443 36.308601 8.026219 -26.732204 -4.276102
64845 43.554537 12.924713 -21.931658 -4.750616
64846 43.151679 13.469496 -22.383678 -4.814233
64847 43.409545 13.145718 -22.614711 -4.620740
64848 42.934191 12.550005 -24.333301 -4.206979
64849 42.900237 13.133895 -24.133316 -4.375976
64850 42.509309 12.877420 -24.949692 -4.245129
64851 42.001836 13.261223 -25.442805 -4.265602
64852 41.996330 12.465423 -25.627266 -4.103250
64853 42.510226 9.352250 -25.156069 -3.597410
64854 42.635030 10.166241 -24.964303 -3.728675
64855 42.103698 9.652381 -25.681143 -3.626117
64856 40.687730 9.738782 -27.270976 -3.550165
64857 41.213556 10.253551 -26.622624 -3.669593
64858 40.698742 10.633717 -27.033551 -3.663451
64859 40.821710 11.543203 -26.949539 -3.790074
75015 40.441794 0.974060 -20.658696 -4.185928
75016 40.157316 1.126854 -20.886075 -4.130756
75017 40.448218 2.092729 -21.232168 -4.424085
75018 40.362874 5.392346 -22.492345 -5.208680
75019 40.279366 4.364626 -22.285969 -4.890185
75020 40.050866 5.438730 -22.750773 -5.103712
75021 39.729681 5.487842 -22.985458 -4.991598
75022 39.805848 6.538299 -23.252105 -5.293515
75023 40.555585 9.722411 -23.032030 -6.251287
75024 40.511537 8.667407 -23.004635 -6.074059
75025 40.161904 9.856106 -23.418302 -6.173287
75026 39.024909 10.652816 -24.572552 -5.982494
75027 39.419508 9.712407 -24.102268 -5.946892
75028 39.075381 9.570527 -24.412747 -5.801408
75029 39.083640 8.582824 -24.211849 -5.568515
75030 38.695465 9.623277 -24.752447 -5.637819
75031 38.375197 9.357707 -24.978913 -5.459253
75032 38.317384 10.345409 -25.226383 -5.652427
75033 37.607106 12.720988 -26.481082 -5.521131
75034 37.642895 11.823325 -26.293882 -5.499621
75035 37.340064 12.469970 -26.875572 -5.329500
75036 37.026220 12.239870 -27.322113 -5.125508
75037 37.008784 13.049313 -27.529404 -5.100104
75038 42.171605 14.255292 -23.472179 -4.939394
75039 41.835738 14.338055 -23.279500 -5.168401
75040 41.638438 14.597259 -23.932418 -4.996068
75041 40.253671 14.995614 -25.682969 -4.830139
75042 40.484925 14.926493 -25.020919 -5.072602
75043 39.993970 14.977424 -25.426368 -5.080493
75044 39.726010 14.829178 -25.156069 -5.347316
75045 39.507604 14.968329 -25.866517 -5.061325
75046 39.118512 14.246197 -28.491887 -3.629544
75047 39.498428 14.517224 -27.789658 -3.955640
75048 39.015732 14.657285 -28.337561 -3.809115
75050 38.596356 15.018351 -27.862711 -4.273472
75051 38.326561 14.996524 -27.628939 -4.547360
75052 38.566073 14.885566 -26.866440 -4.933923
75053 38.198087 14.779156 -27.386036 -4.828882
75054 37.974175 14.497215 -27.100213 -5.092926
75055 37.730992 14.710035 -27.871843 -4.702870
75057 36.782119 14.596350 -28.615165 -4.417055
75058 36.150761 14.529047 -29.084536 -4.271361
75059 36.115890 13.977899 -28.840719 -4.490980
79133 40.102256 -0.826723 -19.626811 -3.728024
79134 40.394993 -0.847641 -19.520883 -3.757872
79135 41.475093 0.707581 -19.966511 -4.338505
79136 41.232827 0.826723 -20.182020 -4.310283
79137 41.544836 1.729843 -20.427663 -4.626089
79138 41.490693 2.871249 -20.867812 -4.919004
79139 41.748559 2.799400 -20.614863 -4.964891
79140 42.362481 0.320139 -18.967501 -4.374787
79141 42.181700 0.401084 -19.252410 -4.379176
79142 42.464343 1.457907 -19.444177 -4.703245
79143 42.546933 4.778442 -20.323561 -5.718220
79144 42.413871 3.718890 -20.219460 -5.381280
79145 42.290903 4.874848 -20.552768 -5.695044
79146 42.042214 4.906680 -20.863246 -5.658444
79147 42.146828 6.010797 -20.901599 -5.963914
79148 41.979812 7.141288 -21.244039 -6.169572
79149 42.258784 7.058525 -20.907078 -6.198155
79150 42.828658 9.016650 -20.401181 -6.333687
79151 42.490038 9.102141 -20.775582 -6.346736
79152 42.680913 10.015266 -20.631300 -6.249758
79153 42.543263 10.946580 -20.865073 -6.100525
79154 42.875460 10.835623 -20.462364 -6.062834
79158 44.366676 3.571554 -17.396844 -5.085140
79159 44.139094 2.592037 -17.476290 -4.879677
79160 44.186813 3.821662 -17.805946 -5.296138
79161 43.986760 4.013564 -18.219613 -5.454618
79162 44.195072 5.085849 -18.112771 -5.663620
79163 45.434846 7.638777 -16.499196 -4.975105
79164 45.120085 6.765670 -16.801456 -5.169593
79165 45.187993 7.973469 -16.974046 -5.336164
79166 44.658496 9.362254 -18.012322 -5.855704
79167 44.668590 8.380918 -17.846125 -5.873533
79168 44.418984 8.622842 -18.268011 -6.046149
79169 44.136341 7.610583 -18.521873 -6.117977
79170 44.110646 8.611928 -18.649717 -6.164358
79171 43.761931 8.854761 -19.125479 -6.240444
79172 44.025302 9.612363 -18.872531 -6.094922
79173 44.212507 11.484087 -19.372036 -5.431431
79174 43.876640 11.162128 -19.477051 -5.724795
79175 43.853698 11.712368 -19.806706 -5.494348
79176 43.449005 11.892446 -20.261466 -5.546160
79177 43.788543 12.173477 -20.278816 -5.271224
79178 43.720635 12.503621 -20.800237 -5.070765
79179 44.110646 12.295349 -20.331780 -5.007746
79180 45.023729 11.665074 -20.196630 -4.442933
79181 44.675932 12.015227 -20.608471 -4.536831
79182 44.881490 11.691449 -20.795671 -4.331439
79183 44.700709 11.663255 -21.373709 -4.231608
79184 45.025565 11.285818 -21.017572 -4.146706
79186 46.138700 10.568234 -18.976632 -4.036804
79191 45.113661 10.120766 -21.399278 -3.848239
89393 39.573677 1.546127 -21.275087 -3.998136
89394 39.168066 0.703033 -20.810282 -3.725091
89395 39.233220 1.624343 -21.409323 -3.920533
89396 38.558732 2.775753 -22.276837 -3.917825
89397 38.581674 1.940844 -21.714323 -3.744643
89398 38.243970 1.913560 -21.699712 -3.648806
89399 37.920950 1.208708 -21.146330 -3.382242
89400 37.915444 1.999051 -21.787376 -3.550278
89401 37.574988 6.239078 -24.469363 -4.418333
89402 37.923703 5.368699 -23.927852 -4.334083
89403 37.503409 5.257742 -24.006385 -4.191287
94491 41.870609 11.220335 -21.646748 -6.189886
94492 41.443892 11.526832 -22.092376 -6.235397
94493 41.658627 12.289892 -21.994667 -6.039830
94494 41.424621 13.223025 -22.382765 -5.868829
94495 41.207132 13.906959 -22.916971 -5.686504
95317 42.894731 -1.315118 -17.279958 -3.874962
95318 43.325119 -0.366523 -17.426066 -4.115235
97367 37.004196 10.363599 -26.786995 -4.975234
97368 36.987678 9.511410 -26.565094 -4.832264
97369 36.605926 10.106214 -27.234449 -4.757817
97370 36.223257 9.793351 -27.570496 -4.545815
97371 35.825905 9.443199 -27.918415 -4.344116
98811 44.006031 12.364470 -22.232091 -4.376895
98812 43.600420 12.808299 -22.821087 -4.440746
98813 43.665575 12.329909 -23.001896 -4.267991
98814 43.303095 12.170749 -23.776266 -4.156950
98815 42.885554 11.815140 -24.577118 -4.040453
98817 41.666886 9.230379 -26.282923 -3.531536
104913 40.973126 2.866702 -21.224862 -4.803724
104914 40.695072 3.109534 -21.513425 -4.735676
104915 40.831805 4.108151 -21.721628 -5.062639
104916 40.662953 5.341414 -22.249442 -5.306251
104917 40.451889 6.495553 -22.739815 -5.525301
104918 39.762717 11.870618 -23.827403 -6.257652
104919 39.750787 10.916567 -23.829230 -6.213254
104920 39.334164 11.816959 -24.278510 -6.190434
104921 38.979025 11.659617 -24.617297 -6.088695
104922 38.626639 11.453164 -25.041922 -5.954586
104923 38.279760 11.263081 -25.380709 -5.792307
104924 38.246723 12.151650 -25.485724 -5.858701
104925 37.933797 12.810118 -26.054630 -5.692787
104926 37.686026 13.341258 -26.638147 -5.458320
104927 41.659545 14.383530 -24.961563 -4.615879
104928 41.400761 14.727316 -24.688525 -4.816789
104929 41.120871 14.697303 -25.427281 -4.622364
104930 40.567515 14.866467 -25.858298 -4.605429
104931 40.073808 14.949230 -26.306666 -4.562062
107383 40.360121 -1.895370 -18.827785 -3.558939
107384 40.651023 -0.960418 -19.372036 -3.781288
107385 40.890536 -1.165962 -19.177530 -3.798828
107386 41.348454 -0.251928 -19.503533 -4.064754
107387 41.705428 0.627546 -19.748263 -4.359837
107388 42.954379 2.381945 -19.283458 -5.034808
107389 42.741480 2.526554 -19.607634 -5.046674
107390 42.917673 3.594291 -19.652380 -5.393538
107391 42.824988 4.772985 -19.988427 -5.726984
107392 42.680913 5.888016 -20.298906 -6.008736
107393 42.519403 7.043064 -20.587468 -6.214944
107394 42.813058 6.946658 -20.259639 -6.220050
107395 43.005769 8.008029 -20.146406 -6.325999
107396 43.174621 8.991184 -19.990254 -6.315458
107398 44.266650 1.280557 -16.732968 -4.216063
107399 44.507080 2.183677 -16.670872 -4.380214
107400 44.530022 3.426036 -16.999614 -4.817471
107401 44.586000 4.684765 -17.260782 -5.218709
107402 45.555061 9.450475 -16.920168 -5.060541
107403 45.228370 8.975723 -17.124719 -5.389988
107404 45.219193 9.740601 -17.341141 -5.344236
107405 44.938386 10.037093 -17.785856 -5.570593
107406 44.635554 10.173516 -18.190391 -5.739484
107407 44.289592 10.359961 -18.746513 -5.857676
107408 44.586918 10.798334 -18.492651 -5.557955
107409 44.572235 11.251258 -18.905405 -5.345901
107410 44.538281 11.639609 -19.370210 -5.131819
107411 44.463032 11.977028 -19.871541 -4.934397
107412 44.856713 11.653251 -19.422260 -4.841994
107413 45.161380 11.525013 -19.582066 -4.572381
107414 45.399975 11.309465 -19.760134 -4.329661
113540 39.472733 3.569735 -22.401941 -4.398079
113541 39.256162 2.613864 -22.029367 -4.113045
113542 39.158889 3.653407 -22.607405 -4.297169
113543 38.793656 3.605205 -22.701462 -4.190158
113544 38.466965 3.655226 -22.856701 -4.078132
113545 36.846356 5.919848 -24.842851 -4.107200
113546 37.162953 5.156789 -24.145187 -4.050696
115893 43.961983 9.911584 -23.044815 -3.753524
115894 43.527007 10.299935 -23.628332 -3.791529
115895 43.412298 9.478669 -23.750697 -3.664277
115896 42.901154 9.031201 -24.532372 -3.575070
115897 42.488202 8.597376 -25.339617 -3.491579
120639 41.446645 7.234056 -21.864996 -6.073416
120640 41.130048 7.368660 -22.220220 -6.004138
120641 41.192450 8.448220 -22.266792 -6.221258
120642 40.906136 9.657838 -22.630234 -6.306111
120643 40.564762 10.774687 -23.014680 -6.328417
120644 41.000656 11.796950 -22.523393 -6.272829
120645 40.621658 11.820597 -22.953497 -6.293938
120646 40.193105 11.829691 -23.401865 -6.290954
120647 39.829707 12.751001 -23.819185 -6.196727
120648 39.524122 13.515879 -24.320516 -6.047772
120649 39.235056 14.013369 -24.893988 -5.845153
120651 40.101338 13.783269 -27.487398 -3.914253
122560 41.297982 -2.405592 -18.023281 -3.577854
122561 41.570530 -1.447903 -18.525525 -3.816813
122562 41.742135 -1.665270 -18.234223 -3.809069
122563 42.193630 -0.774883 -18.454298 -4.069167
122564 42.572628 0.264661 -18.702681 -4.358681
122565 42.581805 -0.931314 -17.924658 -4.008111
122566 42.758915 0.103681 -18.394028 -4.328228
122567 42.884636 1.205070 -18.855180 -4.673985
122568 43.159020 2.240975 -18.956543 -5.005826
122569 43.354484 3.260509 -19.003114 -5.337723
122570 43.539854 4.418286 -19.027770 -5.645425
122572 45.243053 5.191349 -16.197849 -4.490571
122573 45.497248 6.025348 -15.937595 -4.353939
122574 45.625722 7.253155 -16.073658 -4.569715
122575 45.754196 8.259047 -16.237116 -4.692977
122577 46.093735 8.806558 -16.111098 -4.360580
122578 45.864317 9.118512 -16.465409 -4.727551
122579 45.921212 9.744239 -16.767669 -4.690456
122580 45.956084 10.136228 -17.198686 -4.605829
122581 45.982696 10.441815 -17.704583 -4.497928
122582 45.982696 10.674644 -18.257966 -4.386335
122583 46.354353 10.351776 -17.858910 -4.171564
127349 38.344914 7.514178 -24.458405 -4.986506
127350 38.305454 6.485549 -24.131490 -4.732452
127351 37.989775 7.356837 -24.675740 -4.816796
127352 37.619036 7.230418 -24.885770 -4.643126
127353 37.251967 7.069439 -25.053794 -4.468556
127354 36.970242 8.648308 -26.176082 -4.664785
127355 36.962901 7.745187 -25.752370 -4.483939
127356 36.915182 6.824787 -25.291218 -4.296847
127357 36.557290 6.587411 -25.522251 -4.132316
130521 42.933273 13.139352 -21.616613 -5.195791
130522 42.476272 13.613195 -22.086897 -5.266327
130523 42.832329 13.599552 -22.255834 -5.028160
130524 42.725879 13.933334 -22.944366 -4.877619
130525 42.532250 14.104317 -23.652074 -4.734997
130526 43.193892 13.234848 -23.343422 -4.498916
130527 42.746986 13.658669 -23.920547 -4.549803
130528 42.269796 14.070666 -24.364349 -4.590190
130529 41.909151 13.881493 -25.181638 -4.434553
130530 41.507211 13.630475 -25.899391 -4.262756
130531 41.037363 13.283960 -26.549570 -4.073501
130532 43.114054 10.643721 -24.191759 -3.834478
130533 42.724962 11.004787 -24.773450 -3.878915
130534 42.362481 11.350392 -25.266563 -3.918508
130535 41.635685 9.922498 -26.166037 -3.653540
130536 41.771501 10.820161 -25.948702 -3.793622
130537 41.905481 11.635061 -25.780679 -3.945246
130538 41.404432 12.038873 -26.290229 -3.950600
130539 40.952020 12.440866 -26.738596 -3.926984
143205 39.592030 -0.602990 -19.887065 -3.646095
143206 39.341506 -0.372889 -20.059655 -3.592797
143207 39.757211 0.321049 -20.486106 -3.854767
143208 39.881097 1.316937 -21.087887 -4.068233
143209 39.877426 2.374669 -21.679622 -4.282545
143210 40.395911 3.207759 -21.763634 -4.661089
143211 40.105926 3.312350 -21.981882 -4.580040
143212 39.781071 3.445135 -22.198304 -4.492413
143213 39.620478 4.512872 -22.709680 -4.691423
143214 39.371789 5.626993 -23.233841 -4.872395
143215 39.077216 6.607420 -23.736999 -5.027714
143216 40.810698 7.546919 -22.567226 -5.920309
143217 40.477583 7.537824 -22.911492 -5.822256
143218 40.154563 7.639687 -23.209186 -5.710736
143219 39.791165 9.795170 -23.788137 -6.071498
143220 39.797589 8.749261 -23.709604 -5.853897
143221 39.826954 7.674247 -23.532449 -5.586692
143222 39.468144 7.592394 -23.734260 -5.451179
143223 39.092817 7.596941 -23.989948 -5.305215
143224 38.742266 7.522363 -24.236504 -5.149880
143225 38.370609 8.402746 -24.722312 -5.232175
143226 38.049424 9.183995 -25.263823 -5.268994
143227 37.697038 9.946145 -25.829990 -5.256495
143228 37.975093 11.114835 -25.732281 -5.607309
143229 37.664919 10.850174 -26.103029 -5.405515
143230 37.362088 10.664639 -26.484735 -5.192919
143231 37.028055 11.352211 -27.097473 -5.078704
143232 36.611432 11.937920 -27.751304 -4.916194
143233 36.123231 12.449052 -28.366782 -4.709370
143234 41.979812 13.883312 -22.565399 -5.342635
143235 41.524647 14.208908 -23.040249 -5.421026
143236 41.023598 14.393534 -23.517838 -5.495331
143237 41.080494 14.861010 -24.485800 -5.042486
143238 40.761144 14.738229 -24.274858 -5.292493
143239 40.475748 14.585436 -24.021909 -5.557445
143240 39.937075 14.569065 -24.489453 -5.598828
143241 39.460803 14.478116 -25.030051 -5.611512
143242 38.977190 14.397172 -25.534122 -5.589827
143243 39.969193 14.372616 -27.281021 -4.077666
143244 39.816860 14.765514 -27.075557 -4.269045
143245 39.525958 14.975605 -26.902967 -4.491074
143246 38.846881 14.882838 -28.103789 -4.024464
143247 39.079052 15.010166 -27.377817 -4.393655
143248 39.288281 15.026537 -26.652758 -4.741925
143249 38.991873 14.904665 -26.315798 -5.012427
143250 38.761537 14.678203 -26.187040 -5.284330
143251 38.553226 14.363521 -25.983403 -5.531205
143252 38.200840 14.199813 -26.427205 -5.436790
143253 37.793394 13.966075 -26.847264 -5.311009
143254 37.405218 13.814191 -27.326679 -5.160700
143255 37.194154 14.677294 -28.342127 -4.563095
143256 37.106057 14.229826 -28.006993 -4.809319
143257 37.020714 13.697777 -27.755870 -4.993698
143258 36.617856 13.544074 -28.209717 -4.817665
143259 36.105795 13.250309 -28.561288 -4.639128
148191 39.848978 -0.753964 -19.753742 -3.690988
148192 40.326168 0.010004 -20.150972 -3.952424
148193 40.700578 0.926767 -20.493411 -4.234078
148194 40.859335 0.005457 -19.908068 -4.021282
148195 40.965785 0.954961 -20.377439 -4.275481
148196 41.005245 1.930840 -20.827632 -4.538612
148197 41.249345 2.875796 -21.051360 -4.865025
148198 41.389749 3.993555 -21.275087 -5.206599
148199 41.505376 4.993991 -21.385581 -5.548473
148200 41.777007 -0.513860 -18.999462 -4.082914
148201 41.932093 0.482028 -19.476138 -4.373725
148202 42.002754 1.607972 -19.949161 -4.683279
148203 42.481779 2.612045 -19.872454 -5.044002
148204 42.233089 2.640239 -20.107140 -5.028541
148205 41.985318 2.743921 -20.375612 -5.001788
148206 41.900892 3.847128 -20.760971 -5.315728
148207 41.763242 4.986715 -21.130806 -5.609285
148208 41.617332 6.109931 -21.493335 -5.866380
148209 41.713687 7.187672 -21.551778 -6.128309
148210 41.784348 8.136267 -21.520730 -6.300959
148211 41.888045 9.288586 -21.486943 -6.360553
148212 42.362481 8.136267 -20.857767 -6.331044
148213 42.203724 9.244021 -21.127153 -6.356083
148214 42.033955 10.247185 -21.368230 -6.302373
148215 42.196383 11.132115 -21.253171 -6.143350
148216 42.410200 11.820597 -21.131719 -5.915262
148217 42.697431 12.300805 -21.128066 -5.653129
148219 43.448087 -0.582071 -17.037968 -3.989389
148220 43.625198 0.576614 -17.472638 -4.371870
148221 44.063845 1.423346 -17.141156 -4.447458
148222 43.922523 1.580688 -17.509165 -4.633049
148223 43.742659 1.728934 -17.878086 -4.775913
148224 43.784872 2.891258 -18.257966 -5.183349
148225 43.775696 4.250031 -18.625974 -5.568229
148226 43.734400 5.597890 -18.919102 -5.898437
148227 45.024647 5.420540 -16.610603 -4.895618
148228 44.819088 5.743408 -17.053492 -5.252106
148229 44.636472 5.952589 -17.489075 -5.547308
148230 44.935633 8.186288 -17.414195 -5.637716
148231 44.658496 7.198586 -17.667143 -5.771518
148232 44.429996 6.156314 -17.917353 -5.777548
148233 44.166624 6.445531 -18.352936 -5.946991
148234 43.924358 6.526475 -18.764776 -6.064691
148235 43.657316 6.882085 -19.127306 -6.141558
148236 43.579314 7.854326 -19.328204 -6.273458
148237 43.479288 8.904783 -19.560149 -6.287127
148238 43.359073 9.913403 -19.795748 -6.195674
148239 43.939041 10.456367 -19.166572 -5.936479
148240 43.592161 10.636445 -19.602155 -5.989017
148241 43.225093 10.760135 -20.025867 -6.027794
148242 43.134243 11.441341 -20.336346 -5.817905
148243 43.071841 12.068886 -20.699788 -5.596783
148244 43.025040 12.676423 -21.128066 -5.385824
148245 43.358155 12.734631 -21.195641 -5.131544
148246 43.672916 12.727355 -21.349967 -4.898096
148247 43.943630 12.568195 -21.516164 -4.685578
148248 44.407972 12.180753 -20.445013 -4.762308
148249 44.329969 12.308081 -21.015746 -4.615938
148250 44.212507 12.365379 -21.606568 -4.490139
148251 44.371265 12.038873 -21.778245 -4.307619
148252 44.470373 11.582311 -21.950834 -4.136335
148253 44.430913 10.940214 -22.224786 -3.978216
148254 45.907447 10.862907 -18.805869 -4.283385
148255 45.780808 10.944761 -19.335509 -4.194333
148256 45.609204 10.952037 -19.911721 -4.118289
148258 45.731254 10.517302 -20.130882 -3.941127
148259 45.379786 10.878369 -20.563726 -4.050512
148260 45.086131 10.732851 -21.208425 -3.984671
148261 44.755769 10.515483 -21.829382 -3.914962
148262 44.382277 10.232633 -22.432076 -3.837992
148263 44.286839 9.476850 -22.605579 -3.720934
160524 38.903776 1.719839 -21.542646 -3.835710
160525 38.526613 0.986793 -21.039488 -3.564567
160530 38.278842 5.543320 -23.788137 -4.475745
160531 38.233876 4.572898 -23.416476 -4.218976
160532 38.076036 3.617028 -22.962629 -3.962852
160533 37.455690 4.353712 -23.553452 -3.962970
160534 37.704379 3.557911 -22.997330 -3.846832
160535 37.850289 2.806675 -22.456732 -3.707208
160549 35.395517 9.856106 -28.539372 -4.248322
160550 35.496461 9.017559 -28.127531 -4.157409
