#!ascii label  , from subject fsaverage vox2ras=TkReg coords=white
328
69 39.679209 -48.792134 38.792470 -3.548524
413 45.474306 -50.437395 39.645373 -4.512929
929 43.562796 -49.825311 40.906464 -4.918571
930 44.228108 -52.817521 40.349429 -4.289366
931 42.057814 -51.818905 40.918335 -5.165534
2849 41.635685 -49.401490 39.977768 -4.340023
2850 42.856189 -50.880315 40.886374 -5.379336
2851 41.228239 -50.302791 39.464565 -4.710500
2863 41.910987 -48.512012 39.616151 -3.317652
4270 45.458706 -48.854889 40.306510 -3.766257
6281 44.875984 -50.255498 40.795057 -4.997748
6282 44.655743 -51.582439 40.081869 -4.786679
6283 44.196907 -51.342334 41.291822 -5.395215
6284 43.430651 -52.373692 41.473544 -5.094407
6285 42.003672 -53.777939 41.476283 -4.454410
6307 43.912429 -48.718466 40.345776 -3.729091
7326 39.432355 -49.445145 38.081109 -3.816732
8392 40.446383 -51.343244 39.269146 -4.528017
8393 40.397746 -52.982138 41.123799 -4.679819
10529 40.592292 -49.128644 39.455433 -3.949237
10530 41.388831 -49.780746 39.720253 -4.617463
10531 40.526220 -49.423318 39.103862 -4.183747
10543 40.713425 -48.704823 39.316631 -3.550584
11909 45.598192 -50.343718 38.902964 -3.981061
11911 44.987940 -50.933065 39.081032 -4.253809
11950 45.731254 -49.620676 40.271809 -4.318069
11951 46.026744 -48.936742 39.948546 -3.589539
11952 46.055192 -49.791660 39.571406 -3.989253
14309 44.336393 -50.097247 41.016044 -5.025639
14310 44.511668 -50.883953 41.058050 -5.302909
14311 43.958312 -50.613836 41.132930 -5.357342
14312 42.526744 -51.318688 40.870850 -5.332510
14313 43.248952 -51.613361 41.350265 -5.422341
14314 42.738727 -52.071742 41.440669 -5.238338
14315 42.769927 -53.044893 41.471717 -4.793235
14316 42.060567 -52.671094 41.386792 -4.976113
14350 42.736891 -49.130463 40.365866 -4.175480
14351 42.910331 -48.623879 39.997857 -3.557766
14352 43.762848 -49.319636 40.697347 -4.386157
14353 44.608024 -49.465154 40.759443 -4.487807
18457 44.432749 -52.182700 40.275462 -4.610953
18458 44.455690 -52.204527 39.353158 -4.089043
18459 44.325381 -52.908470 39.488307 -3.738148
18473 40.135292 -50.504697 38.494776 -4.219456
18474 39.510357 -51.065850 38.389761 -4.129825
18476 39.586524 -52.631986 40.254459 -4.497917
18477 39.466309 -53.438701 40.918335 -4.453217
18478 40.209623 -53.908905 41.593169 -4.403656
23561 42.651548 -49.615219 40.494623 -4.679527
23562 43.238858 -50.367365 40.879982 -5.253126
23563 42.383588 -50.121803 40.368605 -4.993164
23564 42.097274 -50.656581 40.190537 -5.106922
23565 41.737547 -51.068579 40.122962 -5.058580
23586 40.903383 -48.271908 39.085598 -3.047734
23587 41.769665 -48.923100 39.919325 -3.882829
26050 43.902334 -53.528740 40.388695 -3.871522
26051 44.169377 -53.620598 39.562274 -3.280027
26118 44.886996 -48.183687 39.972288 -3.084779
26120 45.642240 -48.178231 39.909280 -2.993774
30017 45.279760 -50.347356 40.336644 -4.835928
30018 45.012717 -50.966716 39.880058 -4.769817
30019 44.853042 -50.952165 40.564937 -5.107679
30020 44.519010 -51.491490 40.818799 -5.156723
30021 44.224437 -52.083566 41.041613 -5.025793
30022 43.646304 -51.083131 41.256209 -5.478318
30023 43.904170 -51.827091 41.433364 -5.310705
30024 43.915182 -52.677460 41.082706 -4.759055
30025 43.407709 -53.289545 41.136583 -4.402470
30026 42.635030 -54.035324 41.086359 -4.007442
30027 41.797195 -54.787469 41.196852 -3.627081
30075 42.105533 -47.933579 39.079206 -2.765225
30076 43.046147 -48.086372 39.460912 -2.948181
30077 43.984007 -48.120023 39.772304 -3.063564
30078 44.828265 -48.788496 40.406045 -3.804501
30079 45.196252 -49.597939 40.595072 -4.470700
32502 39.527793 -49.027691 38.426288 -3.744464
35440 44.667673 -51.540602 39.224400 -4.276740
35458 40.368380 -49.831677 38.720329 -4.258059
35459 40.906136 -50.804828 39.318457 -4.660616
35460 41.240169 -51.566977 40.160402 -4.904368
35461 39.643420 -51.889845 39.330328 -4.370295
35462 40.516126 -52.117217 40.241674 -4.701241
35463 41.311747 -52.398248 40.921988 -4.931535
35464 41.167673 -53.335019 41.547511 -4.682738
35465 41.026351 -54.429132 41.710055 -4.125345
41249 40.146304 -48.964027 39.114820 -3.748230
41250 40.524385 -49.265976 39.327589 -4.088128
41251 40.079314 -49.094993 38.973278 -3.874935
41262 39.703068 -48.640250 38.797036 -3.397156
41263 40.166493 -48.786677 39.108428 -3.582193
42629 45.572497 -50.470137 39.281930 -4.275074
42630 45.251312 -50.652943 38.974191 -4.150325
42631 45.243970 -50.732069 39.367768 -4.439190
42670 45.629393 -50.063596 39.983247 -4.470335
42671 45.871658 -49.708896 39.921151 -4.178738
42672 45.745019 -50.135446 39.617978 -4.284003
42673 45.885423 -50.172735 39.248143 -4.042900
45029 43.962901 -49.957186 41.025176 -4.989331
45030 44.145517 -50.342809 41.107362 -5.218757
45031 43.782119 -50.193653 41.036134 -5.184583
45032 42.312927 -51.563339 40.920161 -5.260623
45033 42.679078 -51.659745 41.231553 -5.327887
45034 42.415706 -51.944414 41.264427 -5.228543
45035 42.413871 -52.360050 41.437930 -5.114024
45036 42.090850 -52.214532 41.163978 -5.110870
45070 43.197562 -49.486982 40.698260 -4.574850
45071 43.257211 -49.237782 40.582288 -4.293302
45072 43.632539 -49.597030 40.881808 -4.674009
45073 44.096881 -49.684340 40.944817 -4.742725
49177 44.335475 -52.508296 40.324773 -4.465509
49178 44.394206 -52.521938 39.912019 -4.208458
49179 44.285003 -52.864815 39.954938 -4.021499
54629 42.149581 -49.497896 40.230716 -4.519355
54630 42.517568 -49.858962 40.440746 -4.862248
54631 42.062403 -49.747095 40.159489 -4.692930
54632 41.318171 -50.067234 39.584190 -4.685182
54633 41.780677 -50.246403 39.936675 -4.890586
54634 41.680651 -50.501059 39.841705 -4.920108
54635 41.908234 -50.839388 40.132094 -5.099669
54636 41.487022 -50.650215 39.773217 -4.910935
54669 40.391322 -48.112748 38.796123 -2.912531
54670 41.134636 -49.043152 39.670028 -3.952612
54671 41.230992 -48.823057 39.607933 -3.719050
54672 41.657709 -49.148653 39.957678 -4.131038
54673 42.193630 -49.248696 40.237108 -4.298218
58890 45.187075 -48.507465 40.197842 -3.426081
58891 45.265077 -48.175502 39.986899 -3.054349
58892 45.540378 -48.513831 40.114743 -3.379776
65969 45.080625 -50.319162 40.557632 -4.934413
65970 45.050342 -50.671133 40.418830 -5.001975
65971 44.884243 -50.621111 40.693695 -5.107231
65972 44.367594 -51.128605 41.186808 -5.373795
65973 44.531857 -51.200454 40.951209 -5.282567
65974 44.374018 -51.424188 41.083619 -5.293307
65975 44.360253 -51.783435 40.955775 -5.111005
65976 44.194154 -51.697943 41.212376 -5.259658
65977 43.067253 -50.613836 40.885461 -5.340778
65978 43.466440 -50.728431 41.072661 -5.413730
65979 43.254458 -50.973992 41.123799 -5.452101
65980 43.340719 -51.981703 41.445235 -5.305120
65981 43.576561 -51.731594 41.404143 -5.390797
65982 43.633457 -52.122674 41.454367 -5.216104
65983 43.885816 -52.254549 41.294562 -5.081086
65984 43.680258 -52.551042 41.312825 -4.947396
65985 43.731647 -53.009423 41.111014 -4.588929
65986 43.459099 -52.839349 41.332915 -4.791830
65987 42.344128 -53.443248 41.457107 -4.625536
65988 42.698349 -53.533287 41.291822 -4.439230
65989 42.316598 -53.939828 41.309173 -4.254769
65990 42.231254 -54.454597 41.137496 -3.812253
65991 41.892633 -54.309989 41.386792 -4.073099
66090 41.495281 -48.150946 39.177829 -2.912736
66091 41.646697 -47.862639 38.876482 -2.660053
66092 42.001836 -48.240076 39.392424 -3.031909
66093 43.418721 -48.686634 40.192363 -3.654118
66094 42.988333 -48.361037 39.774130 -3.244189
66095 43.469193 -48.415607 39.925717 -3.327356
66096 43.508653 -48.137304 39.629849 -3.016294
66097 43.981254 -48.443801 40.078216 -3.389844
66098 44.434584 -48.450167 40.132094 -3.428665
66099 44.398795 -48.749388 40.382303 -3.779930
66100 44.773205 -49.875332 40.837063 -4.786175
66101 44.926456 -49.551555 40.708305 -4.494648
66102 45.026482 -49.938996 40.699174 -4.760752
66103 45.270583 -49.974466 40.532976 -4.702371
78412 44.831936 -51.247748 39.996944 -4.805336
78413 44.843866 -51.229558 39.593322 -4.571941
78414 44.697956 -51.568796 39.679160 -4.550756
78457 39.493839 -49.205041 38.261004 -3.793310
78458 39.958181 -49.391486 38.562351 -4.012477
78459 39.916886 -49.630681 38.417156 -4.032101
78460 40.286708 -50.932156 38.860958 -4.387562
78461 40.506949 -50.632935 38.923967 -4.440166
78462 40.680389 -51.058574 39.312065 -4.600785
78463 41.099765 -51.193178 39.735777 -4.805755
78464 40.808863 -51.446016 39.723906 -4.724936
78466 39.223126 -51.703400 38.842694 -4.198143
78467 39.235056 -52.099027 39.292888 -4.295106
78468 39.985711 -52.797513 40.713784 -4.606115
78469 40.039854 -52.390063 40.292812 -4.597105
78470 40.474830 -52.522848 40.733874 -4.718898
78471 40.911642 -52.236360 40.679084 -4.834956
78472 40.859335 -52.666547 41.084532 -4.804996
78473 41.251181 -52.843897 41.288170 -4.844826
78474 40.781333 -53.129475 41.425146 -4.708193
78476 40.600551 -54.162652 41.686313 -4.294288
92681 41.148401 -49.287804 39.733951 -4.148044
92682 41.561354 -49.624314 39.920238 -4.502930
92683 41.027269 -49.444236 39.604280 -4.299214
92684 40.936419 -49.622495 39.417993 -4.404302
92685 40.888700 -49.864419 39.244490 -4.465286
92705 40.266519 -48.344667 38.941317 -3.153870
92706 40.216047 -48.579314 39.059116 -3.381200
92707 40.648270 -48.921281 39.404295 -3.768262
95167 45.244888 -50.535620 38.603443 -3.808889
95168 44.952151 -50.856668 38.689282 -3.920586
95169 44.742922 -51.164075 38.766901 -3.970984
95238 45.628475 -49.219593 40.329339 -4.074212
95239 45.760620 -48.865802 40.161315 -3.697224
95240 45.871658 -49.265976 40.140312 -3.974379
95241 46.092817 -49.349649 39.843531 -3.830210
99485 44.633719 -50.184558 40.929293 -5.028160
99486 44.703462 -50.566542 40.946643 -5.178449
99487 44.441925 -50.477413 41.046179 -5.216060
99488 44.255638 -50.748440 41.142062 -5.348860
99489 44.088622 -50.993091 41.208724 -5.428371
99490 42.729550 -51.104049 40.844368 -5.374365
99491 43.083771 -51.219554 41.140236 -5.446329
99492 42.913084 -51.446016 41.164891 -5.402676
99493 43.028711 -51.813448 41.385879 -5.343121
99494 43.104878 -52.216351 41.471717 -5.193041
99495 43.155350 -52.673823 41.480849 -4.951510
99496 42.786446 -52.517391 41.518289 -5.060493
99497 42.391847 -52.866634 41.462586 -4.913344
99498 42.021107 -53.233157 41.478110 -4.757360
99558 42.325774 -48.817600 39.988726 -3.747072
99559 42.415706 -48.593866 39.849923 -3.443991
99560 42.821317 -48.878535 40.185971 -3.873668
99561 43.348978 -48.975850 40.372258 -3.981421
99562 43.850945 -49.025872 40.521105 -4.066416
99563 44.339146 -49.053157 40.594159 -4.125927
99564 44.276744 -49.367839 40.769488 -4.451434
99565 44.476797 -49.788931 40.906464 -4.780112
106951 44.519010 -51.864380 40.185971 -4.719908
106952 44.554799 -51.884388 39.732124 -4.479130
106953 44.441925 -52.179062 39.793307 -4.363060
106954 44.383194 -52.547404 39.407035 -3.930803
106978 39.302964 -49.716172 37.870166 -3.822089
106979 39.796671 -49.938996 38.250959 -4.028165
106980 39.605795 -50.265502 38.098459 -4.008614
106981 39.859073 -50.801190 38.397066 -4.177378
106982 39.983876 -51.215006 38.836302 -4.325736
106984 39.216702 -52.462822 39.764998 -4.367152
106986 39.520452 -53.034889 40.595985 -4.501155
106987 39.918721 -53.242252 41.048919 -4.561158
106988 40.324332 -53.466895 41.447062 -4.576576
106989 39.836131 -53.680624 41.346613 -4.454810
116417 43.150761 -49.733453 40.727482 -4.814302
116418 43.394862 -50.096338 40.885461 -5.112607
116419 42.967227 -49.970829 40.701000 -5.004001
116420 42.833247 -50.233670 40.677257 -5.140889
116421 42.666231 -50.539258 40.607856 -5.225759
116422 41.904563 -49.984471 40.049908 -4.816267
116423 42.202806 -50.398287 40.271809 -5.073408
116424 42.494626 -50.788457 40.532976 -5.262463
116425 42.327610 -51.001277 40.483665 -5.256823
116426 42.136734 -51.229558 40.459922 -5.215585
116427 41.961459 -51.455111 40.551240 -5.145857
116474 41.386996 -48.414697 39.356810 -3.183963
116475 40.777662 -48.485637 39.208877 -3.305935
116476 41.301653 -48.622969 39.490134 -3.458098
116477 41.823808 -48.734836 39.755867 -3.606775
116478 42.253278 -49.031329 40.137573 -4.036881
116479 42.692843 -49.362382 40.473620 -4.448098
122224 44.131752 -53.135842 40.377737 -4.089008
122225 44.217096 -53.213148 39.995118 -3.809016
122226 44.057421 -53.562391 39.996031 -3.578795
122387 45.901023 -48.548392 39.968636 -3.299536
131945 45.403645 -50.399197 40.023426 -4.697709
131946 45.221946 -50.706603 39.759519 -4.674031
131947 45.173310 -50.698418 40.099219 -4.859431
131948 44.969587 -50.960350 40.249893 -4.958230
131949 44.772287 -51.263209 40.365866 -4.999115
131950 44.701626 -50.927608 40.825191 -5.222112
131951 44.679602 -51.267756 40.678171 -5.157482
131952 44.606189 -51.556973 40.481839 -4.987880
131953 44.474962 -51.836185 40.609683 -4.930409
131954 44.365759 -52.159053 40.697347 -4.832477
131955 44.245544 -52.450998 40.703739 -4.699544
131956 43.621527 -50.505607 41.027916 -5.325735
131957 43.795884 -50.850302 41.188634 -5.442650
131958 43.928947 -51.194997 41.306433 -5.458338
131959 43.469193 -51.352339 41.289083 -5.469489
131960 43.792214 -51.456020 41.353005 -5.443868
131961 44.041820 -51.562430 41.374921 -5.372316
131962 44.079445 -51.960785 41.268993 -5.187041
131963 44.095045 -52.367326 41.068095 -4.906638
131964 44.122576 -52.747491 40.722003 -4.537251
131965 43.948218 -53.093096 40.752138 -4.351665
131966 43.684846 -53.459619 40.783185 -4.149407
131967 43.324201 -53.777939 40.791404 -3.937638
131968 43.114054 -53.123109 41.351179 -4.620351
131969 43.026876 -53.627874 41.114667 -4.206397
131970 42.908496 -54.152648 40.795057 -3.723738
131971 42.516650 -54.522809 40.825191 -3.514991
131972 42.125722 -54.858409 40.837063 -3.317893
132102 42.482696 -48.291007 39.578711 -3.144100
132103 42.572628 -47.993605 39.283757 -2.862968
132108 44.435502 -48.144580 39.862708 -3.087171
132109 44.855795 -48.488365 40.184144 -3.441490
132110 45.193499 -48.843975 40.411524 -3.800829
132111 44.723651 -49.132282 40.595072 -4.158325
132112 45.098061 -49.199584 40.582288 -4.162088
132113 45.377033 -49.210498 40.480925 -4.135211
132114 45.461459 -49.602486 40.449878 -4.413357
132115 45.503672 -49.982652 40.346689 -4.607512
138750 39.586524 -48.905820 38.609836 -3.664101
147322 44.994364 -50.957621 39.523008 -4.536664
147323 44.804406 -51.223191 39.162305 -4.294396
147324 44.626377 -51.516956 38.803428 -3.962898
147325 44.521763 -51.895302 39.308412 -4.206360
147326 44.491480 -51.879841 38.858218 -3.900595
147331 44.267568 -53.267717 39.550403 -3.518445
147376 40.030677 -49.230506 38.754117 -3.961970
147377 40.451889 -49.616129 38.889266 -4.238683
147378 40.804275 -50.093609 39.081032 -4.486929
147379 40.286708 -50.119984 38.596138 -4.249004
147380 40.681307 -50.335533 38.984236 -4.475975
147381 41.092423 -50.543805 39.365942 -4.699823
147382 41.345701 -50.948527 39.716600 -4.870279
147383 41.529235 -51.325963 40.134833 -4.991051
147384 41.676063 -51.687030 40.557632 -5.054699
147385 39.172654 -51.281399 38.377890 -4.082112
147386 39.601207 -51.476029 38.849087 -4.261069
147387 40.065549 -51.620637 39.308412 -4.449319
147388 39.614054 -52.257278 39.844444 -4.451637
147389 40.086655 -52.000802 39.800612 -4.542165
147390 40.481254 -51.721590 39.740343 -4.634975
147391 40.881359 -51.828000 40.163141 -4.805590
147392 41.313582 -51.949871 40.601464 -4.948934
147393 41.720111 -52.084475 40.869937 -5.053745
147394 41.699922 -52.546494 41.170370 -4.980999
147395 41.652203 -53.053078 41.438843 -4.830399
147396 41.582460 -53.566029 41.555729 -4.598366
147397 40.685895 -53.648792 41.588603 -4.538735
147398 41.092423 -53.877073 41.644307 -4.442210
147399 41.510882 -54.144462 41.623304 -4.285790
147400 41.425538 -54.627400 41.495460 -3.900256
