#!ascii label  , from subject fsaverage vox2ras=TkReg coords=white
521
22 44.451102 23.592990 4.710142 -1.941333
382 47.212376 27.729335 5.233390 -3.723797
738 47.073808 25.936737 1.228217 -4.230568
739 43.485711 27.537433 -0.498592 -2.580162
740 40.654694 24.962677 3.680084 -2.871529
1852 48.695334 24.933574 4.073661 -5.188744
1853 48.360384 22.169644 6.875274 -2.201090
1854 49.236760 24.854448 7.702608 -2.820253
1872 47.702413 28.826176 2.287496 -4.212084
2658 45.969849 24.583421 3.034471 -3.671846
2659 43.894993 25.597499 2.447302 -3.475675
2660 42.568040 24.411528 4.040787 -2.291314
4072 48.691663 26.527903 4.506505 -5.109859
4073 49.273467 24.940849 5.665321 -4.094385
4074 48.307159 26.325088 6.350200 -3.672477
4113 45.276089 29.449174 4.708316 -2.740220
4114 45.778973 30.564205 3.736701 -2.891779
4115 47.596881 28.134057 3.734874 -4.528761
4116 48.590719 26.794383 2.959591 -5.602244
4770 49.821317 21.763103 8.478804 -2.058815
5936 47.640011 27.543800 -0.285823 -3.351958
5937 46.611301 28.019461 -1.553306 -2.413956
5938 45.022812 26.447869 0.393577 -3.258116
5939 41.710017 26.213221 1.713111 -3.162920
6187 44.685108 28.576067 6.117341 -2.267431
6188 46.019403 27.434662 7.118178 -2.751622
8182 46.949005 23.974065 4.009739 -3.744898
8183 46.376377 23.092773 5.817820 -2.058278
8184 48.513635 23.712133 5.291833 -3.470511
8185 49.740562 23.468391 7.128223 -2.779609
8186 49.792869 23.317416 9.261393 -2.107718
8187 47.212376 25.855793 8.292517 -2.594510
8236 47.818957 29.221803 0.487634 -3.178710
8237 48.242004 27.157268 1.320447 -4.673143
8238 48.025434 25.301006 2.639068 -5.187903
10338 45.134768 24.090480 3.806102 -2.811244
10339 44.262979 24.576145 3.480099 -2.907449
10340 43.485711 23.952238 4.320218 -2.052523
11752 48.126377 27.180915 4.871774 -4.518971
11753 48.565942 26.427860 5.461683 -4.420842
11754 47.780415 27.089057 5.801383 -3.848201
11793 46.284610 28.464200 4.860816 -3.320042
11794 46.519534 28.822538 4.201505 -3.640032
11795 47.445465 27.944883 4.444409 -4.232616
11796 48.230992 27.334618 4.003347 -5.032739
13733 47.506949 26.668874 0.451107 -3.882406
13734 46.661773 26.788926 -0.144281 -3.316714
13735 46.101076 26.133186 0.712274 -3.706888
13736 42.233089 25.291002 3.063693 -3.142544
13737 42.740562 25.834875 2.160566 -3.329268
13738 41.195203 25.491089 2.719427 -3.176671
14153 44.114317 28.476933 7.131875 -2.162663
14196 43.540772 29.424618 5.831518 -1.882426
16726 45.182486 27.550166 -1.061106 -2.491019
17977 48.013504 24.344226 3.906551 -4.615949
17978 47.760226 23.871293 4.606954 -3.669966
17979 48.621920 24.276015 4.532987 -4.360003
17980 49.398271 24.979957 6.680768 -3.414615
17981 49.570793 24.285110 6.434212 -3.383887
17982 49.755245 24.185066 7.424090 -2.852605
17983 49.949791 23.387446 8.110796 -2.412307
17984 49.581805 24.083204 8.437712 -2.409770
17985 45.381621 27.170910 8.070616 -2.504383
17986 46.667279 26.727081 7.618596 -2.750394
18101 46.917804 29.751124 3.007076 -3.619011
18102 45.921212 30.783391 2.724906 -2.728662
18103 47.062796 29.942116 2.079293 -3.300822
18104 47.137127 30.082177 1.073891 -2.888747
18105 47.790510 29.057186 1.379803 -3.725389
18106 48.080494 28.182259 0.827334 -3.950729
18107 48.187861 27.942155 1.689369 -4.574784
18108 48.663215 25.789400 3.377824 -5.665759
18109 48.450316 25.924004 2.693858 -5.589515
18110 48.333771 25.060902 3.325773 -5.351553
18111 47.598716 24.467007 3.332166 -4.651837
20070 47.422523 22.597103 6.310933 -2.159770
23216 46.636079 25.296459 2.152347 -4.198258
23217 45.597274 25.721189 1.714937 -3.853253
23218 45.059518 25.188230 2.679247 -3.588580
23219 43.338884 25.049988 3.316642 -3.039462
23220 41.688910 24.802607 3.836237 -2.595371
25762 48.865103 25.843060 4.225248 -5.355385
25763 49.077085 24.952673 4.813331 -4.733131
25764 49.015601 25.724827 5.112851 -4.745049
25765 49.006425 25.688447 6.008673 -3.996157
25766 48.795360 25.618417 6.971157 -3.281769
25835 44.195072 30.677891 4.897343 -2.119348
25836 44.441008 31.254505 4.340308 -2.168042
25837 45.566073 30.043978 4.302868 -2.897519
25838 46.695727 29.309113 3.650863 -3.750638
25839 47.665706 28.464200 3.119396 -4.514582
25840 48.241086 27.722969 2.550490 -5.048957
25841 48.259440 27.451032 3.303857 -5.226127
25842 48.608155 26.645227 3.675518 -5.546298
27018 49.264290 21.844957 7.558327 -2.161201
29210 47.816204 28.560606 -0.818202 -2.777231
29212 47.120609 27.641115 -0.977094 -2.830576
29213 45.803750 27.071776 -0.702229 -2.860518
29214 44.117987 26.925349 -0.095883 -2.888839
29215 44.464867 26.055880 1.436420 -3.511926
29216 43.367332 26.359648 1.051974 -3.201808
29217 42.504720 26.918073 0.641960 -2.930549
29797 46.042345 28.128600 5.677192 -2.917077
29798 46.690221 27.566537 6.203179 -3.178791
29799 45.419246 28.003091 6.708163 -2.579145
29800 44.796147 27.861211 7.623162 -2.393099
29858 43.831674 30.012146 5.240695 -1.997580
29859 44.998952 28.942590 5.371279 -2.491102
34852 45.722077 23.783073 4.303781 -2.784925
34853 45.392633 23.373804 5.237956 -1.959923
34854 46.638832 23.613909 4.857163 -2.803828
34855 47.505114 23.356524 5.420590 -2.803518
34856 48.399844 23.018195 6.117341 -2.727445
34857 49.125722 24.290567 5.403240 -3.920789
34858 49.190877 23.610271 6.196787 -3.155723
34859 49.245019 22.733526 6.836007 -2.563611
34860 49.865365 22.661676 7.764704 -2.343163
34861 50.023205 22.567090 8.809373 -2.114240
34863 47.248166 26.909888 6.719121 -3.215706
34864 47.810698 26.248691 7.262459 -3.036348
34865 48.331018 25.374675 7.932727 -2.722025
35003 44.597930 31.542812 3.366866 -2.111696
35007 47.169246 30.349566 0.152500 -2.468606
35008 47.729026 29.494649 -0.390838 -2.667961
35009 47.991480 28.337782 -0.031048 -3.322339
35010 48.030022 27.344622 0.546990 -3.985625
35011 47.898795 26.475153 1.135986 -4.533868
35012 48.454904 26.880784 2.156000 -5.271617
35013 48.260358 26.269609 1.973365 -5.161994
35014 47.626246 25.619326 1.945057 -4.767248
35015 47.188517 24.861724 2.749562 -4.490290
35016 46.480074 24.184157 3.482839 -3.730607
41058 44.775040 23.858560 4.243511 -2.359216
41059 44.281333 24.054100 4.028916 -2.406773
41060 43.947300 23.759426 4.470891 -1.979417
42472 47.691401 27.463765 5.054408 -4.135371
42473 47.960279 27.113613 5.329273 -4.190506
42474 47.497772 27.427386 5.527432 -3.824683
42513 46.761800 28.085854 5.017881 -3.551700
42514 46.871002 28.237738 4.601475 -3.777675
42515 47.318826 27.847568 4.798720 -3.994519
42516 47.830887 27.522882 4.623391 -4.421701
44453 47.321579 26.241415 0.789894 -4.091004
44454 46.890274 26.315084 0.490373 -3.799895
44455 46.614054 26.003130 0.936915 -3.961526
44456 41.462245 25.118199 3.321207 -2.999092
44457 41.686157 25.337386 2.906627 -3.168641
44458 40.938255 25.197325 3.214366 -3.067454
47446 44.337311 27.470131 -0.778936 -2.533209
47447 44.822759 27.866668 -1.281181 -2.328594
48697 48.409020 24.613434 3.968647 -4.949196
48698 48.321842 24.326946 4.245338 -4.514575
48699 48.678816 24.607977 4.290083 -4.799876
48700 49.355140 24.932664 7.196710 -3.100738
48701 49.582723 24.612525 7.052429 -3.122626
48702 49.549686 24.521576 7.577503 -2.846957
48703 49.708444 24.119583 7.933640 -2.616665
48704 49.451495 24.453365 8.045047 -2.603439
48821 47.315156 29.280919 2.635415 -3.939690
48822 46.973782 29.863900 2.555969 -3.477678
48823 47.396828 29.429166 2.207137 -3.754851
48824 47.477584 29.487373 1.706719 -3.536246
48825 47.753803 28.958051 1.839129 -3.983789
48826 47.990562 28.517860 1.529564 -4.157104
48827 48.003409 28.391441 1.956015 -4.425844
48828 48.693499 25.345571 3.726656 -5.487998
48829 48.531988 25.415601 3.341297 -5.562409
48830 48.501705 24.986324 3.693782 -5.311116
48831 48.198874 24.662547 3.642644 -5.031085
50790 47.876771 22.323347 6.564795 -2.190376
50791 47.267437 22.135083 6.745603 -1.927526
50792 47.755638 21.873151 6.922759 -1.980331
54053 46.382801 24.946306 2.596149 -3.993928
54054 45.873493 25.230976 2.392511 -3.890911
54055 45.544049 24.898104 2.829921 -3.633256
54056 43.436157 24.544313 3.776880 -2.578721
54057 43.837180 24.834439 3.375998 -2.972941
54058 42.976404 24.745310 3.650863 -2.689678
54059 42.490038 24.924479 3.565024 -2.803600
54060 42.156923 24.619801 3.944904 -2.441000
58297 48.821973 26.179570 4.349439 -5.281560
58298 48.971553 25.771211 4.648960 -5.078713
58299 48.850420 26.137734 4.806026 -4.976315
58300 48.458575 26.363286 5.933793 -4.041799
58301 48.790772 26.036781 5.784033 -4.240237
58302 48.699005 26.008587 6.210484 -3.857872
58303 48.936682 25.662072 6.506352 -3.625239
58304 48.578790 25.976755 6.678029 -3.495345
58418 44.739251 30.074901 4.807852 -2.426626
58419 44.952151 30.364118 4.631610 -2.489793
58420 45.441270 29.788413 4.536640 -2.836586
58421 47.105009 28.496942 3.984170 -4.097742
58422 46.606713 29.052638 3.910204 -3.726091
58423 47.153645 28.665197 3.678258 -4.161781
58424 47.188517 28.887112 3.372345 -4.153762
58425 47.640929 28.257747 3.435354 -4.561741
58426 48.019010 27.917599 3.212540 -4.906795
58427 47.987809 27.782085 3.497450 -4.911005
58428 48.483352 26.979009 4.257209 -5.129851
58429 48.453986 27.014479 3.835323 -5.333705
58430 48.652203 26.611576 4.091012 -5.370027
58431 48.745806 26.276885 3.943078 -5.514999
60390 49.601994 21.801302 7.994823 -2.115632
60391 49.144993 21.359291 7.894374 -2.018620
60392 49.495544 21.362020 8.299822 -1.995030
64238 47.729026 28.044018 -0.557948 -3.064255
64239 47.495937 28.094949 -0.948786 -2.808629
64240 47.381228 27.583817 -0.631002 -3.076667
64241 45.899188 26.564283 0.073967 -3.288363
64242 46.217620 26.892608 -0.445628 -3.075790
64243 45.382539 26.726172 -0.170763 -3.070094
64244 44.999870 26.986285 -0.427365 -2.873893
64245 44.493315 26.645227 0.121452 -3.064520
64246 44.843866 25.714822 2.052811 -3.661016
64247 45.056765 25.932190 1.544174 -3.679787
64248 44.170295 25.836694 1.936838 -3.539828
64249 42.192712 25.983121 1.958754 -3.247165
64250 43.042476 26.089531 1.656494 -3.296912
64251 42.515732 26.316903 1.419983 -3.179389
64252 42.891978 26.648865 0.835553 -3.061254
64253 42.088097 26.578835 1.188037 -3.066952
65497 45.386210 28.315044 5.920096 -2.565173
65498 45.740431 28.068574 6.180350 -2.732505
65499 45.066860 28.287760 6.415948 -2.437018
65501 44.475879 28.206816 7.440527 -2.290321
65628 44.120740 28.946228 5.894527 -2.079336
65629 44.257473 29.195427 5.576743 -2.154534
65630 44.852125 28.721585 5.727416 -2.368916
65631 45.538543 28.475114 5.515560 -2.719028
76972 46.347930 23.888573 4.137583 -3.261398
76973 46.204773 23.711224 4.594170 -2.792321
76974 46.782906 23.793987 4.426146 -3.259962
76975 48.155743 23.798534 4.912867 -3.586477
76976 47.668459 23.646650 4.986834 -3.214011
76977 48.060305 23.508408 5.342058 -3.156950
76978 47.985974 23.167351 5.785859 -2.776922
76979 48.454904 23.399270 5.741114 -3.073321
76980 49.203724 24.959949 5.245261 -4.427969
76981 49.108286 24.598882 5.058974 -4.333906
76982 49.276220 24.647085 5.490905 -4.043002
76983 49.690090 23.874022 6.788522 -3.062299
76984 49.424883 23.938595 6.299975 -3.295774
76985 49.493708 23.532055 6.650633 -2.970912
76986 49.199136 23.179174 6.510918 -2.834947
76987 49.513897 23.104596 6.969331 -2.690989
76988 49.607500 22.685323 7.296246 -2.457483
76989 49.802964 23.063669 7.451485 -2.540124
76990 49.906661 23.351067 8.646828 -2.250097
76991 50.021370 23.001824 8.459628 -2.246574
76992 49.965392 22.957259 9.033100 -2.115425
76995 46.364448 27.481045 6.705424 -2.944198
76996 46.962770 27.260040 6.458867 -3.226700
76997 46.661773 27.192738 6.881666 -2.976620
76998 46.954511 26.325088 7.942772 -2.688386
76999 47.250001 26.493343 7.437788 -2.893313
77000 47.530808 26.101354 7.765617 -2.790051
77001 48.061223 25.822142 7.590288 -2.889217
77002 47.780415 25.619326 8.106230 -2.659544
77341 45.145780 30.944370 4.112015 -2.520633
77342 44.519927 31.508252 3.892853 -2.152755
77343 45.206346 31.126267 3.607944 -2.484599
77344 45.955166 30.837960 2.178829 -2.604864
77345 45.309125 31.150824 2.496613 -2.327825
77351 47.587704 29.653809 0.790807 -3.052533
77352 47.180258 30.205867 0.669355 -2.675333
77353 47.534479 29.796598 0.358877 -2.810960
77354 47.522549 29.954849 -0.100449 -2.581162
77355 47.768485 29.352769 0.054790 -2.914752
77356 47.916231 28.868922 -0.247470 -2.988670
77357 47.956608 28.781611 0.210943 -3.267551
77358 48.168590 27.657486 1.051061 -4.327688
77359 48.086918 27.762077 0.623697 -3.989395
77360 48.136472 27.266407 0.904041 -4.329790
77361 47.988727 26.895336 0.841032 -4.284896
77362 48.127295 26.833491 1.228217 -4.629451
77363 48.461328 27.204561 2.700250 -5.375466
77364 48.431044 27.259131 2.305760 -5.201993
77365 48.507211 26.781650 2.555056 -5.480310
77366 48.320006 25.593861 2.664637 -5.433948
77367 48.378737 26.104083 2.355071 -5.412267
77368 48.154825 25.771211 2.297541 -5.245018
77369 48.011668 25.931280 1.926793 -4.994568
77370 47.842817 25.469261 2.288410 -5.001670
77371 47.425276 25.243708 2.359637 -4.698557
77372 47.657447 25.047259 2.665550 -4.866383
77373 47.285790 24.185976 3.626207 -4.223549
77374 47.082985 24.287838 3.380564 -4.204879
77375 46.718669 24.054100 3.728482 -3.745798
77376 46.075381 23.975884 3.876416 -3.258584
83250 45.853305 23.241929 5.514647 -2.003710
83251 45.184322 23.066398 5.788599 -1.640632
83252 45.644993 22.889048 6.094512 -1.706213
92336 45.523860 24.316942 3.395174 -3.263249
92337 45.127426 24.581602 3.225324 -3.274648
92338 44.676849 24.300571 3.613423 -2.851467
92339 43.848192 24.276924 3.885548 -2.481574
92340 43.041558 24.181428 4.192374 -2.158552
94882 48.452151 26.885332 4.688226 -4.850542
94883 48.622838 26.536998 5.000531 -4.785425
94884 48.336524 26.823487 5.147552 -4.517825
94885 48.230992 26.743452 5.595006 -4.157324
94886 48.046540 26.718896 6.076248 -3.794853
94955 45.790903 28.908030 4.762193 -3.043863
94956 45.902859 29.189971 4.469978 -3.179685
94957 46.388307 28.611537 4.471804 -3.499965
94958 47.000394 28.368704 4.300128 -3.965771
94959 47.557421 28.067664 4.099230 -4.416189
94960 47.955691 27.711145 3.839889 -4.826663
94961 47.928160 27.611102 4.233467 -4.659010
94962 48.215392 27.248217 4.439843 -4.807706
98447 47.578527 27.089057 0.057530 -3.629535
98448 47.221553 27.105427 -0.250209 -3.339476
98449 47.125198 26.707982 0.133323 -3.585700
98450 46.417673 26.440593 0.284910 -3.531413
98451 45.564238 26.317812 0.588996 -3.471934
98452 43.043394 25.454709 2.797047 -3.301867
98453 43.299424 25.716641 2.313978 -3.406221
98454 42.477190 25.551115 2.633589 -3.281858
98455 41.924752 25.657525 2.444562 -3.248475
98456 41.369560 25.851245 2.221748 -3.204436
99203 44.421737 28.554239 6.611367 -2.196781
103834 45.928554 27.717512 -1.344190 -2.451770
103835 46.313058 28.213182 -1.794383 -2.234872
103836 45.617463 27.983991 -1.566090 -2.280112
106087 47.508784 24.112307 3.912943 -4.206282
106088 47.337180 23.881298 4.292823 -3.721595
106089 47.868512 24.093208 4.248990 -4.148494
106090 48.212639 24.041367 4.539379 -4.048198
106091 48.567778 23.985889 4.871774 -3.906600
106092 49.340457 24.932664 6.140170 -3.750778
106093 49.408365 24.598882 6.020545 -3.733813
106094 49.525827 24.628896 6.549271 -3.422187
106095 49.691008 24.246911 6.920932 -3.111450
106096 49.836918 23.829457 7.278896 -2.831943
106097 49.941532 23.431102 7.618596 -2.590767
106098 49.869036 23.777616 7.771096 -2.614337
106099 49.810305 23.738508 8.267861 -2.416883
106100 49.681831 23.718500 8.851379 -2.244107
106101 45.688124 27.360993 7.550108 -2.605441
106102 46.332329 27.103608 7.340992 -2.772912
106103 46.026744 26.954453 7.829539 -2.617748
106309 46.366283 30.159483 3.354995 -3.264044
106310 45.874411 30.725184 3.289246 -2.827039
106311 46.490169 30.313186 2.915759 -3.163543
106312 46.536970 30.383217 2.418993 -3.027609
106313 46.569088 30.430510 1.867437 -2.866505
106315 47.119692 29.993957 1.536869 -3.100636
106316 47.548244 29.561041 1.229130 -3.297879
106317 47.840064 29.130854 0.920478 -3.452516
106318 48.005245 28.687934 0.634655 -3.562594
106319 47.998821 28.620632 1.087588 -3.863744
106320 48.138307 28.083125 1.284833 -4.271507
106321 48.287888 27.511058 1.459249 -4.656679
106322 48.632932 26.265062 3.123049 -5.704043
106323 48.535659 26.304170 2.788828 -5.646310
106324 48.547589 25.823961 3.018034 -5.676948
106325 48.412691 25.480175 2.996118 -5.543394
106326 48.253016 25.127294 2.984247 -5.308621
106327 47.849241 24.863543 2.990639 -4.984924
106328 48.042869 24.721663 3.311163 -5.042297
106329 47.787757 24.399705 3.593333 -4.661354
109854 46.904039 22.874496 6.062551 -2.113380
109855 46.171737 22.665314 6.372116 -1.782442
109856 46.729681 22.407929 6.572101 -1.859240
115610 46.847143 25.626602 1.690282 -4.273974
115611 46.343341 25.758478 1.445552 -4.045920
115612 46.097405 25.512007 1.913096 -4.028117
115613 45.348585 25.478356 2.211703 -3.778921
115614 44.544705 25.447433 2.571493 -3.536419
115615 44.708050 24.848991 3.087435 -3.289371
115616 44.210672 25.109104 2.980594 -3.302341
115617 43.628868 25.336476 2.913933 -3.307983
115618 42.794705 25.202782 3.206148 -3.098285
115619 41.980730 25.053626 3.456357 -2.909634
115620 41.199791 24.920841 3.723003 -2.742151
121552 48.838491 25.355575 4.155847 -5.325139
121553 48.879786 24.974500 4.417927 -4.991952
121554 48.972471 25.412873 4.524768 -5.085099
121555 49.100027 25.339205 4.956699 -4.784015
121556 49.165182 25.298278 5.403240 -4.441150
121557 48.836655 26.108630 5.305531 -4.621102
121558 49.025696 25.686628 5.569437 -4.376609
121559 49.190877 25.299187 5.836997 -4.077288
121560 49.208312 25.338295 6.329197 -3.712810
121561 49.155087 25.310101 6.809525 -3.365912
121562 49.004589 25.241889 7.317249 -3.050897
121721 43.628868 31.214488 4.910127 -1.831694
121722 43.723388 31.526441 4.584125 -1.848665
121723 44.390536 30.955284 4.705577 -2.156202
121724 45.051259 30.657882 4.403317 -2.522476
121725 45.672523 30.322281 4.062703 -2.916391
121726 46.012979 29.420071 4.180503 -3.276720
121727 46.141453 29.676546 3.951296 -3.324761
121728 46.265339 29.953030 3.704740 -3.319928
121729 46.782906 29.536485 3.355908 -3.713171
121730 47.211459 29.087199 3.024426 -4.076808
121731 47.641847 28.666106 2.713035 -4.394072
121732 47.980468 28.273208 2.418080 -4.651737
121733 47.999739 28.105863 2.843618 -4.817048
121734 48.268617 27.568356 2.921238 -5.181800
121735 48.465916 27.142716 3.102959 -5.459945
121736 48.236498 27.391006 3.628033 -5.175751
121737 48.455822 27.051768 3.438093 -5.446312
121738 48.593472 26.701615 3.295639 -5.625426
121739 48.680651 26.230501 3.508408 -5.659368
121740 48.758653 25.795767 3.786925 -5.555931
124482 48.850420 21.996841 7.189405 -2.190838
124483 48.289723 21.666698 7.210408 -2.013512
124484 48.741218 21.476615 7.521800 -2.025850
129752 47.671212 29.255454 -0.989879 -2.499590
129754 47.552833 28.703395 -1.203561 -2.544273
129755 47.299555 28.197721 -1.309489 -2.580293
129756 46.878344 27.777538 -1.273875 -2.611014
129757 46.881097 27.180915 -0.568906 -3.079094
129758 46.557159 27.271863 -0.883951 -2.846852
129759 46.220373 27.443756 -1.157902 -2.639217
129760 45.477977 27.313700 -0.894909 -2.667013
129761 44.661249 27.240031 -0.616391 -2.696129
129762 43.776613 27.172729 -0.270299 -2.728286
129763 45.829445 25.932190 1.225477 -3.822136
129764 45.283430 26.118634 1.070238 -3.609411
129765 44.737416 26.244144 0.951525 -3.411204
129766 43.598585 25.951289 1.814473 -3.417704
129767 43.899581 26.171385 1.283920 -3.352155
129768 44.193236 26.397847 0.714101 -3.228585
129769 43.686682 26.629766 0.469371 -3.060990
129770 43.247117 26.913526 0.289476 -2.907127
129771 42.969980 27.233665 0.073054 -2.765322
131347 46.663609 27.962164 5.437941 -3.309744
131348 46.962770 27.666581 5.720111 -3.444461
131349 46.374542 27.876672 5.922835 -3.073528
131350 46.060698 27.777538 6.459780 -2.861362
131351 45.732172 27.716602 6.940109 -2.686018
131352 44.761275 28.275027 6.917280 -2.343978
131353 45.070531 27.981263 7.150139 -2.465163
131354 45.382539 27.668400 7.353776 -2.553869
131355 45.097143 27.545619 7.823147 -2.465681
131511 44.014290 30.358661 5.065366 -2.063374
131512 44.572235 29.735662 4.982268 -2.341442
131513 43.666493 29.709287 5.494557 -1.933380
131514 44.381359 29.446446 5.213300 -2.246226
131515 45.133850 29.181785 5.010576 -2.620082
131516 45.683535 28.704305 5.128375 -2.884385
131517 46.172654 28.275937 5.245261 -3.119001
145582 45.079707 23.703948 4.482763 -2.339621
145583 44.928291 23.472029 4.963091 -1.936519
145584 45.544967 23.597538 4.746669 -2.344657
145585 46.019403 23.500223 5.036145 -2.367632
145586 46.479157 23.400179 5.301878 -2.399457
145587 47.210541 23.720318 4.701924 -3.246626
145588 47.079314 23.505680 5.136594 -2.810378
145589 46.960934 23.227377 5.589527 -2.430233
145590 47.460148 23.001824 5.866218 -2.450870
145591 47.943761 22.750806 6.207745 -2.454492
145592 48.361301 22.607107 6.486262 -2.437239
145593 48.903645 24.595245 4.660831 -4.590930
145594 48.907316 24.248730 4.913780 -4.158834
145595 48.878868 23.968608 5.335665 -3.728472
145596 49.338622 24.301480 5.911877 -3.658067
145597 49.144075 23.970427 5.820560 -3.521528
145598 48.854091 23.650288 5.736548 -3.324926
145599 48.823808 23.297407 6.103643 -2.964544
145600 48.786183 22.909056 6.416861 -2.655321
145601 48.827479 22.454313 6.829615 -2.398549
145602 49.329445 22.304248 7.190318 -2.340613
145603 49.628606 22.239674 7.638686 -2.267554
145604 49.836918 22.191472 8.117188 -2.184639
145605 49.985580 23.048208 7.954643 -2.389787
145606 49.985580 22.614383 8.274254 -2.226831
145607 49.976404 22.147816 8.620346 -2.097355
145611 47.252754 27.347351 6.000455 -3.514598
145612 47.521632 27.018117 6.268014 -3.516691
145613 47.803357 26.612486 6.542879 -3.453207
145614 46.956346 26.837129 7.133702 -2.958254
145615 47.540903 26.545184 6.985768 -3.149335
145616 48.073152 26.281433 6.817744 -3.332798
145617 48.323677 25.952198 7.094435 -3.169096
145618 48.554012 25.532925 7.428656 -2.978404
145619 48.830232 25.136389 7.818581 -2.777077
145625 47.471160 25.402869 8.633130 -2.478437
145626 48.057552 25.175497 8.447756 -2.513817
145627 48.617332 24.922660 8.291604 -2.548474
145628 49.065156 24.734396 8.179284 -2.579414
145629 49.238596 24.356959 8.561903 -2.396219
145630 49.376246 24.012264 8.993833 -2.234466
145631 49.483614 23.630279 9.423024 -2.097561
146027 43.813320 31.711977 4.120233 -1.845957
146028 43.898664 31.792012 3.615249 -1.822777
146029 43.982172 31.772003 3.083783 -1.781111
146030 45.258653 31.219945 3.060040 -2.418300
146031 44.656661 31.493700 2.813484 -2.048893
146042 47.152728 30.538739 -0.323263 -2.274523
146043 47.466571 30.096729 -0.557948 -2.368406
146044 47.628999 29.682003 -0.788068 -2.442286
146045 47.804275 29.039905 -0.628263 -2.731890
146046 47.880441 28.446920 -0.426451 -3.036762
146047 47.870347 27.931241 -0.166197 -3.348407
146048 48.070399 28.246833 0.398143 -3.629900
146049 48.028187 27.830288 0.249296 -3.658991
146050 47.853829 27.430114 0.138802 -3.656422
146051 47.816204 26.991742 0.482155 -3.947107
146052 47.697825 26.566102 0.793547 -4.201995
146053 47.540903 26.156833 1.150597 -4.397045
146054 48.241086 27.814827 2.108515 -4.840635
146055 48.351207 27.386459 1.893919 -4.955505
146056 48.362219 27.010841 1.745985 -4.994924
146057 48.464081 26.429679 2.440909 -5.492439
146058 48.394338 26.567011 2.048245 -5.257086
146059 48.265864 26.712529 1.644623 -4.961309
146060 48.095177 26.393299 1.570656 -4.861190
146061 47.798769 26.017681 1.511300 -4.704532
146062 47.360122 25.775758 1.575222 -4.504103
146063 47.152728 25.434701 2.047332 -4.496027
146064 46.944416 25.090005 2.460086 -4.355533
146065 46.623231 24.702564 2.877406 -4.083963
146066 47.404170 24.623439 3.038124 -4.592260
146067 46.882932 24.452455 3.141313 -4.156262
146068 46.230468 24.376968 3.260025 -3.704749
146069 45.812009 24.126859 3.629860 -3.257969
146070 45.418328 23.917677 4.046266 -2.789527
153147 44.706215 23.194635 5.511908 -1.595425
