#!ascii label  , from subject fsaverage vox2ras=TkReg coords=white
1296
91 53.449791 -37.694579 -4.536640 -3.376567
211 46.661773 -39.506276 0.525987 -4.441970
347 50.795885 -52.552861 1.386195 -3.347314
625 55.748559 -45.739897 2.948633 -2.992655
626 56.972733 -42.755872 -4.390532 -2.673726
690 41.309912 -37.627277 2.156000 -3.323957
691 44.100551 -39.779122 3.833497 -3.764764
987 46.376377 -36.056594 -4.315652 -2.647884
1397 52.590851 -46.006377 4.821549 -1.957243
1398 53.804930 -50.480141 5.099154 -2.353725
1400 53.488334 -47.452460 -1.708545 -3.335500
1530 43.354484 -37.548152 -1.681150 -3.327750
1531 49.801128 -39.237068 -2.390685 -3.198804
2509 48.723782 -42.411176 3.594246 -3.048500
2510 52.029235 -41.904592 1.745985 -3.375612
2511 55.103436 -41.228844 -0.552469 -2.643016
2512 55.094259 -50.343718 2.083859 -3.710057
2513 57.382932 -44.572116 -0.649265 -3.212664
2514 58.652990 -39.553570 -2.852750 -2.782423
2610 41.885292 -38.627712 4.690966 -2.636298
2611 43.004851 -39.853700 5.338405 -2.659986
2907 49.957133 -36.769631 -4.570427 -3.087433
2908 48.296147 -34.786041 -5.039798 -2.566002
2909 51.766781 -35.640959 -5.202342 -3.178507
2911 55.079576 -36.527708 -4.992313 -3.276729
3507 43.591244 -38.885097 1.071151 -4.513312
3508 42.075250 -37.768248 0.133323 -3.848095
3509 44.943892 -38.781416 -0.767978 -4.197568
3510 46.400237 -38.386698 -2.252796 -3.304115
3511 48.150237 -39.434427 -1.028232 -3.910920
5629 54.152728 -46.082774 4.026176 -2.603237
5630 52.378868 -44.207412 3.023513 -2.869723
5631 54.208706 -43.933657 1.997108 -2.915045
5632 53.607631 -41.650846 0.701316 -2.921720
5633 55.800866 -43.409793 1.190777 -2.779256
5634 51.377688 -54.133548 2.562361 -3.010864
5635 53.683798 -53.028522 3.224411 -3.270490
5636 53.550735 -52.105393 1.700327 -3.667773
5637 54.865759 -44.878613 -3.129441 -2.817868
5638 55.585213 -46.320150 -1.416330 -3.423090
5639 57.436157 -43.712652 -2.755954 -3.027790
5640 58.425408 -41.990084 -1.698500 -2.835428
5641 58.759440 -41.127891 -3.448138 -2.733661
5642 59.401810 -38.728665 -4.270907 -2.400124
5849 40.983221 -37.312595 4.091012 -2.202687
5850 42.633194 -38.858722 2.913019 -3.820872
5851 45.311878 -39.581764 2.284757 -4.369576
7123 53.848979 -47.997243 5.318315 -1.980435
7124 54.940090 -48.047264 4.198766 -2.829862
7125 50.021370 -50.746621 -0.152500 -3.422720
7126 52.319220 -49.998113 0.197245 -3.770161
7127 51.393289 -48.377408 -1.752378 -3.250943
7128 52.631228 -46.128248 -3.161402 -2.526059
7405 40.591375 -33.972051 -0.447454 -2.007983
7407 41.097929 -36.078422 -0.357050 -2.765589
7408 42.059649 -35.779201 -2.119473 -2.576524
7409 44.729157 -36.929701 -3.168708 -2.763724
7410 48.093341 -37.700036 -3.581462 -2.871504
7411 51.591506 -38.517665 -3.692869 -3.001542
7985 48.274123 -52.763862 1.468381 -2.785841
10081 45.133850 -41.114249 5.037971 -2.996021
10082 46.537888 -40.910524 3.811581 -3.666419
10083 48.052964 -40.435772 2.608020 -4.015518
10084 50.788543 -44.225602 3.973212 -2.392334
10085 50.369167 -42.016459 2.590670 -3.467810
10086 49.511144 -40.165654 1.219085 -3.985707
10087 51.066598 -40.455780 -0.298607 -3.464132
10088 52.512848 -40.208400 -1.632752 -2.935049
10089 54.360122 -39.580854 -2.817136 -2.898898
10090 52.779891 -52.822069 4.432538 -2.731111
10091 54.684060 -50.559266 3.769575 -3.191164
10092 55.894469 -47.976325 2.745909 -3.408199
10093 54.553750 -49.160476 0.104102 -3.818992
10094 55.998166 -47.484292 0.778023 -3.613679
10095 57.019534 -45.312438 1.462902 -3.151808
10096 57.389356 -42.726768 -0.106841 -2.770404
10097 56.999346 -40.513078 -1.685716 -2.719557
10098 56.321186 -38.789601 -3.610683 -3.143396
10099 57.979419 -37.472664 -4.246251 -2.770564
10290 42.023860 -39.179771 5.773075 -2.104896
10291 42.528580 -39.868252 6.100904 -2.056287
10587 51.684191 -37.229832 -4.627957 -3.285802
10588 50.882146 -36.256681 -4.972223 -3.227863
10589 52.600945 -36.662312 -4.934783 -3.431114
10590 53.380048 -36.083879 -5.166729 -3.326204
10591 54.311485 -37.208004 -4.799633 -3.467633
11187 45.079707 -39.220698 0.765238 -4.580970
11188 44.275827 -38.906925 0.118712 -4.493656
11189 45.773467 -39.184318 -0.137889 -4.423671
11190 46.504851 -39.092460 -0.971615 -4.075356
11191 47.382146 -39.463531 -0.273952 -4.244979
13309 54.927243 -45.990006 3.487405 -2.835267
13310 54.213294 -45.146002 2.988813 -2.816030
13311 55.088753 -44.889527 2.461912 -2.885631
13312 55.035528 -43.701738 1.588007 -2.844853
13313 55.912822 -44.595763 2.005326 -2.909094
13314 51.137258 -53.419601 1.948710 -3.174254
13315 52.657841 -53.307735 2.105775 -3.351815
13316 52.220111 -52.423714 1.526824 -3.535626
13317 55.823808 -43.753579 -3.752225 -2.714390
13318 56.164264 -44.346564 -2.969636 -2.971430
13319 57.239776 -43.230624 -3.646297 -2.851939
13320 58.252885 -42.479388 -3.166881 -2.870475
13321 58.085869 -42.064662 -3.975952 -2.746339
13322 58.730075 -40.748635 -4.248990 -2.603074
13323 57.802308 -41.668126 -4.603301 -2.605749
13585 40.857499 -36.249405 4.742103 -1.480704
13586 40.965785 -37.072490 5.048016 -1.645315
13587 42.879130 -39.332564 4.162239 -3.347844
13588 42.230336 -38.770502 3.791491 -3.259710
13589 43.347143 -39.319832 3.351342 -3.874338
13590 43.873887 -39.272538 2.515790 -4.273401
13591 44.690614 -39.700907 3.085609 -4.133550
14477 44.755769 -35.631864 -3.941251 -2.500373
14479 45.622051 -35.049792 -4.462673 -2.422545
15711 54.020583 -49.301446 5.308270 -2.142026
15712 54.440877 -48.053631 4.825202 -2.418158
15713 54.484007 -49.327822 4.673616 -2.602714
15714 49.708444 -49.977195 -1.031885 -3.225211
15715 50.717882 -49.477887 -0.890343 -3.470388
15716 50.458181 -48.961298 -1.767901 -3.135873
15718 51.633719 -46.759432 -3.164142 -2.449905
16276 40.506949 -34.031167 0.516855 -1.911153
16277 40.718931 -36.675954 2.855490 -2.481851
16279 40.831805 -36.860580 1.855566 -2.934188
16280 42.700184 -37.694579 -0.826421 -3.673389
16281 41.528318 -37.010645 -0.168937 -3.294734
16282 41.999083 -36.871494 -1.091241 -3.142913
16283 41.554012 -35.993839 -1.304923 -2.687501
16284 42.632277 -36.745075 -1.956015 -2.909371
16285 43.296671 -36.438578 -2.731298 -2.708433
16286 44.030808 -37.260754 -2.464652 -2.990973
16287 48.032775 -38.744127 -2.375161 -3.256527
16288 47.168328 -38.044732 -2.903888 -2.997458
16289 48.900892 -38.498565 -3.052735 -3.011637
16290 49.800211 -38.125676 -3.668213 -2.950475
16291 50.622445 -38.933300 -3.102046 -3.010728
17522 47.972209 -51.896212 0.641960 -2.746649
22637 44.419901 -41.179732 5.679931 -2.533870
22638 45.536708 -41.892769 5.438854 -2.408656
22639 47.941008 -42.574884 4.098317 -2.753943
22640 46.966440 -41.819101 4.190547 -3.102731
22641 47.716178 -41.656303 3.735788 -3.377684
22642 47.288543 -40.709527 3.215279 -3.877150
22643 48.503541 -41.376181 3.155010 -3.601665
22644 51.943892 -46.080045 5.325621 -1.595172
22645 51.008784 -45.143274 4.891864 -1.780508
22646 51.763111 -45.183291 4.440757 -2.125914
22647 52.254065 -43.015075 2.295715 -3.187369
22648 51.371265 -43.040541 2.744083 -3.157743
22649 51.162036 -42.027373 2.203485 -3.496405
22650 50.098454 -40.996925 2.145042 -3.799054
22651 50.887652 -41.004201 1.567004 -3.694798
22652 50.289330 -40.342095 0.457499 -3.769135
22653 51.667673 -40.981464 0.883038 -3.462779
22654 54.340851 -41.487138 0.079446 -2.737009
22655 53.047851 -40.921437 -0.388098 -2.922142
22656 53.812272 -40.657686 -1.050148 -2.759574
22657 53.348847 -39.915545 -2.267407 -2.845464
22658 54.739120 -40.394845 -1.649189 -2.719265
22662 54.606975 -51.779797 2.753214 -3.537985
22663 54.417935 -52.037182 3.535803 -3.280442
22664 55.013504 -50.556538 2.998858 -3.496374
22665 55.321842 -49.315998 3.203408 -3.362613
22666 55.536577 -49.230506 2.403469 -3.595647
22667 52.947825 -48.693000 -0.794460 -3.630361
22668 53.517699 -49.657056 0.113233 -3.819802
22669 53.989382 -48.374680 -0.783502 -3.651185
22670 56.542345 -45.419758 -1.031885 -3.372196
22671 55.826561 -46.916773 -0.385359 -3.580966
22672 56.667148 -45.934527 0.028308 -3.427037
22673 56.631359 -46.400184 1.147858 -3.401199
22674 57.272812 -44.965015 0.461152 -3.198412
22675 57.298507 -43.975493 0.636481 -2.948817
22676 57.720636 -43.661720 -0.286736 -2.985288
22677 58.597930 -40.671329 -2.221748 -2.765223
22678 57.969325 -41.126072 -1.487558 -2.736879
22679 57.936289 -40.073796 -2.263754 -2.790072
22680 56.764422 -39.665437 -2.659158 -2.896133
22681 57.709624 -39.146120 -3.091088 -2.935461
22682 57.147091 -38.267556 -3.930293 -3.069355
22683 58.379524 -38.566777 -3.565938 -2.817709
23128 41.219980 -37.765519 5.294573 -1.837991
23129 41.539330 -38.516755 5.506429 -2.014504
23130 42.491873 -39.265262 4.961265 -2.732044
23131 43.558207 -39.890080 4.538466 -3.261329
23663 48.114448 -36.404018 -4.476370 -2.853262
23664 47.272025 -35.442691 -4.717448 -2.645312
23665 49.143158 -35.771925 -4.842552 -2.935259
23666 50.069089 -35.234418 -5.105546 -2.891794
23669 52.557814 -34.992495 -5.378584 -2.889660
23670 54.160987 -35.430867 -5.317402 -2.950298
23671 55.799031 -35.780110 -5.158510 -2.824199
24743 42.379917 -38.383061 1.494863 -4.082006
24744 41.657709 -37.748239 1.125028 -3.720417
24745 42.870871 -38.393065 0.512290 -4.289824
24746 43.458181 -38.365780 -0.410928 -4.171052
24747 44.131752 -38.210258 -1.256525 -3.793632
24748 44.831018 -37.990162 -2.068335 -3.348477
24749 45.679865 -38.584057 -1.546914 -3.744027
24750 47.257342 -38.936938 -1.691195 -3.642457
24751 48.932093 -39.376220 -1.727722 -3.526222
28562 48.930258 -43.398879 4.149455 -2.393063
28563 53.396566 -45.989096 4.476370 -2.303561
28564 52.511931 -45.244227 3.999694 -2.435327
28565 53.335082 -45.233313 3.523932 -2.670048
28566 53.276351 -44.112826 2.537706 -2.939956
28567 53.144207 -42.905937 1.833650 -3.091225
28568 52.852387 -41.751799 1.245567 -3.157159
28569 53.944416 -42.739501 1.369758 -2.931231
28570 54.684060 -42.553966 0.917738 -2.775423
28571 55.547589 -42.317499 0.390838 -2.672249
28572 51.367594 -54.521899 3.199756 -2.890017
28573 52.398139 -53.934371 3.544935 -3.000140
28574 52.633063 -53.738831 2.844532 -3.170074
28575 53.789330 -52.831164 2.473784 -3.482765
28576 54.410594 -51.285946 1.803515 -3.732395
28577 54.057290 -46.133705 -2.512137 -3.031845
28578 54.528973 -46.928596 -1.649189 -3.390467
28579 55.253016 -45.595289 -2.327676 -3.147624
28580 56.393682 -44.947734 -2.043679 -3.211568
28581 57.431569 -44.141020 -1.783425 -3.159009
28582 58.073939 -43.316116 -1.286660 -2.999669
28583 58.261144 -42.883200 -2.177003 -2.961602
28584 58.657579 -41.515332 -2.536792 -2.812392
28585 59.020977 -40.251146 -3.023513 -2.721917
28586 59.152204 -39.126111 -3.513887 -2.650953
28587 59.222864 -39.929188 -3.838063 -2.591118
29004 40.725355 -36.469501 3.828018 -1.975754
29005 41.125460 -37.474483 3.105699 -2.783701
29006 41.376902 -38.027451 4.364963 -2.436260
29007 41.624673 -38.186611 3.450878 -3.054259
29008 41.943105 -38.297569 2.489308 -3.630857
29009 43.136078 -38.884188 1.978844 -4.263042
29010 44.476797 -39.260715 1.635491 -4.520630
29011 45.983614 -39.535380 1.377064 -4.477336
30256 46.547064 -34.426794 -4.924738 -2.291516
31979 53.351600 -46.912225 5.123809 -1.910162
31980 54.015077 -46.852199 4.735711 -2.303819
31981 54.726273 -46.926777 4.336655 -2.669230
31982 55.432880 -46.894945 3.693782 -2.971852
31983 50.381097 -51.638827 0.687619 -3.454478
31984 51.700709 -51.322326 0.842858 -3.660868
31985 51.118905 -50.375550 0.042919 -3.651876
31986 51.807159 -49.047700 -0.769804 -3.585639
31987 52.462376 -47.877191 -1.791644 -3.295611
31988 51.150106 -47.927212 -2.551403 -2.826128
31989 52.090719 -47.279658 -2.618065 -2.878949
31990 53.035004 -46.645746 -2.573319 -2.935352
31991 53.763635 -45.558909 -3.234456 -2.649802
31992 54.502361 -44.276533 -3.807015 -2.506099
32713 40.799686 -33.843813 -1.375237 -2.072582
32717 41.073152 -36.993365 0.830987 -3.233932
32718 40.724437 -36.064779 0.617304 -2.724988
32719 40.581280 -35.083443 0.473023 -2.273582
32720 40.813451 -35.095267 -0.465718 -2.333531
32721 41.143813 -34.963391 -1.356061 -2.335701
32722 41.563189 -34.749662 -2.193440 -2.315191
32723 42.630441 -35.521816 -2.813484 -2.479666
32724 43.979419 -36.077512 -3.397914 -2.578726
32725 45.489907 -36.509518 -3.779620 -2.661947
32726 45.603698 -37.705493 -2.782436 -2.996749
32727 46.374542 -37.329875 -3.449965 -2.805679
32728 47.223388 -36.888774 -4.034395 -2.774668
32729 49.059650 -37.283491 -4.121146 -2.921882
32730 50.783955 -37.650924 -4.237119 -3.067726
32731 52.505507 -38.098391 -4.155847 -3.157254
34278 50.316860 -54.842948 3.039037 -2.733280
34279 50.107631 -54.264514 2.429951 -2.827370
34280 49.780940 -53.448705 1.966060 -2.966990
34288 48.574201 -53.569667 1.979757 -2.733232
34289 49.516650 -52.647447 1.475686 -3.098234
34290 49.210148 -51.800715 0.705882 -3.146590
34291 48.852256 -50.956712 -0.214595 -3.060757
40477 43.422392 -40.487612 5.873524 -2.410090
40478 44.038150 -40.463966 5.176773 -2.978172
40479 44.693367 -40.358465 4.515637 -3.467781
40480 46.227715 -41.842747 4.819723 -2.778999
40481 45.859728 -41.012386 4.435278 -3.376045
40482 45.299948 -40.237504 3.845368 -3.837202
40483 45.964343 -40.134732 3.175100 -4.088211
40484 46.607631 -39.940101 2.428125 -4.239293
40485 47.295885 -39.773665 1.574309 -4.294692
40487 50.003934 -44.285628 4.477283 -2.057270
40488 49.746068 -43.323391 3.578722 -2.712456
40489 51.565811 -44.204684 3.470968 -2.680319
40490 50.534348 -43.175145 3.115744 -2.986439
40491 49.572628 -42.219275 3.060040 -3.301336
40492 49.334951 -41.146990 2.609846 -3.756173
40493 48.768748 -40.155650 1.945970 -4.064079
40494 48.056634 -39.741833 0.789894 -4.231736
40495 48.853173 -39.817321 0.087665 -4.028914
40496 49.612088 -39.951015 -0.636481 -3.714246
40497 50.446252 -39.901903 -1.409025 -3.371146
40498 52.329314 -40.954179 0.228293 -3.177243
40499 51.751181 -40.383021 -0.968876 -3.158720
40500 51.210672 -39.710911 -2.045506 -3.095358
40501 52.076954 -39.425332 -2.733125 -2.957286
40502 53.021239 -39.110650 -3.332166 -2.985523
40503 53.892109 -38.761407 -3.775054 -3.147154
40506 53.433273 -51.580620 4.794154 -2.566201
40507 53.329576 -53.019427 3.852674 -3.026978
40508 53.992135 -51.854375 4.228901 -2.955295
40509 54.337180 -50.513792 4.457194 -2.800283
40510 54.884112 -49.303265 3.946730 -3.024881
40511 55.524647 -48.044536 3.430788 -3.169449
40512 56.099110 -46.822186 2.986986 -3.188038
40513 53.000132 -51.034928 0.999924 -3.785264
40514 54.116021 -50.602012 0.953352 -3.842763
40515 54.950185 -49.898070 1.140552 -3.827455
40516 55.000657 -47.772600 -0.698577 -3.646667
40517 55.333771 -48.342848 0.271212 -3.755316
40518 55.545754 -48.916734 1.398067 -3.728509
40519 56.066991 -47.790789 1.799862 -3.551596
40520 56.426718 -46.654841 2.166045 -3.323331
40521 56.433142 -45.571642 2.195266 -3.088904
40522 56.662560 -44.281990 1.417243 -2.922053
40523 56.633195 -43.037813 0.602694 -2.751994
40524 56.333116 -41.980989 -0.145194 -2.643149
40525 57.940877 -42.419362 -0.886690 -2.811507
40526 57.122314 -41.580815 -0.810897 -2.678226
40527 56.067909 -40.926894 -1.126855 -2.647680
40528 55.703593 -40.050149 -2.199832 -2.787782
40529 55.317253 -39.188866 -3.248154 -3.040415
40530 54.872183 -38.311211 -4.128452 -3.319663
40531 55.756818 -37.800989 -4.368616 -3.323408
40532 56.556110 -37.080676 -4.601475 -3.056838
40533 57.269141 -36.281237 -4.819723 -2.573903
40534 58.950316 -38.048369 -4.065443 -2.530781
41307 52.572497 -37.466298 -4.592343 -3.348372
41308 52.176981 -36.977904 -4.810591 -3.380764
41309 53.030415 -37.197090 -4.745756 -3.436716
41310 53.457133 -36.933339 -4.876340 -3.473083
41311 53.883850 -37.450837 -4.670876 -3.450976
41907 45.858811 -39.357121 0.627349 -4.526392
41908 45.425669 -39.198870 0.304086 -4.529835
41909 46.204773 -39.352573 0.190853 -4.456851
41910 46.547982 -39.356211 -0.222814 -4.340774
41911 46.996724 -39.500819 0.112320 -4.363674
44029 55.338360 -45.866316 3.223498 -2.922954
44030 55.007080 -45.447042 2.989726 -2.874670
44031 55.433798 -45.306072 2.725819 -2.924443
44032 55.515470 -44.746738 2.236359 -2.900862
44033 55.835738 -45.183291 2.441823 -2.960874
44034 50.979419 -53.033070 1.656494 -3.263677
44035 51.712639 -52.983957 1.704893 -3.360288
44036 51.513504 -52.481011 1.428201 -3.448494
44037 56.378082 -43.262456 -4.105622 -2.691290
44038 56.540510 -43.531664 -3.724830 -2.796889
44039 57.098454 -42.991429 -4.038048 -2.761160
44040 57.717883 -42.683113 -3.863632 -2.800643
44041 57.590326 -42.430276 -4.207898 -2.724585
44042 57.960148 -41.839109 -4.300128 -2.677582
44043 57.429734 -42.228370 -4.515637 -2.649212
44307 43.457264 -39.580854 3.980518 -3.600949
44308 43.114054 -39.339840 3.766835 -3.625360
44309 43.719718 -39.544475 3.585114 -3.841904
44310 43.984007 -39.513552 3.196103 -4.049251
44311 44.396959 -39.742743 3.459096 -3.966340
45197 45.555061 -35.861054 -4.141236 -2.566958
45198 45.194416 -35.379026 -4.215203 -2.465054
45199 46.003803 -35.569109 -4.401490 -2.548790
46431 53.917804 -49.943544 5.188645 -2.244617
46432 54.276614 -49.373296 5.020621 -2.374118
46433 54.206870 -49.983561 4.890951 -2.477013
46434 49.623100 -49.766194 -1.452857 -3.071170
46435 50.106713 -49.493348 -1.384369 -3.213992
46436 50.001181 -49.328731 -1.829997 -3.030942
46996 40.536314 -33.964775 0.998097 -1.846790
46997 40.981385 -37.200728 2.459173 -2.897097
46998 40.778580 -36.805101 2.357811 -2.720212
46999 41.074988 -37.287129 1.921314 -3.136349
47000 43.012193 -37.623639 -1.287573 -3.509708
47001 42.339539 -37.289858 -0.988966 -3.403592
47002 42.644206 -37.223465 -1.436420 -3.260526
47003 42.303750 -36.816925 -1.535043 -3.027570
47004 42.964474 -37.166168 -1.833650 -3.108501
47005 43.300342 -37.032473 -2.218095 -2.964875
47006 43.690352 -37.410819 -2.082033 -3.149578
47007 48.873362 -38.987869 -2.394338 -3.231154
47008 48.460410 -38.630441 -2.722166 -3.112688
47009 49.336787 -38.906925 -2.719427 -3.102233
47010 49.746986 -38.725937 -3.055474 -3.015711
47011 50.211328 -39.111559 -2.738604 -3.083837
53359 48.329183 -42.493940 3.846281 -2.904583
53360 47.854747 -42.138330 3.900159 -3.078576
53361 48.218145 -42.016459 3.671866 -3.215344
53362 48.086918 -41.522608 3.462749 -3.496608
53363 48.613661 -41.905502 3.400653 -3.341504
53364 52.271501 -46.040028 5.054408 -1.775902
53365 51.866808 -45.607112 4.896430 -1.851665
53366 52.214605 -45.618026 4.659918 -2.027184
53367 52.171475 -42.475750 1.979757 -3.296217
53368 51.713556 -42.495759 2.215356 -3.338903
53369 51.612612 -42.016459 1.964233 -3.452737
53370 51.077610 -41.518970 1.925880 -3.611864
53371 51.510751 -41.468039 1.669279 -3.535655
53372 51.256556 -40.991468 1.225477 -3.590922
53373 51.942974 -41.404375 1.392588 -3.430085
53374 54.713425 -41.354353 -0.251122 -2.677352
53375 54.090326 -41.061498 -0.431017 -2.740062
53376 54.472078 -40.920528 -0.781675 -2.689405
53377 54.261013 -40.524901 -1.351495 -2.723803
53378 54.895124 -40.783195 -1.075717 -2.667394
53382 54.883195 -51.076764 2.450954 -3.641261
53383 54.860253 -51.176808 2.873753 -3.529685
53384 55.110777 -50.496512 2.557795 -3.614507
53385 55.264946 -49.906255 2.684726 -3.564005
53386 55.322759 -49.794388 2.224488 -3.663740
53387 53.222209 -48.100924 -1.279354 -3.492907
53388 53.461721 -48.530202 -0.787154 -3.642663
53389 53.754458 -47.929941 -1.242827 -3.508725
53390 57.017699 -44.985023 -0.844684 -3.304890
53391 56.619430 -45.663500 -0.512290 -3.412087
53392 57.048900 -45.209666 -0.278518 -3.321631
53393 57.039723 -45.438857 0.283083 -3.319454
53394 57.341637 -44.756742 -0.072141 -3.211797
53395 57.487547 -44.312913 0.100449 -3.090533
53396 57.620609 -44.115554 -0.468457 -3.102833
53397 58.658496 -40.099262 -2.517616 -2.765934
53398 58.332723 -40.343004 -2.201658 -2.766810
53399 58.318040 -39.815502 -2.548664 -2.799983
53400 57.872051 -39.559027 -2.670116 -2.856268
53401 58.239120 -39.288909 -2.923978 -2.848331
53402 58.054668 -38.855084 -3.320294 -2.899030
53403 58.587835 -39.035162 -3.208887 -2.803981
53907 42.484532 -39.522647 5.530171 -2.403182
53908 42.243184 -39.210693 5.363974 -2.413420
53909 42.767174 -39.568121 5.146639 -2.719144
53910 42.990169 -39.599044 4.741190 -3.032095
53911 43.283824 -39.868252 4.951220 -2.968276
54797 49.002754 -36.583187 -4.521116 -2.970220
54798 48.612743 -36.099340 -4.676355 -2.902359
54799 49.528580 -36.273052 -4.760367 -3.039480
54800 51.319875 -35.955641 -5.100067 -3.234028
54801 50.493971 -35.765558 -5.062627 -3.093177
54802 50.922523 -35.479979 -5.168555 -3.046594
54803 50.526089 -34.945201 -5.228824 -2.800731
54804 51.351076 -35.155293 -5.264438 -2.944697
54806 52.186157 -35.331733 -5.286354 -3.060673
54807 54.243577 -36.318526 -5.101893 -3.326741
54808 53.780153 -35.754644 -5.246175 -3.166429
54809 54.618905 -35.968374 -5.187732 -3.144966
54810 54.992398 -35.609127 -5.258959 -2.908673
54811 55.469587 -36.179375 -5.092762 -3.075749
56597 43.007604 -38.661363 1.230956 -4.347507
56598 42.606582 -38.390336 0.978921 -4.223920
56599 43.258129 -38.657725 0.762499 -4.431280
56600 44.614448 -38.865088 -0.339700 -4.375424
56601 43.845439 -38.647721 -0.138802 -4.361006
56602 44.195072 -38.594061 -0.595388 -4.213194
56603 43.795884 -38.296659 -0.839205 -4.003791
56604 44.562140 -38.518574 -1.037364 -4.011786
56605 44.904432 -38.425806 -1.436420 -3.781383
56606 45.299031 -38.667730 -1.163381 -3.979477
56607 47.313320 -39.237978 -1.007229 -3.996054
56608 46.877426 -39.021520 -1.335058 -3.860877
56609 47.704248 -39.189775 -1.372498 -3.791968
56610 48.097012 -39.141572 -1.737767 -3.586989
56611 48.532906 -39.418966 -1.380716 -3.717932
62964 53.753541 -46.060036 4.254469 -2.460773
62965 53.358942 -45.681690 4.028003 -2.495042
62966 53.764553 -45.691694 3.790578 -2.618982
62967 54.260095 -44.536646 2.461912 -2.879035
62968 53.793918 -44.634871 2.713035 -2.860172
62969 53.755376 -44.043705 2.264667 -2.936533
62970 53.224044 -43.512565 2.163305 -3.029188
62971 53.675539 -43.417978 1.894832 -2.986049
62972 53.573677 -42.799527 1.602617 -3.014694
62973 54.106844 -43.307021 1.650102 -2.929887
62974 55.416362 -43.557129 1.394414 -2.808868
62975 54.875853 -43.122395 1.246480 -2.809475
62976 55.252099 -42.975058 1.020013 -2.758102
62977 55.105271 -42.434823 0.639221 -2.715235
62978 55.632015 -42.835907 0.778936 -2.718923
62979 51.395124 -54.430951 2.874666 -2.945252
62980 51.995282 -54.146281 3.026253 -3.021619
62981 52.008129 -53.982574 2.671942 -3.095468
62982 53.109335 -52.748400 1.969713 -3.520347
62983 53.253410 -53.100372 2.330416 -3.424834
62984 53.708575 -52.518300 2.083859 -3.580107
62985 54.186682 -52.110850 2.160566 -3.622253
62986 54.038937 -51.749784 1.715851 -3.709821
62987 54.488596 -45.497064 -2.853663 -2.910559
62988 54.650106 -45.856311 -2.437257 -3.090987
62989 55.055717 -45.196934 -2.770565 -2.984526
62990 56.798376 -44.121011 -2.912106 -3.015615
62991 56.280809 -44.649423 -2.531313 -3.097757
62992 56.867201 -44.335650 -2.413514 -3.116254
62993 56.918591 -44.539375 -1.903051 -3.201393
62994 57.451758 -43.942752 -2.276538 -3.101777
62995 57.872969 -43.529845 -2.048245 -3.056403
62996 57.929865 -43.297926 -2.525834 -3.007705
62997 58.513504 -41.822739 -3.304770 -2.800548
62998 58.532775 -41.982808 -2.847271 -2.845550
62999 58.722733 -41.317064 -2.988813 -2.779886
63000 58.826430 -40.856864 -2.765086 -2.761085
63001 58.945727 -40.661324 -3.222585 -2.722225
63002 59.143027 -40.086529 -3.434441 -2.667452
63003 59.042083 -40.467604 -3.640818 -2.665710
63792 40.846487 -36.774179 4.410622 -1.817294
63793 40.766650 -36.345811 4.291910 -1.723862
63794 40.828134 -36.886955 3.948557 -2.087242
63795 40.836393 -37.005188 3.481013 -2.362168
63796 41.039199 -37.416276 3.597899 -2.493624
63797 41.496199 -38.249366 4.914693 -2.232957
63798 41.287888 -37.922860 4.802373 -2.131066
63799 41.618249 -38.337586 4.507418 -2.544393
63800 42.425801 -38.824161 3.357734 -3.551506
63801 41.921081 -38.503113 3.632599 -3.167938
63802 42.088097 -38.534035 3.165055 -3.464916
63803 41.745806 -38.212987 2.966897 -3.352132
63804 42.279891 -38.578600 2.692945 -3.741747
63805 42.498297 -38.625893 2.209877 -3.989123
63806 42.859859 -38.874183 2.429038 -4.060804
63807 44.581411 -39.438974 2.403469 -4.359923
63808 44.189566 -39.259806 2.087512 -4.417857
63809 44.902597 -39.421694 1.959668 -4.461904
63810 45.219193 -39.414418 1.514953 -4.525905
63811 45.668853 -39.568121 1.834563 -4.439935
66475 47.792345 -35.122551 -4.890037 -2.619681
66476 46.920557 -34.924283 -4.804199 -2.481931
66477 47.401417 -34.629610 -5.005097 -2.418165
70171 53.634243 -47.435180 5.258959 -1.931826
70172 53.691139 -46.875846 4.939349 -2.108445
70173 53.966441 -47.431542 5.034319 -2.141174
70174 54.696907 -48.039989 4.522029 -2.630162
70175 54.561092 -47.449732 4.567688 -2.550745
70176 54.883195 -47.458827 4.306520 -2.741195
70177 55.086918 -46.928596 4.044440 -2.830394
70178 55.232828 -47.460646 3.953123 -2.914863
70179 50.187468 -51.195907 0.275778 -3.459008
70180 50.746330 -51.068579 0.351571 -3.582164
70181 50.537101 -50.555628 -0.073967 -3.553608
70182 51.055586 -48.909458 -1.320447 -3.389922
70183 51.254720 -49.258701 -0.854729 -3.540936
70184 51.563058 -48.683905 -1.281181 -3.433905
70185 52.119167 -48.477452 -1.276615 -3.460247
70186 51.912691 -48.140942 -1.729548 -3.277350
70188 50.645386 -48.248261 -2.527661 -2.779969
70189 50.926194 -47.729854 -2.850924 -2.602207
70190 52.128344 -46.447478 -3.195190 -2.483788
70191 51.875067 -47.006812 -2.907540 -2.662179
70192 52.360515 -46.721233 -2.908454 -2.690859
70193 52.578003 -46.958609 -2.600715 -2.903261
70194 52.848716 -46.371990 -2.892016 -2.727834
70195 53.352518 -46.067312 -2.897496 -2.777036
70196 53.162560 -45.778096 -3.193363 -2.580937
71866 40.679471 -33.919301 -0.902214 -2.043881
71875 41.860515 -37.780071 0.636481 -3.823834
71876 41.330100 -37.375349 0.932349 -3.486657
71877 41.533824 -37.409000 0.461152 -3.567971
71878 41.304406 -36.561359 -0.280344 -3.020668
71879 41.077741 -36.571363 0.202724 -3.024238
71880 40.890536 -36.096611 0.110494 -2.765162
71881 40.632670 -35.582751 0.534206 -2.489109
71882 40.765732 -35.604579 0.031048 -2.527017
71883 40.684060 -35.098905 -0.018263 -2.313748
71884 40.937337 -35.588208 -0.430104 -2.535813
71885 41.808207 -35.899253 -1.735027 -2.631840
71886 41.353042 -35.496350 -1.344190 -2.499150
71887 41.563189 -35.411768 -1.753291 -2.469403
71888 41.347536 -34.884266 -1.788904 -2.327376
71889 41.799948 -35.261703 -2.161479 -2.438522
71890 42.057814 -35.112547 -2.527661 -2.407479
71891 42.329445 -35.650053 -2.479263 -2.525630
71892 43.977583 -36.690506 -2.972376 -2.741708
71893 43.636210 -36.258500 -3.081956 -2.634891
71894 44.334558 -36.511337 -3.295639 -2.668546
71895 44.707133 -36.303974 -3.596072 -2.618782
71896 45.098978 -36.732342 -3.485578 -2.698502
71897 45.620216 -38.203892 -2.192527 -3.328813
71898 45.215523 -37.854649 -2.438170 -3.154684
71899 46.016650 -38.051098 -2.511224 -3.141962
71900 47.646435 -37.872839 -3.273722 -2.911081
71901 46.795753 -37.671842 -3.205235 -2.892612
71902 47.217882 -37.500859 -3.525758 -2.835233
71903 46.789330 -37.119784 -3.762270 -2.772112
71904 47.665706 -37.298043 -3.791491 -2.821140
71905 48.137390 -37.090680 -4.041700 -2.845433
71906 48.559519 -37.504497 -3.862719 -2.876808
71907 50.667411 -38.332129 -3.708392 -2.982419
71908 50.282906 -37.911037 -3.964081 -2.989440
71909 51.162953 -38.089296 -3.990563 -3.034093
71910 51.626378 -37.861015 -4.223422 -3.122933
71911 52.061354 -38.323944 -3.933946 -3.062589
75577 49.955297 -53.836146 2.187961 -2.893905
75578 49.337704 -53.907086 2.208050 -2.792216
75599 48.433797 -53.171312 1.752378 -2.768366
75600 49.013766 -53.127656 1.719503 -2.908800
75601 48.883457 -52.703836 1.461076 -2.949363
75602 49.368905 -52.233631 1.112244 -3.136987
75603 48.758653 -52.274558 1.097633 -2.967023
75605 48.426456 -51.409636 0.210030 -2.912971
90949 44.770452 -41.159723 5.332926 -2.773699
90950 44.235449 -40.805023 5.425156 -2.772141
90951 44.581411 -40.779558 5.096414 -3.022904
90952 44.347405 -40.397573 4.841639 -3.236621
90953 44.924621 -40.711346 4.813331 -3.250962
90957 46.800342 -41.374362 4.056311 -3.400794
90958 46.425014 -41.416198 4.334829 -3.254462
90959 46.202020 -40.971459 4.117494 -3.532037
90960 45.612875 -40.608574 4.167718 -3.626560
90961 45.907447 -40.545819 3.837150 -3.773618
90962 45.627557 -40.196577 3.516626 -3.976380
90963 46.248821 -40.490341 3.521192 -3.895793
90964 47.677636 -40.578561 2.914846 -3.955736
90965 46.997641 -40.284797 2.879232 -4.074620
90966 47.316073 -40.146555 2.540445 -4.133722
90967 46.937075 -39.852791 2.009892 -4.279819
90968 47.668459 -40.031960 2.143215 -4.171170
90972 50.897746 -44.698535 4.437104 -2.081435
90973 50.517830 -44.716725 4.678181 -1.909316
90974 50.405874 -44.251977 4.209724 -2.227150
90975 49.885554 -43.841799 3.994215 -2.386686
90976 50.290247 -43.768130 3.766835 -2.548498
90977 52.441270 -44.744009 3.509321 -2.663628
90978 52.036577 -44.749466 3.738527 -2.546411
90979 51.926456 -44.171033 3.247240 -2.789705
90980 50.863792 -42.504854 2.648199 -3.313710
90981 50.956477 -43.093291 2.925804 -3.088356
90982 50.471946 -42.581250 2.832660 -3.245022
90983 50.076430 -42.677656 3.040864 -3.144966
90984 49.991086 -42.094675 2.799786 -3.398904
90985 49.474437 -41.660850 2.832660 -3.547359
90986 49.886472 -41.563535 2.576972 -3.615786
90987 49.853436 -40.495798 1.777033 -3.909810
90988 49.476273 -40.493069 2.095730 -3.936460
90989 49.135816 -40.097443 1.621794 -4.042734
90990 48.388832 -39.858248 1.400806 -4.165551
90991 48.782513 -39.893718 1.013621 -4.113687
90992 48.449398 -39.760023 0.434670 -4.147641
90993 49.162429 -39.961929 0.635568 -4.026196
90994 50.698611 -40.452142 0.065748 -3.622500
90995 49.976404 -40.187482 -0.093144 -3.758868
90996 50.366414 -40.209309 -0.486721 -3.596193
90997 50.037888 -39.982847 -1.019100 -3.539956
90998 50.760095 -40.192939 -0.860208 -3.429691
90999 53.265339 -41.681768 0.988052 -3.036748
91000 52.637652 -41.314336 0.802678 -3.171652
91001 52.963425 -41.307060 0.490373 -3.040234
91002 52.738596 -40.567647 -1.037364 -2.927549
91003 52.391716 -40.644954 -0.696750 -3.039215
91004 52.126509 -40.311172 -1.315881 -3.032540
91005 51.503410 -40.061973 -1.528650 -3.132167
91006 51.888832 -39.946468 -1.880222 -3.020971
91007 51.640143 -39.586311 -2.405296 -3.006200
91008 52.286184 -39.806407 -2.230880 -2.944555
91009 53.881097 -39.751838 -2.560535 -2.855947
91010 53.195596 -39.513552 -2.812571 -2.909502
91011 53.667280 -39.346207 -3.101133 -2.949162
91012 53.452544 -38.934209 -3.554066 -3.055030
91013 54.105009 -39.204327 -3.350429 -3.018284
91021 53.117594 -52.229993 4.602388 -2.657308
91022 53.056110 -53.509641 3.380564 -3.130498
91023 52.914789 -53.508731 3.677345 -3.025600
91024 53.533299 -53.042165 3.546761 -3.154042
91025 54.605140 -51.249567 3.684650 -3.247541
91026 54.227977 -51.910763 3.913856 -3.126608
91027 54.417017 -51.229558 4.046266 -3.076258
91028 54.187599 -51.156799 4.355832 -2.886170
91029 54.488596 -50.577456 4.144889 -3.005143
91030 54.628082 -49.918988 4.206071 -2.918197
91031 54.802439 -49.938996 3.866371 -3.115134
91032 55.610908 -48.636612 2.957765 -3.402937
91033 55.426456 -48.663896 3.324860 -3.270455
91034 55.770583 -48.012704 3.088349 -3.301780
91035 55.858680 -47.415171 3.217106 -3.195302
91036 56.048638 -47.376063 2.865534 -3.298954
91037 52.020976 -50.665676 0.535119 -3.747284
91038 52.380704 -51.184084 0.928696 -3.731892
91039 52.686288 -50.497421 0.632828 -3.797831
91040 54.054537 -49.443326 0.080359 -3.826012
91041 53.838884 -50.193653 0.523248 -3.851083
91042 54.354616 -49.914440 0.537858 -3.854857
91043 54.528973 -50.285511 1.005403 -3.845121
91044 54.774909 -49.562469 0.599041 -3.841601
91045 55.101600 -46.672121 -1.544174 -3.413513
91046 54.785004 -47.383339 -1.162468 -3.535596
91047 55.265864 -47.066838 -1.028232 -3.536033
91048 55.922917 -47.204170 0.204551 -3.611231
91049 55.575119 -47.628901 -0.072141 -3.675853
91050 55.684322 -47.901747 0.507724 -3.694457
91051 55.464998 -48.649345 0.841032 -3.756707
91052 55.789854 -48.163679 1.059280 -3.684008
91053 55.819220 -48.361037 1.571569 -3.648565
91054 56.077086 -47.675284 1.263830 -3.592788
91055 56.870872 -45.891781 1.388022 -3.278048
91056 56.571711 -46.560254 1.682976 -3.368271
91057 56.706608 -46.020928 1.846434 -3.244911
91058 56.499215 -46.125519 2.227227 -3.203350
91059 56.757998 -45.449771 1.820865 -3.122843
91060 56.558863 -44.935002 1.817213 -3.010034
91061 56.895649 -44.772203 1.448291 -3.030298
91062 57.387521 -43.346129 0.232859 -2.852760
91063 57.049818 -43.473457 0.650179 -2.839200
91064 57.041559 -42.881381 0.255688 -2.756266
91065 56.499215 -42.512129 0.202724 -2.686168
91066 56.920426 -42.373887 -0.091317 -2.692283
91067 58.307028 -42.665833 -1.463815 -2.907889
91068 58.181307 -42.851368 -1.005403 -2.903407
91069 58.207002 -42.219275 -1.285747 -2.827976
91070 57.538019 -40.779558 -1.559698 -2.716621
91071 57.571973 -41.374362 -1.132334 -2.707975
91072 57.086524 -41.003291 -1.222738 -2.680732
91073 56.614841 -41.198831 -0.920478 -2.648970
91074 56.537757 -40.718622 -1.403546 -2.678836
91075 55.905481 -40.493979 -1.637318 -2.701003
91076 56.379000 -40.294801 -1.901225 -2.744664
91077 56.519403 -39.201598 -3.154097 -3.017991
91078 56.089015 -39.443522 -2.965983 -2.967926
91079 55.819220 -38.994235 -3.435354 -3.106387
91080 55.133719 -38.791420 -3.754964 -3.185103
91081 55.642109 -38.578600 -3.911117 -3.241797
91082 55.323677 -38.072926 -4.250817 -3.352574
91083 56.078003 -38.313030 -4.013392 -3.252590
91084 57.568302 -37.870110 -4.094664 -2.946022
91085 56.865366 -37.704584 -4.303781 -3.088686
91086 57.238858 -37.341698 -4.403317 -2.914205
91087 56.918591 -36.687778 -4.710142 -2.834575
91088 57.625198 -36.950619 -4.505592 -2.691929
91089 59.312796 -38.934209 -3.880069 -2.538346
91090 59.084296 -38.591333 -3.811581 -2.601127
91091 59.280678 -38.333948 -4.135757 -2.450335
92250 42.277138 -39.527195 5.928314 -2.099628
92251 42.739644 -39.851881 5.706413 -2.350410
92783 50.826168 -36.984270 -4.609693 -3.195829
92784 50.424228 -36.483143 -4.796894 -3.172102
92785 51.286839 -36.735071 -4.814244 -3.289473
92786 51.737416 -36.452221 -4.974962 -3.346403
92787 52.165969 -36.134810 -5.096414 -3.345266
92788 52.573415 -35.855597 -5.200516 -3.274989
92789 52.998297 -36.378552 -5.058974 -3.415889
92790 53.868250 -36.658674 -5.005097 -3.438437
92791 54.706084 -36.892412 -4.900082 -3.410470
93863 44.344652 -39.089732 0.880298 -4.584684
93864 43.919770 -38.909653 0.593562 -4.540473
93865 44.670426 -39.077908 0.435583 -4.565513
93866 45.009047 -39.041529 -0.013698 -4.481314
93867 45.361432 -38.992416 -0.464805 -4.337270
93868 45.733090 -38.927843 -0.883951 -4.145836
93869 46.133194 -39.156124 -0.563427 -4.268275
93870 46.918721 -39.289819 -0.631915 -4.183702
93871 47.777662 -39.424423 -0.645613 -4.090875
97683 54.578528 -46.079136 3.787838 -2.728560
97684 54.225224 -45.646220 3.548587 -2.723499
97685 54.604222 -45.567095 3.266417 -2.808443
97686 54.639094 -45.065058 2.709382 -2.858807
97687 54.681307 -44.450245 2.229053 -2.881544
97688 54.641847 -43.820881 1.765162 -2.882239
97689 55.082329 -44.318370 2.008066 -2.873140
97690 55.477846 -44.156481 1.792557 -2.859414
97691 55.887127 -44.000959 1.601704 -2.845548
97692 51.295098 -53.794310 2.257362 -3.087980
97693 51.982434 -53.720642 2.323110 -3.177623
97694 51.910856 -53.389588 1.989802 -3.267355
97695 52.426587 -52.897556 1.819039 -3.446260
97696 52.910200 -52.292748 1.631839 -3.609022
97697 55.327348 -44.302908 -3.418004 -2.753911
97698 55.500788 -44.618500 -3.048169 -2.901934
97699 56.038543 -44.076446 -3.371432 -2.841170
97700 56.699267 -43.795415 -3.330339 -2.906807
97701 57.356320 -43.479823 -3.218019 -2.942517
97702 57.906005 -43.103296 -2.984247 -2.945955
97703 57.825250 -42.911394 -3.434441 -2.875505
97704 58.183142 -42.311133 -3.603378 -2.811224
97705 58.474044 -41.619014 -3.729395 -2.745706
97706 58.783300 -40.899610 -3.843542 -2.674438
97707 58.420819 -41.376181 -4.084619 -2.682462
97708 58.291427 -41.200650 -4.462673 -2.611634
98181 40.887783 -36.681411 4.876340 -1.558270
98182 40.962114 -37.199819 4.571340 -1.917868
98183 42.351469 -39.016973 4.407882 -3.018135
98184 42.051390 -38.702290 4.256296 -2.952183
98185 42.553357 -39.057900 4.000608 -3.322311
98186 42.757998 -39.083365 3.579635 -3.606903
98187 42.976404 -39.098826 3.146792 -3.866047
98188 43.233352 -39.066085 2.682900 -4.094744
98189 43.595832 -39.295276 2.938588 -4.091248
98190 44.251967 -39.486268 2.806178 -4.222055
98191 44.987940 -39.632695 2.693858 -4.267550
99790 48.799031 -34.436798 -5.181339 -2.480839
99791 47.892371 -34.314927 -5.215127 -2.329377
102007 54.011406 -48.640250 5.347537 -2.052094
102008 54.169246 -48.078187 5.106459 -2.199872
102009 54.286708 -48.713009 5.114678 -2.279502
102010 54.511538 -48.676629 4.770412 -2.505091
102011 54.719849 -48.662077 4.416101 -2.723118
102012 49.850683 -50.287330 -0.617304 -3.344092
102013 50.371920 -50.049954 -0.501332 -3.481283
102014 50.216834 -49.725267 -0.936002 -3.366512
102015 50.571055 -49.185942 -1.323187 -3.319089
102016 50.934453 -48.612965 -1.757857 -3.206902
102018 51.144600 -47.136868 -3.164142 -2.418191
102019 51.338229 -46.532969 -3.408872 -2.247723
102020 51.881490 -46.160989 -3.435354 -2.287529
102021 52.384374 -45.838122 -3.430788 -2.335659
102022 52.920295 -45.538901 -3.452704 -2.396204
103024 40.532644 -34.010249 0.023742 -1.964289
103025 40.634505 -36.137538 3.228064 -2.100457
103027 40.613399 -36.236672 2.752301 -2.326511
103028 40.639094 -36.359453 2.275625 -2.538213
103029 40.671212 -36.414932 1.755117 -2.724839
103030 42.387258 -37.744601 -0.351571 -3.793618
103031 41.766912 -37.409910 0.001826 -3.576077
103032 42.035790 -37.349884 -0.502245 -3.516039
103033 41.737547 -36.931520 -0.619131 -3.238285
103034 41.538412 -36.521342 -0.757933 -2.975196
103035 41.320006 -36.047499 -0.832813 -2.735746
103036 41.772418 -36.446764 -1.250133 -2.902426
103037 42.036708 -36.368548 -1.662887 -2.817423
103038 42.321186 -36.273961 -2.061030 -2.732475
103039 42.619429 -36.160275 -2.440909 -2.655432
103040 42.962638 -36.605924 -2.350505 -2.800665
103041 43.637127 -36.875132 -2.595236 -2.840808
103042 44.377688 -37.109779 -2.826268 -2.861115
103043 47.202282 -38.534035 -2.309413 -3.279834
103044 46.767306 -38.223900 -2.574233 -3.129722
103045 47.615234 -38.402160 -2.656418 -3.120460
103046 48.052046 -38.250275 -3.016208 -3.003925
103047 48.505376 -38.083839 -3.350429 -2.933940
103048 48.964212 -37.905580 -3.652689 -2.911536
103049 49.346881 -38.304845 -3.367779 -2.957189
103050 50.190221 -38.530397 -3.387869 -2.975428
103051 51.103305 -38.708657 -3.423483 -2.983104
105266 48.099765 -52.314575 1.076630 -2.779746
114475 44.993446 -41.528974 5.561219 -2.498660
114476 45.325643 -41.535341 5.258046 -2.711764
114477 47.545491 -42.632182 4.357658 -2.598718
114478 47.082067 -42.238374 4.396011 -2.779270
114479 47.459230 -42.200176 4.137583 -2.932883
114480 47.401417 -41.763622 3.959515 -3.246270
114481 47.158234 -41.287051 3.785099 -3.530639
114482 46.875591 -40.815028 3.514800 -3.780910
114483 47.513373 -41.167908 3.508408 -3.644869
114484 47.909807 -41.050585 3.215279 -3.743763
114485 48.352125 -40.941446 2.907540 -3.826249
114488 51.518092 -45.577099 5.110112 -1.674838
114489 51.391454 -45.157826 4.666310 -1.954687
114490 51.287757 -44.706720 4.193287 -2.249457
114491 52.323808 -43.641712 2.707556 -3.045484
114492 51.858548 -43.652626 2.912106 -3.006822
114493 51.800735 -43.030537 2.559622 -3.190720
114494 51.255638 -42.493940 2.463739 -3.345609
114495 50.748166 -42.020097 2.409862 -3.501559
114496 50.287494 -41.511694 2.339547 -3.652326
114497 50.675670 -41.489867 2.117646 -3.651620
114498 50.504983 -41.004201 1.876569 -3.765762
114499 50.227846 -40.554914 1.417243 -3.845980
114500 49.887390 -40.242051 0.848337 -3.893023
114501 50.600421 -40.592203 1.047409 -3.747203
114502 50.992266 -40.650410 0.652918 -3.620092
114503 51.365759 -40.689518 0.283083 -3.474530
114504 53.951758 -41.591729 0.395404 -2.819826
114505 53.320400 -41.306150 0.186287 -2.919953
114506 53.713163 -41.192464 -0.083099 -2.818065
114507 53.410331 -40.805933 -0.708622 -2.826588
114508 53.156136 -40.438500 -1.343276 -2.844785
114509 52.918459 -40.077434 -1.947796 -2.871722
114510 53.585607 -40.296620 -1.654668 -2.795092
114511 54.061878 -40.151102 -1.970626 -2.779860
114512 54.598716 -40.014679 -2.263754 -2.797450
114517 52.348585 -53.274084 4.203332 -2.783343
114518 54.241742 -52.470098 3.021687 -3.410311
114519 54.123362 -52.536490 3.373258 -3.288048
114520 54.566598 -51.900759 3.170534 -3.417171
114521 54.753803 -51.241381 3.281028 -3.398637
114522 54.863923 -50.561995 3.395174 -3.355313
114523 54.988727 -49.940815 3.499276 -3.289773
114524 55.164002 -49.936268 3.117570 -3.439570
114525 55.462245 -49.284166 2.825355 -3.492147
114526 55.725617 -48.589318 2.579712 -3.508980
114527 52.635816 -49.319636 -0.279431 -3.728243
114528 52.943236 -49.817125 0.178982 -3.801548
114529 53.224044 -49.158657 -0.323263 -3.745930
114530 53.751705 -48.977669 -0.354311 -3.755178
114531 54.275696 -48.738474 -0.360703 -3.755767
114532 56.050473 -45.880868 -1.241001 -3.411144
114533 55.701758 -46.640289 -0.923217 -3.518732
114534 56.132146 -46.160080 -0.727798 -3.478227
114535 56.241349 -46.436564 -0.143368 -3.515258
114536 56.290903 -46.736694 0.412754 -3.525842
114537 56.319351 -46.975889 0.957005 -3.514772
114538 56.648795 -46.188274 0.582604 -3.421805
114539 56.966309 -45.711703 0.809984 -3.303544
114540 57.179209 -45.184201 0.967963 -3.177296
114541 57.183798 -44.625776 1.030058 -3.050868
114542 57.369167 -44.481168 0.585343 -3.071766
114543 57.512324 -43.855441 0.218248 -2.967401
114544 57.654563 -43.205158 -0.164371 -2.871016
114545 58.509833 -41.309788 -1.925880 -2.787392
114546 58.271239 -41.550802 -1.527737 -2.778230
114547 58.305193 -40.899610 -1.842782 -2.757960
114548 57.956477 -40.558552 -1.886614 -2.748059
114549 57.471947 -40.306625 -1.981584 -2.760105
114550 56.896566 -40.106537 -2.149607 -2.793224
114551 57.413216 -39.843696 -2.406209 -2.834499
114552 57.253541 -39.392591 -2.880145 -2.931286
114553 57.002099 -39.001511 -3.341297 -3.037160
114554 56.782775 -38.581329 -3.768662 -3.134517
114555 57.437993 -38.747765 -3.537629 -3.012406
114556 57.812403 -38.402160 -3.758617 -2.936770
114557 58.162953 -38.079292 -3.948557 -2.810290
114558 59.396304 -38.516755 -4.651699 -2.243257
114559 59.388045 -38.142956 -4.485502 -2.276798
115404 41.368643 -38.127495 5.406893 -1.932444
115405 41.714605 -38.559501 5.105546 -2.320531
115406 41.765077 -38.846899 5.655276 -2.074697
115407 41.949529 -38.892373 5.236130 -2.383739
115408 42.144993 -38.944214 4.819723 -2.702015
115409 42.673572 -39.312556 4.556729 -3.047300
115410 43.205822 -39.608139 4.345787 -3.329101
115411 43.818826 -39.828235 4.197853 -3.528870
116651 47.244495 -36.199383 -4.451715 -2.744091
116652 46.817778 -35.771925 -4.543945 -2.650984
116653 47.703331 -35.904710 -4.629783 -2.770349
116654 48.191532 -35.618221 -4.772238 -2.784916
116655 48.716440 -35.321729 -4.908301 -2.773865
116656 50.023205 -36.007482 -4.935696 -3.086770
116657 49.604747 -35.505445 -4.977702 -2.935540
116658 49.234925 -34.976124 -5.071759 -2.727401
116659 49.693761 -34.658713 -5.202342 -2.641814
116665 52.967096 -34.675993 -5.449812 -2.679592
116666 52.958837 -35.530911 -5.282701 -3.137283
116667 53.342424 -35.201677 -5.351189 -2.943740
116668 53.742529 -34.883356 -5.405980 -2.710461
116669 54.537232 -35.064344 -5.399587 -2.695487
116670 55.326430 -35.223504 -5.305531 -2.636471
116671 56.144076 -35.396307 -5.210561 -2.541091
119171 41.807290 -38.036546 1.812647 -3.730890
119172 41.471422 -37.696398 1.625447 -3.548355
119173 41.999083 -38.070197 1.298531 -3.922100
119174 42.217489 -38.104758 0.782589 -4.046956
119175 42.469849 -38.095663 0.307739 -4.091753
119176 43.542607 -38.673187 0.322350 -4.436555
119177 43.149844 -38.384879 0.065748 -4.271352
119178 42.761668 -38.082930 -0.165284 -4.051944
119179 43.080100 -38.056555 -0.631002 -3.935760
119180 43.388438 -37.977430 -1.069325 -3.763108
119181 43.735318 -37.892847 -1.485731 -3.560205
119182 44.096881 -37.779161 -1.897572 -3.352695
119183 44.470373 -38.110215 -1.669279 -3.567269
119184 45.255900 -38.326672 -1.829997 -3.546811
119185 46.053357 -38.522212 -1.907617 -3.513012
119186 46.103829 -38.853265 -1.276615 -3.925118
119187 46.452544 -38.785963 -1.644623 -3.695255
119188 46.816860 -38.666820 -1.976105 -3.475093
119189 47.648270 -38.839623 -2.035461 -3.436473
119190 48.468669 -39.068813 -2.068335 -3.395916
119191 49.366152 -39.305280 -2.068335 -3.349277
128082 48.026351 -43.029627 4.349439 -2.413619
128083 48.432880 -42.949592 4.088272 -2.572392
128084 48.825643 -42.902299 3.814320 -2.728989
128085 52.957919 -45.985459 4.623391 -2.134548
128086 52.573415 -45.617116 4.416101 -2.195953
128087 52.974437 -45.660772 4.251730 -2.353168
128088 52.919377 -45.253322 3.775054 -2.563561
128089 52.890929 -44.710358 3.269157 -2.755102
128090 53.781071 -45.196934 3.262764 -2.753912
128091 53.330494 -44.683074 2.991552 -2.820028
128092 52.827610 -44.184675 2.790654 -2.919147
128093 52.759702 -43.571681 2.443649 -3.051373
128094 52.700053 -42.974149 2.062856 -3.151757
128095 52.594521 -42.392987 1.791644 -3.224091
128096 52.448611 -41.823648 1.501255 -3.273615
128097 53.033168 -42.308404 1.552393 -3.131860
128098 53.430520 -42.228370 1.302184 -3.029521
128099 53.809519 -42.166525 1.038277 -2.926588
128100 54.498690 -43.237900 1.451031 -2.868687
128101 54.310567 -42.667652 1.140552 -2.849199
128102 54.184846 -42.093766 0.784415 -2.831164
128103 54.576692 -41.969166 0.514116 -2.749653
128104 54.970373 -41.833652 0.236512 -2.686807
128105 55.369561 -41.760894 -0.031961 -2.645482
128108 51.846619 -54.239049 3.337645 -2.953495
128109 52.528449 -53.877983 3.194276 -3.084986
128110 53.183666 -53.439610 3.036298 -3.229953
128111 52.659676 -53.571486 2.482002 -3.258787
128112 53.300211 -53.277722 2.682900 -3.327529
128113 53.790248 -53.000328 2.839966 -3.379411
128114 54.256425 -52.338222 2.595236 -3.521617
128115 54.571186 -51.608814 2.292975 -3.643473
128116 54.777662 -50.839388 1.975192 -3.732977
128117 53.693892 -46.756703 -2.127691 -3.176830
128118 53.969194 -47.206899 -1.696674 -3.362259
128119 54.248166 -46.504775 -2.085685 -3.219156
128120 54.861170 -46.259214 -1.997108 -3.262157
128121 55.442974 -45.965450 -1.880222 -3.297030
128122 55.687075 -44.935911 -2.639068 -3.050684
128123 55.858680 -45.286973 -2.187048 -3.191246
128124 55.962377 -45.595289 -1.726809 -3.314046
128125 56.461590 -45.186929 -1.533216 -3.304878
128126 56.955297 -44.762199 -1.390761 -3.265188
128127 57.403121 -44.339288 -1.254699 -3.196021
128128 57.727977 -43.919105 -1.028232 -3.103563
128129 57.811485 -43.719018 -1.553306 -3.088706
128130 58.201496 -43.125123 -1.701240 -2.988010
128131 58.404301 -42.438461 -1.914009 -2.900176
128132 58.278580 -42.663104 -2.672855 -2.921588
128133 58.485974 -42.190171 -2.372421 -2.879236
128134 58.569482 -41.732699 -2.126778 -2.830771
128135 58.687862 -41.078779 -2.336808 -2.782466
128136 58.832854 -40.434862 -2.621718 -2.754146
128137 58.925539 -39.877347 -2.861882 -2.740544
128138 58.930127 -39.302551 -3.178753 -2.733036
128139 59.126509 -39.682717 -3.228064 -2.688133
128140 59.240300 -39.513552 -3.646297 -2.608620
128141 59.334820 -39.343478 -4.031655 -2.504139
128142 59.072366 -40.298439 -4.055398 -2.592348
128143 59.244888 -39.773665 -4.200592 -2.494876
128144 59.362350 -39.188866 -4.415188 -2.378780
129188 40.868512 -35.797390 4.633436 -1.412536
129189 40.748297 -35.911986 4.185982 -1.637518
129190 40.684060 -36.038404 3.707479 -1.868607
129191 40.710672 -36.578639 3.346776 -2.230724
129192 40.897877 -37.087952 3.003424 -2.635097
129193 41.213556 -37.547242 2.631762 -3.064247
129194 41.086000 -37.421733 5.198690 -1.739981
129195 41.110777 -37.563613 4.724753 -2.023826
129196 41.166755 -37.683665 4.230727 -2.320293
129197 41.762324 -38.425806 4.079140 -2.858634
129198 41.498952 -38.121128 3.916596 -2.746398
129199 41.264028 -37.785528 3.743093 -2.622900
129200 41.353960 -37.845554 3.266417 -2.924628
129201 41.464998 -37.898304 2.782436 -3.217288
129202 41.631097 -37.992891 2.307586 -3.490490
129203 42.157840 -38.353957 1.995281 -3.878958
129204 42.769010 -38.667730 1.716764 -4.195530
129205 43.370085 -38.884188 1.526824 -4.417555
129206 43.504065 -39.067904 2.230880 -4.287777
129207 43.777531 -39.081546 1.782512 -4.438826
129208 44.043656 -39.083365 1.316794 -4.540406
129209 44.774123 -39.247982 1.198995 -4.576708
129210 45.525696 -39.373491 1.073891 -4.548613
129211 46.318564 -39.514462 0.939654 -4.479103
132586 46.458968 -35.250789 -4.621565 -2.523352
132587 46.079969 -34.734200 -4.689139 -2.366235
132589 47.002230 -34.128482 -5.165815 -2.196570
137257 52.364186 -46.516599 5.458944 -1.543203
137258 52.671606 -46.442021 5.178600 -1.729365
137267 52.986367 -46.394727 4.940262 -1.918174
137268 53.322235 -46.386542 4.781370 -2.105494
137269 53.676456 -46.405641 4.649873 -2.287542
137270 54.059125 -46.435654 4.428885 -2.460668
137271 54.263766 -47.444275 4.808765 -2.349013
137272 54.311485 -46.889488 4.532987 -2.492200
137273 54.458313 -46.490224 4.200592 -2.621288
137274 54.845570 -46.502956 3.944904 -2.765957
137275 55.198874 -46.444749 3.635339 -2.891929
137276 55.625591 -46.317421 3.345863 -2.997610
137277 50.599503 -52.091751 1.068412 -3.414387
137278 51.287757 -51.971699 1.125028 -3.521793
137279 51.021632 -51.547878 0.781675 -3.569460
137280 51.394207 -50.849393 0.477589 -3.676881
137281 51.693368 -50.193653 0.130584 -3.722074
137282 50.912429 -49.849867 -0.456586 -3.582738
137283 51.494233 -49.664332 -0.355224 -3.653057
137284 52.049424 -49.481525 -0.270299 -3.699163
137285 52.361433 -48.865802 -0.757933 -3.612941
137286 52.675276 -48.250080 -1.280267 -3.477761
137287 52.965261 -47.658914 -1.766075 -3.313485
137288 50.328790 -48.774854 -2.200745 -2.929505
137289 50.838097 -48.423792 -2.163305 -3.000474
137290 51.287757 -48.140032 -2.190700 -3.045327
137291 51.431831 -47.356964 -2.907540 -2.635324
137292 51.605271 -47.597978 -2.614412 -2.856064
137293 51.752099 -47.848996 -2.197092 -3.072931
137294 52.271501 -47.551594 -2.232706 -3.092927
137295 52.743184 -47.267835 -2.226314 -3.113728
137296 53.209361 -47.007721 -2.156000 -3.141025
137297 53.521370 -46.392908 -2.537706 -2.978427
137298 53.894862 -45.819932 -2.895669 -2.839036
137299 54.319744 -45.218761 -3.140399 -2.730736
137300 53.538805 -45.221490 -3.499276 -2.471105
137301 54.107762 -44.909536 -3.470055 -2.559308
137302 54.692319 -44.573026 -3.467315 -2.656298
137303 55.183273 -43.984588 -3.744006 -2.613680
139367 41.181438 -37.328056 1.419070 -3.338234
139368 40.911642 -36.902416 1.340537 -3.110049
139369 40.748297 -36.483143 1.231869 -2.874367
139370 41.304406 -37.030654 0.315044 -3.296044
139371 40.869429 -36.546807 0.715927 -2.976093
139372 40.624411 -36.023852 1.120462 -2.640888
139373 40.539067 -35.539096 1.035537 -2.417198
139374 40.514290 -35.062525 0.999924 -2.208510
139375 40.517043 -34.526838 0.966136 -2.017852
139376 40.550079 -34.550484 0.489460 -2.080759
139377 40.605140 -34.575040 0.032874 -2.126404
139378 40.679471 -34.562308 -0.427365 -2.158194
139379 41.140142 -35.557286 -0.892169 -2.523628
139380 40.968538 -35.034331 -0.920478 -2.339002
139381 40.782250 -34.474997 -0.894909 -2.179936
139382 40.960279 -34.414971 -1.373411 -2.194427
139383 41.155743 -34.339483 -1.820865 -2.202753
139388 42.954379 -35.960188 -2.790654 -2.589629
139389 43.284741 -35.784657 -3.128528 -2.534800
139391 44.351994 -35.852869 -3.673692 -2.535862
139392 45.104484 -36.080241 -3.879156 -2.587355
139393 45.951495 -36.296698 -4.066356 -2.647959
139394 44.431831 -37.611816 -2.303934 -3.160843
139395 44.822759 -37.495402 -2.670116 -2.998037
139396 45.178816 -37.338060 -3.014382 -2.871318
139397 46.396566 -37.851011 -2.866448 -2.995146
139398 45.956084 -37.519048 -3.107525 -2.879970
139399 45.511931 -37.144340 -3.337645 -2.782923
139400 45.901941 -36.926063 -3.620728 -2.731596
139401 46.359859 -36.729614 -3.912030 -2.713197
139402 46.815942 -36.504061 -4.196026 -2.720710
139403 47.656530 -36.661402 -4.265428 -2.805591
139404 48.608155 -36.858761 -4.288257 -2.899565
139405 49.510226 -37.037020 -4.346700 -2.997125
139406 49.431307 -37.712769 -3.919335 -2.934856
139407 49.920426 -37.479031 -4.170458 -2.998292
139408 50.401286 -37.230741 -4.403317 -3.091029
139409 51.231779 -37.443561 -4.439843 -3.172986
139410 52.088884 -37.657290 -4.415188 -3.234870
139411 52.986367 -37.903761 -4.366790 -3.269601
143887 50.860122 -54.719258 3.114831 -2.814865
143888 50.823415 -54.564645 2.759607 -2.860920
143890 50.248952 -54.588292 2.702990 -2.773006
143891 50.772025 -54.212674 2.508484 -2.920437
143892 50.615103 -53.815228 2.211703 -2.992810
143893 50.436157 -53.404140 1.940491 -3.073961
143894 50.214998 -53.021246 1.714024 -3.156525
143918 48.749477 -53.926185 2.189787 -2.688097
143919 49.174359 -53.513279 1.974278 -2.853397
143920 49.623100 -53.043984 1.710372 -3.038358
143921 50.101207 -52.581055 1.393501 -3.230865
143922 49.958968 -52.148139 1.054714 -3.286416
143923 49.796540 -51.721590 0.680313 -3.313598
143924 49.619429 -51.277761 0.271212 -3.305290
143925 48.591637 -51.837095 0.679400 -2.955935
143926 49.015601 -51.369619 0.282170 -3.121869
143927 49.461590 -50.810285 -0.223727 -3.257687
143928 49.307421 -50.446490 -0.684879 -3.170539
143929 49.203724 -50.190015 -1.101286 -3.046804
162386 42.944285 -40.186572 5.981278 -2.255910
162387 43.190221 -40.147464 5.601399 -2.555530
162388 43.911511 -40.817756 5.772162 -2.505033
162389 43.715129 -40.457599 5.514647 -2.699263
162390 43.491217 -40.123818 5.257133 -2.856009
162391 43.805061 -40.111085 4.892777 -3.143352
162392 44.120740 -40.098352 4.525682 -3.406960
162393 44.433666 -40.073796 4.154934 -3.640076
162395 45.867070 -41.890950 5.113765 -2.599246
162396 45.658758 -41.470767 4.958525 -2.909719
162397 46.580101 -41.833652 4.491894 -2.946937
162398 46.023991 -41.424383 4.647134 -3.090839
162399 45.502754 -41.056951 4.756714 -3.197370
162400 45.287101 -40.663143 4.494634 -3.452586
162401 45.037494 -40.319357 4.187808 -3.668161
162402 44.718145 -40.021046 3.807015 -3.839787
162403 45.008129 -39.961020 3.468228 -4.005992
162404 45.311878 -39.894627 3.127615 -4.140397
162405 45.608286 -39.812773 2.717601 -4.245397
162406 46.627819 -40.401211 3.202495 -3.995472
162407 46.299293 -40.028322 2.821702 -4.175317
162408 45.932224 -39.734558 2.323110 -4.322883
162409 46.265339 -39.666346 1.926793 -4.373357
162410 46.623231 -39.623600 1.455597 -4.395352
162411 47.015995 -39.629967 1.026406 -4.385988
162418 49.468931 -43.819062 4.282778 -2.219977
162419 49.317515 -43.393422 3.856326 -2.555274
162420 49.235843 -42.864101 3.549501 -2.880059
162421 52.122838 -45.212395 4.207898 -2.287996
162422 51.660331 -44.743100 3.965907 -2.406599
162423 51.184977 -44.217417 3.713872 -2.545781
162424 51.413478 -43.641712 3.078304 -2.934056
162425 51.068433 -43.648988 3.230803 -2.829541
162426 50.685764 -43.699009 3.507495 -2.698621
162427 50.168197 -43.228805 3.325773 -2.858600
162428 49.665313 -42.789523 3.289246 -3.020841
162429 49.142240 -42.345693 3.335818 -3.182373
162430 49.037626 -41.792726 3.117570 -3.453779
162431 48.960541 -41.306150 2.869187 -3.689812
162432 48.750394 -40.795019 2.610759 -3.889274
162433 49.691008 -41.016024 2.372421 -3.794641
162434 49.084427 -40.600389 2.332242 -3.927979
162435 48.409020 -40.285706 2.254622 -4.053280
162436 48.038281 -39.936464 1.756943 -4.183313
162437 47.672130 -39.747290 1.164295 -4.279999
162438 47.385816 -39.639971 0.609999 -4.341545
162439 47.707919 -39.638152 0.207290 -4.259717
162440 48.129130 -39.597225 -0.115973 -4.141145
162441 48.502623 -39.622691 -0.473023 -3.990893
162442 49.545098 -40.056516 0.267559 -3.905609
162443 49.220242 -39.893718 -0.265733 -3.881233
162444 48.851338 -39.685445 -0.852903 -3.818192
162445 49.244102 -39.688174 -1.190777 -3.635303
162446 49.671737 -39.662708 -1.543261 -3.455550
162447 50.114054 -39.589040 -1.906704 -3.291721
162448 52.349503 -41.354353 1.115896 -3.305087
162449 52.007211 -40.962364 0.548817 -3.321142
162450 51.708050 -40.694975 -0.047485 -3.321906
162451 52.708313 -40.993287 -0.068488 -3.041319
162452 52.050342 -40.684971 -0.366182 -3.173455
162453 51.409807 -40.432134 -0.635568 -3.305780
162454 51.137258 -40.148374 -1.190777 -3.271406
162455 50.829838 -39.808226 -1.745985 -3.219558
162456 50.552702 -39.447160 -2.256449 -3.154606
162457 50.965654 -39.314375 -2.596149 -3.052762
162458 51.401548 -39.154305 -2.940415 -2.992080
162459 51.855795 -38.968770 -3.280115 -2.975673
162460 52.731254 -39.677260 -2.513963 -2.907008
162461 52.550473 -39.264353 -3.042690 -2.950876
162462 52.319220 -38.808700 -3.534890 -3.003327
162463 52.777138 -38.634079 -3.777794 -3.070273
162464 53.236891 -38.453091 -4.007000 -3.165909
162465 53.711328 -38.255732 -4.228901 -3.272636
162474 53.662691 -51.003096 4.974962 -2.463014
162476 52.661511 -53.417783 3.915683 -2.911053
162477 53.110253 -52.941212 4.131191 -2.886483
162478 53.910463 -52.529214 3.731222 -3.152991
162479 53.697563 -52.472826 4.060877 -3.003205
162480 53.461721 -52.433718 4.342134 -2.837773
162481 53.724175 -51.761608 4.515637 -2.767608
162482 53.943499 -51.072217 4.661744 -2.680300
162483 54.100421 -50.496512 4.784109 -2.581342
162484 54.477584 -49.981742 4.572253 -2.703550
162485 54.681307 -49.305084 4.298302 -2.821759
162486 54.929996 -48.671172 4.051745 -2.927175
162487 55.096094 -49.329641 3.611596 -3.206395
162488 55.165837 -48.680267 3.692869 -3.111146
162489 55.230075 -48.067273 3.797883 -3.011243
162490 55.568695 -47.456098 3.577809 -3.067155
162491 55.817384 -46.847652 3.312076 -3.091161
162492 55.989907 -46.262852 3.028079 -3.083194
162493 52.005376 -51.873474 1.215432 -3.610631
162494 52.690877 -51.772521 1.298531 -3.682753
162495 53.279104 -51.570615 1.330492 -3.739055
162496 53.294705 -50.356451 0.592649 -3.831932
162497 53.592948 -50.873039 0.963397 -3.822331
162498 53.846226 -51.331420 1.336884 -3.778993
162499 54.288543 -50.955802 1.368845 -3.800859
162500 54.663871 -50.576547 1.494863 -3.802469
162501 55.029104 -50.156364 1.601704 -3.782028
162502 54.229812 -47.657095 -1.257438 -3.524350
162503 54.508785 -48.086372 -0.794460 -3.653993
162504 54.779498 -48.443801 -0.325089 -3.745242
162505 55.426456 -47.364240 -0.573472 -3.623866
162506 55.175014 -48.070002 -0.262080 -3.719787
162507 54.965785 -48.795772 0.154326 -3.796290
162508 55.126378 -49.127735 0.675747 -3.809281
162509 55.252099 -49.441507 1.215432 -3.788614
162510 55.331018 -49.609762 1.748725 -3.739024
162511 55.543918 -49.134101 1.903964 -3.674291
162512 55.792607 -48.493822 2.081120 -3.590271
162513 56.007342 -47.881738 2.301194 -3.490597
162514 56.336787 -47.149601 1.512213 -3.486096
162515 56.280809 -47.214175 2.021763 -3.441466
162516 56.179865 -47.300576 2.471044 -3.379997
162517 56.300080 -46.755794 2.607107 -3.264354
162518 56.288150 -46.230110 2.684726 -3.150671
162519 56.098192 -45.675324 2.606194 -3.046790
162520 56.211983 -45.064149 2.146868 -2.988069
162521 56.300080 -44.443879 1.759683 -2.914861
162522 56.301915 -43.844527 1.352408 -2.835825
162523 57.001181 -44.123740 1.039190 -2.933188
162524 56.695596 -43.662630 1.027319 -2.833296
162525 56.208313 -43.241538 0.945133 -2.759628
162526 56.072497 -42.670380 0.497679 -2.694645
162527 56.012849 -42.179257 0.150673 -2.648277
162528 55.742135 -41.609009 -0.340613 -2.626598
162529 57.912429 -43.479823 -0.796286 -2.997645
162530 57.910594 -43.045089 -0.576212 -2.889600
162531 57.655481 -42.565789 -0.479415 -2.790545
162532 57.951889 -41.757256 -1.176166 -2.758694
162533 57.601338 -41.967347 -0.799026 -2.733924
162534 57.246199 -42.181986 -0.422799 -2.709813
162535 56.699267 -41.779993 -0.480329 -2.654602
162536 56.157841 -41.413470 -0.634655 -2.628956
162537 55.555848 -41.091511 -0.854729 -2.633989
162538 55.408103 -40.654958 -1.367019 -2.672732
162539 55.252099 -40.249327 -1.943231 -2.742902
162540 55.043787 -39.799131 -2.522182 -2.842084
162541 56.246855 -39.885532 -2.432691 -2.843408
162542 55.533824 -39.613596 -2.752301 -2.903665
162543 54.841899 -39.391681 -3.046343 -2.965130
162544 54.612481 -38.998783 -3.570503 -3.103234
162545 54.380310 -38.561320 -4.000608 -3.243203
162546 54.169246 -38.030180 -4.379574 -3.366651
162547 54.602387 -37.781890 -4.501939 -3.421711
162548 55.064894 -37.502678 -4.615173 -3.415502
162549 55.450316 -37.172534 -4.730232 -3.335702
162550 56.477190 -38.019266 -4.164979 -3.203125
162551 56.176194 -37.445380 -4.501026 -3.223791
162552 55.825643 -36.808739 -4.832507 -3.182805
162553 56.189041 -36.416751 -4.929304 -2.967754
162554 56.560699 -36.007482 -5.024274 -2.707760
162555 56.916755 -35.657329 -5.075411 -2.421643
162556 58.858549 -38.815976 -3.501102 -2.720893
162557 58.688779 -38.299388 -3.843542 -2.692888
162558 58.504327 -37.743691 -4.123886 -2.639451
162559 59.176981 -37.754605 -4.315652 -2.341022
162560 58.822759 -37.401725 -4.302868 -2.435069
162561 58.337311 -37.171624 -4.351266 -2.554754
