#!ascii label  , from subject  vox2ras=TkReg coords=orig
752
336 24.015470 -13.196650 -28.922904 0.571429
337 23.691532 -4.877576 -31.270670 0.428571
602 24.554143 2.159121 -32.792928 0.142857
1343 27.940352 2.399225 -35.311457 0.142857
1365 21.835999 -22.654400 -20.900686 0.428571
1367 24.614709 -20.961846 -24.083092 0.571429
1368 29.227845 -10.841989 -28.815150 0.142857
1758 22.905087 -8.631027 -30.383067 0.714286
1759 28.778186 -6.133577 -30.078067 0.285714
2445 24.139355 -1.217802 -31.928154 0.571429
2446 29.063582 -1.846258 -32.372869 0.142857
2471 20.275957 -27.802094 -15.893763 0.142857
2476 27.472339 -18.488042 -26.087505 0.142857
3286 23.087704 -21.884975 -22.570878 0.571429
3287 21.670818 -19.432999 -23.304156 0.428571
3890 23.185895 -6.657441 -30.953799 0.428571
3891 25.780153 -7.606036 -30.129205 0.857143
3892 25.785659 -5.385070 -30.675282 0.857143
5463 25.129523 3.697972 -32.203932 0.142857
5468 22.965653 -1.379691 -30.094504 0.142857
5469 24.257735 0.514769 -32.650473 0.142857
5470 29.277400 0.751236 -36.346995 0.142857
5471 28.873624 0.311044 -33.792852 0.142857
5531 21.331280 -25.394683 -18.368460 0.428571
5533 22.302177 -27.868487 -17.434284 0.142857
5543 22.021369 -14.116141 -27.606110 0.714286
5544 24.089801 -17.101985 -26.800692 0.714286
5545 25.747116 -15.825066 -27.744912 0.714286
7064 20.944940 -23.170989 -18.774821 0.142857
7067 24.644993 -24.210532 -21.276000 0.285714
7068 26.230729 -23.128243 -22.201957 0.285714
7069 27.600813 -21.905893 -22.987285 0.142857
7070 26.475748 -12.045240 -28.932036 0.857143
7071 27.626508 -14.485392 -27.931199 0.714286
7939 20.615496 -11.300370 -27.894672 0.142857
7941 20.379654 -9.031201 -28.554896 0.142857
7942 23.148270 -10.801972 -29.677185 0.714286
7943 25.967358 -9.871567 -29.617828 0.857143
7944 29.040640 -8.503699 -29.371272 0.285714
9892 22.826167 -3.137729 -30.392199 0.285714
9893 24.009964 -3.081340 -31.532751 0.571429
9894 26.581280 0.714856 -33.169155 0.285714
9895 26.725354 -1.192337 -31.934546 0.428571
9896 26.419770 -3.273242 -31.001284 0.857143
9897 29.071841 -4.018112 -31.088949 0.428571
9982 22.686681 -18.307964 -25.249212 0.428571
9983 26.138962 -19.792246 -25.255605 0.571429
10966 21.324856 -19.923212 -22.332540 0.142857
11568 22.725223 -5.498756 -30.779384 0.142857
11570 23.429078 -5.757959 -31.096254 0.428571
11571 24.511013 -6.122663 -30.941928 0.714286
11572 24.613792 -5.102219 -31.127302 0.714286
13143 24.764290 2.952193 -32.551851 0.142857
13147 24.001705 1.209617 -31.474308 0.142857
13148 23.560305 0.440191 -31.372032 0.142857
13149 24.364185 1.350588 -32.800234 0.142857
13211 22.726141 -26.493343 -18.696288 0.142857
13212 21.702019 -26.654322 -17.958445 0.285714
13223 22.947300 -13.721423 -28.442576 0.714286
13224 23.845701 -15.110209 -27.994208 0.571429
13225 24.809256 -14.501763 -28.405136 0.571429
15613 21.250525 -22.967264 -19.837754 0.142857
15614 21.579969 -24.070471 -19.580239 0.285714
15615 22.389355 -23.824909 -20.516241 0.428571
15616 23.827347 -24.618891 -20.675133 0.142857
15617 23.145517 -23.473848 -21.339009 0.285714
15618 23.824594 -21.427503 -23.373557 0.571429
15619 24.678946 -22.653491 -22.726118 0.285714
15620 25.527793 -22.149635 -23.305069 0.285714
15621 26.973126 -22.509792 -22.605579 0.142857
15622 26.212376 -21.663969 -23.841101 0.285714
15623 27.855926 -11.415875 -28.747575 0.428571
15624 28.335868 -12.632768 -28.402396 0.428571
15625 29.511406 -12.074343 -28.608773 0.142857
17426 21.763503 -7.922537 -30.062543 0.142857
17428 21.548768 -8.846576 -29.658921 0.142857
17429 21.492790 -9.897942 -29.256212 0.285714
17430 22.876639 -9.673299 -30.040627 0.714286
17431 24.555978 -10.409073 -29.856166 0.857143
17432 24.394468 -9.310414 -30.217783 0.857143
17433 27.264945 -6.833882 -29.798637 0.857143
17434 27.429209 -7.989839 -29.448892 0.857143
17435 28.899319 -7.288625 -29.639745 0.142857
22165 23.241873 -1.274191 -31.261538 0.571429
22166 22.883981 -2.297363 -30.242438 0.142857
22167 23.151941 -2.166397 -31.267018 0.428571
22168 23.164788 -3.058603 -31.175700 0.571429
22169 24.065942 -2.165487 -31.745520 0.571429
22170 26.940090 2.747559 -34.811952 0.142857
22171 26.322497 1.727115 -33.795591 0.285714
22172 27.451233 1.789870 -34.006534 0.142857
22173 28.975486 -0.763969 -33.070533 0.142857
22174 27.982565 -0.337420 -32.631297 0.571429
22175 28.033037 -1.354225 -31.954636 0.571429
22176 26.623493 -2.223695 -31.370206 0.571429
22177 27.973388 -2.438333 -31.307197 0.714286
22178 27.808207 -3.505161 -30.739204 0.857143
22179 29.089277 -2.945827 -31.700774 0.285714
22389 21.440483 -17.554000 -24.622776 0.285714
22390 21.814893 -16.905536 -25.587999 0.428571
22391 25.891191 -17.843216 -26.556875 0.714286
22392 25.120347 -18.462577 -26.063762 0.571429
22393 26.778579 -19.153787 -25.709451 0.428571
22394 27.587966 -20.329753 -24.743315 0.142857
22395 28.232172 -19.713121 -25.164287 0.142857
22397 28.262455 -15.812333 -27.344030 0.142857
24345 21.353304 -21.477525 -21.209338 0.285714
24346 22.416886 -22.290606 -21.778245 0.571429
24347 21.791951 -21.089174 -22.134382 0.428571
24348 22.292082 -20.644435 -23.005548 0.428571
24349 22.906922 -20.184235 -23.857538 0.428571
24350 30.414395 -10.439996 -29.521945 0.142857
25433 22.047064 -7.050340 -30.451555 0.142857
25434 23.083115 -7.639687 -30.708156 0.285714
25435 24.402727 -8.266323 -30.489908 0.857143
25436 24.385292 -7.173120 -30.732812 0.857143
25437 25.749869 -6.481911 -30.393112 0.857143
25438 27.171343 -5.678834 -30.150208 0.857143
28275 23.002360 -0.487485 -29.944744 0.285714
28276 23.342816 -0.402903 -31.340984 0.428571
28277 24.108155 -0.375618 -32.246851 0.285714
28278 28.717620 1.631619 -35.838358 0.142857
28279 28.574463 1.373325 -34.464034 0.142857
28280 29.287494 0.562972 -35.032940 0.142857
28281 29.524253 -0.475661 -34.416549 0.142857
28387 20.688910 -24.342407 -17.403237 0.142857
28389 20.665050 -25.428334 -17.269913 0.142857
28390 20.833902 -26.715258 -17.090932 0.142857
28391 21.178946 -27.882129 -16.729315 0.142857
28409 21.423965 -14.634548 -26.709375 0.142857
28410 22.361825 -16.201593 -26.464645 0.571429
28411 23.045491 -15.613155 -27.290152 0.714286
28412 24.819350 -16.480806 -27.370512 0.571429
28413 26.635423 -17.154735 -26.919404 0.714286
29545 22.945465 -4.727511 -30.880746 0.285714
31749 24.918459 4.159991 -33.639439 0.142857
31750 24.891846 3.356005 -33.986444 0.142857
31751 25.062533 2.411049 -33.875037 0.142857
31843 21.043131 -24.232359 -18.526438 0.142857
31844 22.097536 -25.205510 -19.210404 0.285714
31845 23.774122 -26.068613 -19.292590 0.285714
31847 24.598191 -25.643883 -19.731826 0.285714
31848 25.436026 -25.065449 -20.115358 0.142857
31850 23.924620 -23.121876 -22.038499 0.285714
31851 25.448873 -23.694853 -21.799248 0.285714
31856 25.335999 -12.671876 -29.037964 0.714286
31857 25.900368 -13.861484 -28.544851 0.714286
31858 27.093341 -13.263952 -28.448968 0.714286
31859 28.653383 -13.826924 -28.017038 0.285714
34163 20.604484 -13.206654 -26.882878 0.142857
34164 21.160593 -12.687337 -27.759523 0.428571
34165 22.206739 -12.316267 -28.680001 0.714286
34173 21.714867 -11.055718 -28.906467 0.571429
34174 23.426325 -11.957020 -29.301871 0.714286
34175 24.838621 -11.517738 -29.477200 0.714286
34176 26.274778 -10.944761 -29.248907 0.857143
34177 27.627426 -10.289931 -29.024267 0.857143
34178 25.882932 -8.725614 -29.889041 0.857143
34179 27.505375 -9.144887 -29.193203 0.857143
34180 29.089277 -9.677846 -29.040704 0.142857
39915 22.755506 -3.958085 -30.417767 0.142857
39916 23.102386 -3.932620 -31.065206 0.428571
39917 23.870478 -3.972637 -31.376598 0.571429
39918 25.226797 1.491558 -33.512508 0.285714
39919 25.310305 0.552058 -33.058661 0.285714
39920 25.348847 -0.284669 -32.573767 0.285714
39921 27.788018 0.709400 -33.349963 0.285714
39922 26.713425 -0.221005 -32.554590 0.285714
39923 25.331411 -1.191427 -32.068783 0.571429
39924 25.292869 -2.161850 -31.684337 0.714286
39925 25.074463 -3.149552 -31.445086 0.714286
39926 24.888176 -4.166358 -31.241449 0.714286
39927 26.158233 -4.356441 -30.790342 0.857143
39928 27.492528 -4.612006 -30.396764 0.857143
39929 28.961721 -5.088577 -30.520043 0.428571
40181 22.126901 -18.872755 -24.280337 0.428571
40182 23.612612 -19.664009 -24.734183 0.571429
40183 23.355664 -17.714069 -26.063762 0.714286
40184 24.359597 -19.076480 -25.464721 0.428571
40185 25.346094 -20.416154 -24.718659 0.428571
40186 26.965784 -21.012777 -24.299513 0.285714
40189 26.725354 -15.172054 -27.919328 0.857143
40190 27.423703 -16.525370 -27.138566 0.857143
40191 28.235842 -17.791376 -26.448208 0.285714
42288 23.251967 -5.179526 -31.104473 0.142857
42289 23.022549 -5.603347 -30.954713 0.285714
42290 23.632801 -5.332320 -31.206748 0.428571
42291 24.074201 -5.484204 -31.192137 0.571429
42292 24.100813 -4.983986 -31.256973 0.714286
43863 24.637651 2.572028 -32.763707 0.142857
43864 24.667934 2.347385 -31.916283 0.142857
43867 24.277924 1.675274 -32.133618 0.285714
43868 24.130179 1.272372 -32.203019 0.142857
43869 24.480729 1.745305 -32.798407 0.285714
43931 23.592423 -26.858957 -18.631453 0.142857
43932 23.056503 -27.080871 -18.362067 0.142857
43943 23.325381 -13.412198 -28.620644 0.714286
43944 23.875984 -14.147063 -28.484582 0.714286
43945 24.359597 -13.881493 -28.645300 0.714286
46331 21.279890 -22.225123 -20.476974 0.142857
46332 21.139487 -22.403382 -19.951900 0.142857
46333 21.511144 -22.810832 -20.396615 0.142857
46334 21.722208 -23.399270 -20.226765 0.285714
46335 22.082853 -23.218282 -20.726270 0.571429
46336 22.767436 -23.683030 -20.945432 0.428571
46337 22.445333 -23.059122 -21.156374 0.571429
46338 24.232958 -21.187398 -23.734260 0.571429
46339 24.643157 -21.837681 -23.409170 0.428571
46340 25.047851 -21.576659 -23.684035 0.285714
46341 25.874673 -21.905893 -23.576281 0.285714
46342 25.448873 -21.304722 -23.998166 0.285714
46343 28.529497 -11.113926 -28.736617 0.285714
46344 28.696513 -11.739652 -28.620644 0.142857
46345 29.403121 -11.403142 -28.644387 0.142857
48146 22.315024 -8.289060 -30.288097 0.142857
48147 21.601993 -8.347267 -29.843382 0.142857
48148 22.273729 -8.764722 -30.058891 0.142857
48149 22.208574 -9.300409 -29.962094 0.285714
48150 22.911511 -9.156710 -30.206825 0.571429
48151 23.624542 -9.550518 -30.235133 0.857143
48152 23.600682 -8.971175 -30.381240 0.857143
48153 28.086262 -6.469178 -29.876256 0.714286
48154 28.096356 -7.025784 -29.556646 0.571429
48155 28.908496 -6.744752 -29.928307 0.285714
48156 29.603173 -7.102180 -30.183995 0.142857
48157 29.404038 -6.479182 -30.320971 0.142857
52885 23.616283 -1.270553 -31.675206 0.571429
52886 23.221684 -1.721658 -31.216793 0.571429
52887 23.602518 -1.673455 -31.613110 0.428571
52888 23.566728 -2.153664 -31.571104 0.571429
52889 24.084295 -1.661632 -31.866059 0.571429
52890 27.481516 2.601132 -35.017416 0.142857
52891 27.223650 2.275535 -34.439378 0.142857
52892 27.768747 2.127289 -34.618360 0.142857
52893 29.065417 -1.326941 -32.759141 0.142857
52894 28.610252 -1.010440 -32.445010 0.142857
52895 28.571710 -1.559769 -32.128139 0.285714
52896 28.000918 -1.891732 -31.651463 0.571429
52897 28.582722 -2.078177 -31.809442 0.428571
52898 28.573545 -2.639330 -31.452391 0.571429
52899 29.051652 -2.381945 -32.035909 0.285714
53074 20.175014 -27.229118 -16.075484 0.142857
53110 21.410200 -16.111554 -25.699406 0.285714
53111 26.689565 -18.184274 -26.318537 0.714286
53112 26.337179 -18.502594 -26.111247 0.857143
53113 27.148401 -18.823643 -25.940484 0.285714
53114 27.603566 -19.482111 -25.513119 0.142857
53115 27.880703 -19.134687 -25.682056 0.142857
55934 21.077085 -21.131920 -20.731749 0.142857
55935 21.220242 -20.930923 -21.358186 0.285714
55936 21.572628 -21.283804 -21.673230 0.428571
55937 21.354222 -20.698095 -21.825730 0.285714
55938 21.467095 -19.668556 -22.827480 0.285714
55939 21.698349 -20.274274 -22.675893 0.428571
55940 21.929602 -20.040536 -23.119695 0.428571
55941 22.533430 -20.435253 -23.403691 0.571429
55942 22.185632 -19.799522 -23.583586 0.428571
57746 22.751836 -6.430070 -30.867961 0.285714
57748 22.641715 -6.865714 -30.745596 0.142857
57749 22.554536 -7.348651 -30.639668 0.142857
57750 23.131752 -7.152202 -30.839653 0.428571
57751 23.745674 -7.436871 -30.776644 0.714286
57752 23.745674 -6.913007 -30.897183 0.714286
57753 25.106582 -5.766145 -30.819563 0.714286
57754 25.139618 -6.320931 -30.701764 0.714286
57755 25.757211 -5.925305 -30.549264 0.857143
57756 26.465653 -6.089012 -30.258875 0.857143
57757 26.432617 -5.521493 -30.381240 0.857143
62468 25.347012 4.088142 -32.043214 0.142857
62470 25.380965 3.380561 -31.506269 0.142857
62480 23.551128 0.020009 -28.869027 0.142857
62484 23.198742 -0.097315 -29.857993 0.285714
62485 23.860383 0.481118 -32.051432 0.142857
62486 23.414395 0.025466 -31.382990 0.285714
62487 23.687861 0.040017 -31.981118 0.285714
62488 23.664002 -0.391079 -31.908064 0.571429
62489 24.169639 0.073668 -32.433138 0.142857
62491 29.029628 1.141406 -35.386338 0.142857
62492 29.316860 0.628455 -35.675813 0.142857
62494 29.657316 -0.479299 -35.001892 0.142857
62671 20.876115 -24.852629 -17.917353 0.285714
62672 20.659544 -24.885371 -17.370362 0.285714
62673 20.973388 -25.441067 -17.857996 0.428571
62674 21.966309 -27.293691 -17.724673 0.142857
62675 21.278973 -26.726172 -17.535647 0.142857
62676 21.408364 -27.310971 -17.340228 0.142857
62677 20.932093 -27.272773 -16.900992 0.142857
62708 21.753409 -14.377163 -27.161395 0.428571
62709 22.242528 -15.162050 -27.059120 0.714286
62710 22.596749 -14.893752 -27.485571 0.714286
62711 24.840457 -15.541306 -27.985990 0.571429
62712 24.423834 -15.802329 -27.712038 0.714286
62713 25.281857 -16.187951 -27.597891 0.571429
62714 25.795753 -16.818225 -27.194269 0.571429
62715 26.171081 -16.521733 -27.360467 0.857143
64956 22.693105 -5.049469 -30.601315 0.142857
64957 22.714211 -4.701136 -30.607707 0.285714
69680 25.008391 4.374630 -34.283225 0.142857
69681 24.900105 3.765274 -33.834858 0.142857
69683 25.140535 3.526989 -34.465860 0.142857
69689 26.966702 3.852585 -36.206366 0.142857
69878 20.897221 -23.250114 -18.145646 0.142857
69879 20.862350 -23.756698 -18.089942 0.285714
69880 20.995412 -23.708495 -18.681678 0.285714
69881 22.228763 -24.506115 -19.868802 0.142857
69882 21.832329 -24.627986 -19.408563 0.285714
69883 22.568301 -25.089096 -19.615853 0.428571
69884 22.889487 -25.694814 -19.337335 0.428571
69885 23.383194 -25.517464 -19.703517 0.142857
69886 24.167803 -25.849426 -19.521796 0.285714
69887 23.801652 -25.338295 -19.961945 0.285714
69888 24.196251 -24.441541 -20.971914 0.142857
69889 24.581673 -24.952673 -20.507109 0.142857
69890 24.978107 -24.671641 -20.724444 0.142857
69891 25.813189 -24.774413 -20.287035 0.142857
69892 25.388307 -24.413347 -20.945432 0.285714
69893 22.754589 -22.107799 -22.181867 0.571429
69894 23.106057 -22.696237 -21.941703 0.571429
69895 23.485973 -22.497059 -22.347151 0.428571
69896 25.493839 -22.965445 -22.618363 0.285714
69897 25.100158 -23.215553 -22.336193 0.285714
69898 25.842554 -23.421097 -22.013843 0.285714
69900 26.529890 -23.493856 -21.484203 0.285714
69902 26.865758 -23.177355 -21.676883 0.142857
69903 27.306241 -22.235127 -22.782734 0.142857
69908 25.960934 -12.411763 -28.990479 0.857143
69909 26.213294 -12.965640 -28.753054 0.857143
69910 26.802439 -12.663691 -28.704656 0.714286
69911 29.156267 -12.913799 -28.277292 0.142857
69912 28.572628 -13.204835 -28.239852 0.428571
69913 29.324201 -13.558625 -28.056304 0.142857
75305 20.892633 -12.014317 -27.772307 0.142857
75306 21.702019 -12.541819 -28.249896 0.571429
75307 21.329445 -11.787855 -28.290989 0.428571
75319 20.476928 -8.547355 -28.774970 0.142857
75326 22.247116 -10.339043 -29.500029 0.571429
75327 21.542344 -10.440905 -29.081796 0.285714
75328 22.385685 -10.945671 -29.394101 0.714286
75329 22.613267 -11.560483 -29.230643 0.714286
75330 23.294180 -11.394047 -29.526511 0.714286
75331 24.213687 -11.787855 -29.482679 0.857143
75332 23.935632 -11.193051 -29.721017 0.714286
75333 25.248821 -10.146232 -29.752978 0.857143
75334 25.425014 -10.681919 -29.542948 0.857143
75335 26.127950 -10.405436 -29.397754 0.857143
75336 27.008915 -10.650087 -29.056228 0.857143
75337 26.778579 -10.064378 -29.285434 0.857143
75338 25.147877 -7.972559 -30.323711 0.857143
75339 25.092816 -8.503699 -30.204085 0.857143
75340 25.770976 -8.130810 -30.001361 0.857143
75341 28.219324 -8.194474 -29.292739 0.428571
75342 27.438385 -8.601924 -29.419670 0.857143
75343 28.265208 -8.812015 -29.173114 0.428571
75344 28.324856 -9.384082 -29.037964 0.571429
75345 29.138831 -9.104870 -29.215120 0.285714
75346 29.792213 -9.424100 -29.402320 0.142857
75347 29.788543 -8.857489 -29.587694 0.142857
89535 23.041820 -1.550675 -29.410538 0.142857
89538 22.840850 -2.737554 -30.319145 0.428571
89539 22.907840 -2.816680 -29.749325 0.142857
89540 22.890404 -3.247776 -29.884475 0.142857
89544 22.829838 -3.601567 -30.387633 0.142857
89545 23.516256 -3.044961 -31.440520 0.571429
89546 23.169376 -3.522441 -31.122736 0.571429
89547 23.489644 -3.503342 -31.349203 0.571429
89548 23.431831 -3.907154 -31.283455 0.571429
89549 23.886996 -3.522441 -31.482526 0.571429
89550 25.463556 2.570209 -34.236654 0.285714
89551 25.109335 1.939935 -33.755412 0.285714
89552 25.596618 2.082724 -33.961789 0.285714
89553 26.438123 1.191427 -33.512508 0.285714
89554 25.844390 1.126854 -33.427583 0.285714
89555 25.973781 0.636641 -33.130802 0.285714
89556 25.387389 0.153703 -32.811192 0.285714
89557 26.032512 0.204634 -32.855024 0.285714
89558 28.701102 0.869469 -34.103331 0.142857
89559 28.211065 1.120487 -33.871385 0.142857
89560 28.391846 0.576614 -33.538990 0.142857
89561 27.436550 -0.751236 -32.217630 0.571429
89562 27.370478 -0.251928 -32.558243 0.571429
89563 26.721684 -0.705762 -32.249591 0.428571
89564 26.084820 -0.695757 -32.303468 0.428571
89565 26.029759 -1.185061 -32.002121 0.571429
89566 25.327740 -1.633438 -31.876103 0.428571
89567 26.006818 -1.654356 -31.753738 0.571429
89568 26.563844 -2.751197 -31.183919 0.714286
89569 25.852649 -2.694809 -31.388469 0.714286
89570 25.747116 -3.205940 -31.250580 0.857143
89571 24.983613 -3.648860 -31.344637 0.714286
89572 25.631490 -3.722528 -31.126389 0.857143
89573 25.532381 -4.255488 -31.016808 0.714286
89574 26.270189 -3.804382 -30.885312 0.857143
89575 28.509308 -3.739809 -30.838740 0.571429
89576 27.690745 -4.089961 -30.543785 0.714286
89577 28.395517 -4.290048 -30.583052 0.571429
89578 28.250525 -4.819369 -30.378501 0.571429
89579 29.066335 -4.574717 -30.795821 0.428571
90206 22.019534 -17.909609 -24.984393 0.285714
90207 21.756162 -18.204283 -24.439229 0.285714
90208 22.426980 -18.599000 -24.730531 0.285714
90209 22.868380 -19.297485 -24.546070 0.571429
90210 23.130834 -19.010088 -24.954258 0.428571
90211 23.221684 -16.670888 -26.702069 0.714286
90212 22.860121 -17.000122 -26.297534 0.571429
90213 23.729156 -17.424853 -26.456426 0.714286
90214 25.554405 -19.131049 -25.680230 0.714286
90215 24.654169 -18.789992 -25.779766 0.571429
90216 25.181831 -19.451189 -25.389841 0.571429
90217 24.942318 -19.741315 -25.126847 0.714286
90218 25.744363 -20.104200 -25.010875 0.285714
90219 26.192187 -20.719013 -24.554288 0.285714
90220 26.538149 -20.421611 -24.827327 0.285714
90222 27.903645 -20.853617 -24.076699 0.142857
90226 26.781332 -14.191628 -28.258115 0.857143
90227 26.240824 -14.505401 -28.245331 0.714286
90228 27.133718 -14.823721 -27.912023 0.857143
90229 28.626770 -16.468982 -27.022593 0.285714
90230 27.800866 -16.149753 -27.283760 0.285714
90231 28.256949 -16.790031 -26.907533 0.142857
90232 27.921081 -17.165649 -26.806171 0.142857
93466 21.194547 -20.148765 -21.884173 0.285714
93469 21.281726 -19.113769 -22.967195 0.142857
94550 22.359990 -5.791610 -30.432378 0.142857
94552 22.580231 -5.879830 -30.731899 0.142857
94553 22.908758 -6.024439 -30.902662 0.142857
94554 23.327216 -6.206336 -30.983934 0.285714
94555 23.829182 -6.423703 -30.971150 0.571429
94556 23.937468 -5.936219 -31.077078 0.714286
94557 24.541296 -5.607894 -31.055162 0.714286
94558 25.175407 -5.239552 -30.931883 0.714286
97385 24.957919 3.317807 -32.360998 0.142857
97386 25.148794 3.029500 -31.560146 0.142857
97387 24.876246 2.705722 -31.750086 0.142857
97388 24.800079 2.106371 -30.975716 0.142857
97391 24.266912 1.348769 -30.374848 0.142857
97392 23.922785 1.075923 -30.482603 0.142857
97393 23.652989 0.729408 -30.566614 0.142857
97394 23.351075 0.399265 -30.610447 0.285714
97395 23.753933 0.840366 -31.403080 0.142857
97396 23.968669 0.904030 -32.158274 0.142857
97397 24.340326 0.939500 -32.710743 0.142857
97507 21.980992 -25.949470 -18.576663 0.571429
97508 21.544180 -26.031324 -18.162996 0.428571
97509 22.186550 -26.589749 -18.336499 0.285714
97510 22.493052 -27.183643 -18.075331 0.142857
97529 22.466440 -13.906959 -28.031648 0.714286
97530 22.903252 -14.634548 -27.859972 0.714286
97531 23.364841 -14.388987 -28.221588 0.714286
97532 24.322890 -14.841911 -28.281857 0.571429
97533 25.269009 -15.172964 -28.100136 0.571429
101831 21.056896 -23.078221 -19.306288 0.142857
101832 21.167934 -23.623003 -19.250584 0.285714
101833 21.395517 -23.522050 -19.735478 0.285714
101834 21.966309 -23.943143 -20.065134 0.285714
101835 22.675669 -24.373330 -20.300732 0.285714
101837 23.052832 -24.238726 -20.653217 0.285714
101838 23.473126 -24.071380 -21.004788 0.285714
101839 23.871395 -23.872203 -21.380102 0.142857
101840 23.442843 -21.656694 -23.019246 0.571429
101841 23.877819 -22.298791 -22.698722 0.571429
101842 24.284348 -22.060506 -23.052120 0.571429
101843 25.126770 -22.399744 -23.052120 0.571429
101844 25.862743 -22.692599 -22.837525 0.285714
101845 26.608810 -22.828112 -22.433902 0.285714
101846 26.262848 -22.402472 -23.044815 0.285714
101847 26.613399 -22.123260 -23.254844 0.142857
101848 26.922654 -21.845867 -23.475832 0.142857
101849 27.151154 -11.756023 -28.849851 0.714286
101850 27.453986 -12.355375 -28.641647 0.571429
101851 28.039460 -12.005222 -28.593249 0.142857
101852 28.992921 -12.311719 -28.422486 0.142857
101853 29.732565 -12.670057 -28.438923 0.142857
105096 21.153252 -8.003482 -29.540209 0.142857
105097 21.011012 -8.430031 -29.343877 0.142857
105098 20.838490 -8.859308 -29.093668 0.142857
105099 20.853173 -9.427737 -28.929297 0.142857
105100 21.436812 -9.305866 -29.435194 0.285714
105101 22.146172 -9.768795 -29.697274 0.571429
105102 22.908758 -10.221719 -29.859819 0.857143
105103 23.739251 -10.604613 -29.831511 0.857143
105104 23.663084 -10.053464 -29.984924 0.857143
105105 24.460541 -9.877024 -30.049759 0.714286
105106 25.202019 -9.624187 -29.944744 0.857143
105107 26.446382 -7.208590 -29.960268 0.857143
105108 26.589539 -7.817946 -29.790418 0.857143
105109 27.329183 -7.415044 -29.670792 0.857143
105110 28.192712 -7.628773 -29.486332 0.571429
105111 29.013110 -7.848869 -29.450718 0.142857
105112 29.719717 -8.257228 -29.784026 0.142857
105113 29.608679 -7.650601 -29.926481 0.142857
113625 23.027137 -1.300566 -30.719114 0.428571
113626 22.897746 -1.859900 -30.182169 0.142857
113627 22.974830 -1.800783 -30.735551 0.285714
113628 22.945465 -2.230970 -30.751075 0.142857
113629 22.929864 -2.684804 -30.793994 0.428571
113630 22.917934 -3.091345 -30.811345 0.428571
113631 23.140011 -2.647515 -31.195790 0.428571
113632 23.487809 -2.637511 -31.491658 0.571429
113633 24.012717 -2.621140 -31.628634 0.571429
113634 26.393157 2.811223 -34.601009 0.142857
113635 26.118773 2.230061 -34.127073 0.285714
113636 26.653776 2.309186 -34.269528 0.285714
113637 26.892371 1.792598 -33.877777 0.142857
113638 27.097012 1.232354 -33.542643 0.285714
113639 28.923178 -0.215548 -33.518900 0.142857
113640 28.453330 0.027285 -33.218467 0.142857
113641 28.524909 -0.513860 -32.793842 0.142857
113642 28.061485 -0.852189 -32.276986 0.571429
113643 27.406267 -1.241449 -31.891627 0.571429
113644 26.654694 -1.710744 -31.650550 0.571429
113645 27.341112 -1.790779 -31.613110 0.428571
113646 27.337442 -2.304639 -31.267018 0.714286
113647 27.259439 -2.839417 -31.020461 0.714286
113648 27.112612 -3.370557 -30.823216 0.857143
113649 27.903645 -2.966745 -30.988500 0.714286
113650 28.522156 -3.197755 -31.136434 0.571429
113651 29.055323 -3.472420 -31.368380 0.428571
114028 21.137651 -16.881889 -24.771623 0.142857
114029 21.599240 -17.241136 -25.086668 0.285714
114030 22.243446 -17.625849 -25.439152 0.428571
114031 24.993708 -17.514892 -26.783342 0.571429
114032 24.638569 -17.810475 -26.447294 0.571429
114033 25.510357 -18.141528 -26.317624 0.714286
114034 25.952675 -18.837285 -25.889346 0.714286
114035 26.468406 -19.488478 -25.514946 0.428571
114036 26.928160 -20.102381 -25.045575 0.142857
114037 27.250263 -19.789518 -25.290305 0.142857
114038 27.945858 -20.047812 -24.970695 0.142857
114040 28.373493 -14.800984 -27.737607 0.142857
114041 28.004589 -15.164779 -27.654508 0.428571
114042 28.699266 -15.474004 -27.421649 0.142857
114043 28.972733 -16.116102 -27.137653 0.142857
118244 21.165181 -21.685797 -20.621256 0.142857
118245 21.555192 -22.068691 -21.027617 0.285714
118246 22.094783 -22.459770 -21.319832 0.571429
118247 21.822234 -21.882246 -21.509772 0.285714
118248 22.072759 -21.668517 -21.959053 0.571429
118249 22.356319 -21.461154 -22.401941 0.428571
118250 21.523073 -20.488003 -22.261313 0.428571
118251 22.023204 -20.849979 -22.590968 0.428571
118252 22.666492 -21.248334 -22.824740 0.571429
118253 22.992266 -21.030967 -23.253018 0.571429
118254 23.367594 -20.809052 -23.622853 0.571429
118255 23.733745 -20.577133 -24.009125 0.571429
118256 29.969324 -10.538221 -29.056228 0.142857
118257 29.968406 -11.223064 -28.962171 0.142857
120784 21.886471 -7.484165 -30.215956 0.142857
120785 22.358155 -7.781567 -30.424160 0.142857
120786 22.975748 -8.132629 -30.576659 0.714286
120787 23.634636 -8.452768 -30.516390 0.857143
120788 23.680520 -7.944365 -30.664324 0.857143
120789 24.462376 -7.730636 -30.584878 0.857143
120790 25.033168 -7.387759 -30.454294 0.857143
120791 24.505507 -6.670174 -30.801300 0.571429
120792 25.157971 -6.878447 -30.552917 0.714286
120793 25.802177 -7.054887 -30.268007 0.857143
120794 26.484007 -6.654713 -30.084459 0.857143
120795 27.222733 -6.251810 -29.973052 0.857143
120796 28.000001 -5.873464 -30.005013 0.857143
127415 23.018878 -0.934952 -30.032409 0.142857
127416 23.229943 -0.016371 -30.610447 0.428571
127417 23.122575 -0.430187 -30.676195 0.428571
127418 23.055585 -0.844913 -30.713635 0.428571
127419 23.253802 -0.813990 -31.247841 0.571429
127420 23.623624 -0.792163 -31.732735 0.571429
127421 24.128343 -0.765788 -32.098917 0.571429
127422 28.368905 2.051802 -35.592714 0.142857
127423 28.252360 1.902646 -34.839347 0.142857
127424 28.672654 1.551584 -35.113299 0.142857
127425 29.005769 0.987702 -34.772686 0.142857
127426 29.133325 0.471114 -34.389153 0.142857
127427 29.494888 0.066393 -35.349811 0.142857
127428 29.439828 0.010914 -34.703285 0.142857
127429 29.231516 -0.058207 -34.087807 0.142857
127430 29.293000 -0.578433 -33.793765 0.142857
127431 29.352649 -1.152319 -33.384664 0.142857
127432 29.389356 -1.716201 -33.082404 0.142857
127433 29.400368 -2.200048 -32.687914 0.142857
127675 20.813713 -23.890392 -16.855333 0.142857
127676 20.985318 -23.996802 -16.259945 0.142857
127677 20.636602 -24.383334 -16.889121 0.142857
127678 20.544835 -24.908108 -16.795977 0.142857
127679 20.469586 -25.451071 -16.682744 0.142857
127680 21.078920 -26.018591 -17.699104 0.142857
127681 20.721028 -26.112268 -17.177683 0.285714
127684 20.517305 -27.255493 -16.484585 0.142857
127685 20.687992 -27.863939 -16.329346 0.142857
127728 21.624017 -15.755945 -26.143208 0.285714
127729 21.865365 -15.422163 -26.608926 0.285714
127730 22.722470 -15.889639 -26.898402 0.714286
127731 23.513503 -16.374396 -27.052728 0.714286
127732 23.487809 -15.393969 -27.693775 0.714286
127733 23.910855 -16.083360 -27.415257 0.714286
127734 24.470635 -16.834596 -27.137653 0.571429
127735 25.353435 -17.155645 -26.993371 0.714286
127736 26.243577 -17.504887 -26.752294 0.714286
127737 27.108941 -17.818660 -26.496606 0.714286
130661 22.501311 -5.437820 -30.548351 0.142857
130662 22.921605 -5.114952 -30.892617 0.142857
130663 23.289591 -4.792994 -31.112691 0.285714
136642 25.062533 4.385544 -32.789276 0.142857
136645 24.958836 3.951719 -32.973736 0.142857
136646 24.869822 3.549726 -33.119844 0.142857
136647 24.756031 3.144095 -33.335353 0.142857
136648 24.747772 2.725731 -33.403841 0.142857
136649 24.711065 2.282811 -33.412059 0.142857
136650 24.955166 2.883072 -33.911564 0.142857
136651 25.292869 3.049508 -34.368150 0.142857
136655 26.141715 3.261419 -34.918793 0.142857
136656 26.652858 3.231406 -35.186353 0.142857
136657 27.153907 3.115901 -35.434736 0.142857
136665 27.518223 3.532446 -36.491276 0.142857
136668 28.442318 2.201867 -36.136965 0.142857
136897 20.776089 -23.820362 -17.459853 0.142857
136898 20.846749 -24.285110 -17.959358 0.285714
136899 21.153252 -24.783508 -18.471648 0.428571
136900 21.276220 -24.177790 -19.092605 0.285714
136901 21.484531 -24.717116 -18.948324 0.428571
136902 21.713949 -25.315558 -18.793998 0.571429
136903 22.411380 -25.828508 -18.957456 0.428571
136904 23.240037 -26.299622 -19.003114 0.285714
136905 24.102649 -26.623400 -18.828698 0.285714
136910 24.221946 -25.140027 -20.237723 0.142857
136911 25.009308 -25.364670 -19.934550 0.142857
136916 22.748165 -22.883591 -21.529862 0.428571
136917 23.539198 -23.294679 -21.694233 0.285714
136918 24.267830 -23.665749 -21.714323 0.142857
136919 24.297195 -22.884500 -22.408334 0.285714
136920 24.700971 -23.448382 -22.033020 0.142857
136921 25.087310 -23.954966 -21.549039 0.142857
136922 25.787494 -24.132316 -21.149069 0.285714
136923 26.550997 -24.150506 -20.560986 0.142857
136928 27.252098 -22.842664 -21.843080 0.142857
136934 24.700971 -12.958364 -29.024267 0.714286
136935 24.955166 -13.555897 -28.776797 0.714286
136936 25.547982 -13.273047 -28.795973 0.857143
136937 26.412428 -13.564992 -28.516543 0.857143
136938 27.241086 -13.836019 -28.249896 0.571429
136939 27.696251 -12.894700 -28.401483 0.571429
136940 27.884374 -13.545893 -28.189627 0.571429
136941 28.058732 -14.155249 -27.987816 0.571429
136945 30.074856 -11.775122 -28.810584 0.142857
143556 21.028448 -13.928786 -26.818042 0.142857
143557 21.265208 -13.634113 -27.265497 0.285714
143559 20.788936 -12.914709 -27.282847 0.142857
143560 21.605664 -13.398556 -27.721170 0.428571
143561 22.003933 -13.213930 -28.105615 0.714286
143562 22.465522 -12.968369 -28.556722 0.714286
143563 23.095963 -12.786471 -28.859896 0.714286
143584 20.436550 -10.641902 -27.960421 0.142857
143586 20.998165 -10.597337 -28.582291 0.142857
143587 21.173440 -11.190322 -28.426139 0.285714
143588 21.983745 -11.704182 -28.825195 0.571429
143589 22.809649 -12.130731 -29.048922 0.714286
143590 23.623624 -12.535453 -29.143892 0.857143
143591 24.406398 -12.351737 -29.226078 0.857143
143592 25.078134 -12.107085 -29.263518 1.000000
143593 25.720504 -11.813321 -29.205075 0.857143
143594 24.649581 -10.936576 -29.677185 0.857143
143595 25.447955 -11.204874 -29.437934 0.857143
143596 26.383063 -11.525923 -29.121976 0.857143
143597 27.063058 -11.171223 -28.978608 0.857143
143598 27.712769 -10.872002 -28.855330 0.571429
143599 28.474437 -10.532764 -28.846198 0.142857
143600 24.384374 -8.784731 -30.354758 0.857143
143601 25.144206 -9.077585 -30.084459 0.857143
143602 25.928815 -9.285858 -29.731975 0.857143
143603 26.613399 -8.362729 -29.677185 0.857143
143604 26.698742 -8.932067 -29.520119 0.857143
143605 26.762979 -9.520505 -29.400493 0.857143
143606 27.593472 -9.758791 -29.099147 0.857143
143607 28.410200 -9.984343 -28.960344 0.142857
143608 29.232434 -10.239909 -28.946647 0.142857
143609 29.795884 -10.065288 -29.282694 0.142857
160695 22.943629 -2.396497 -29.738367 0.142857
160704 22.939041 -3.552454 -30.796734 0.285714
160705 22.883981 -3.934439 -30.765686 0.428571
160706 22.798637 -4.320971 -30.683500 0.285714
160707 23.057420 -4.313695 -30.975716 0.428571
160708 23.400630 -4.335522 -31.217706 0.428571
160709 23.803488 -4.413738 -31.315416 0.571429
160710 24.774384 1.819883 -33.341745 0.285714
160711 24.768878 1.410614 -33.240383 0.285714
160712 24.757866 0.964056 -33.089709 0.285714
160713 25.729681 1.605244 -33.717059 0.285714
160714 25.243315 1.038634 -33.295173 0.285714
160715 24.750525 0.514769 -32.917120 0.285714
160716 24.761537 0.092768 -32.707090 0.285714
160717 24.701888 -0.329234 -32.455055 0.285714
160718 24.743183 -0.750326 -32.292510 0.714286
160719 28.048637 1.657994 -34.159947 0.142857
160720 27.685239 1.240540 -33.692403 0.142857
160721 27.200708 0.732137 -33.240383 0.285714
160722 27.909151 0.177350 -32.998392 0.428571
160723 27.334689 0.247380 -32.857764 0.428571
160724 26.673965 0.251018 -32.856850 0.285714
160725 26.032512 -0.252837 -32.580159 0.285714
160726 25.402072 -0.713947 -32.317166 0.571429
160727 24.738595 -1.186880 -32.062391 0.571429
160728 24.694547 -1.639804 -31.917196 0.571429
160729 24.624804 -2.160940 -31.813095 0.714286
160730 24.589015 -2.631145 -31.649637 0.714286
160731 25.963687 -2.187315 -31.528185 0.571429
160732 25.224961 -2.666615 -31.582062 0.857143
160733 24.506424 -3.105897 -31.541882 0.714286
160734 24.382538 -3.586105 -31.484353 0.571429
160735 24.368773 -4.061767 -31.365640 0.714286
160736 24.250394 -4.518329 -31.292586 0.571429
160737 24.767961 -4.632924 -31.176613 0.714286
160738 25.340588 -4.740244 -30.979368 0.571429
160739 25.957263 -4.837559 -30.692632 0.857143
160740 26.977714 -3.936258 -30.646974 0.857143
160741 26.792345 -4.471945 -30.567528 0.857143
160742 26.652858 -4.968525 -30.446076 0.857143
160743 27.402596 -5.125866 -30.247917 0.857143
160744 28.178947 -5.339595 -30.161166 0.571429
160745 28.915837 -5.618808 -30.285357 0.285714
160751 29.506818 -4.357350 -31.417691 0.142857
160752 29.507735 -4.909408 -31.169308 0.142857
160753 29.563713 -5.440548 -30.873440 0.142857
160754 29.515994 -5.956227 -30.559309 0.142857
161496 21.423965 -18.832738 -23.441131 0.142857
161497 21.311091 -17.857768 -24.157972 0.285714
161498 21.577216 -18.525331 -23.961640 0.428571
161499 21.880965 -19.162881 -23.780831 0.285714
161500 22.514159 -19.524857 -24.074873 0.428571
161501 23.309780 -19.925941 -24.294034 0.571429
161502 24.096225 -20.328843 -24.389004 0.571429
161503 22.096618 -16.538103 -26.022669 0.428571
161504 22.508653 -17.301162 -25.873822 0.428571
161505 23.035396 -18.023295 -25.675664 0.571429
161506 24.304536 -18.128795 -26.151427 0.714286
161507 23.909938 -18.427107 -25.824511 0.571429
161508 23.547457 -18.731785 -25.403539 0.571429
161509 23.960409 -19.390253 -25.104931 0.714286
161510 24.500918 -20.038717 -24.781668 0.571429
161511 24.948742 -20.674448 -24.380786 0.428571
161512 25.857237 -21.026419 -24.283076 0.285714
161514 27.264945 -21.571202 -23.689514 0.142857
161515 27.338359 -20.652620 -24.507717 0.142857
161516 27.662297 -21.190127 -23.868496 0.142857
161517 27.874280 -21.580297 -23.184530 0.142857
161521 25.343341 -14.216184 -28.544851 0.571429
161522 25.752622 -14.837363 -28.222501 0.857143
161523 26.210541 -15.523116 -27.824358 0.857143
161524 27.494363 -15.494922 -27.602457 0.857143
161525 27.023598 -15.811424 -27.512053 0.714286
161526 26.582198 -16.179766 -27.491963 0.857143
161527 27.048375 -16.812768 -27.063686 0.571429
161528 27.490693 -17.493974 -26.638147 0.428571
161529 27.838490 -18.150623 -26.290229 0.285714
161539 28.544180 -19.330227 -25.339617 0.142857
