#!ascii label  , from subject fsaverage vox2ras=TkReg
291
336 24.015470 -13.196650 -28.922904 0.000000
1367 24.614709 -20.961846 -24.083092 0.000000
1758 22.905087 -8.631027 -30.383067 0.000000
2445 24.139355 -1.217802 -31.928154 0.000000
3286 23.087704 -21.884975 -22.570878 0.000000
3891 25.780153 -7.606036 -30.129205 0.000000
3892 25.785659 -5.385070 -30.675282 0.000000
5543 22.021369 -14.116141 -27.606110 0.000000
5544 24.089801 -17.101985 -26.800692 0.000000
5545 25.747116 -15.825066 -27.744912 0.000000
7070 26.475748 -12.045240 -28.932036 0.000000
7071 27.626508 -14.485392 -27.931199 0.000000
7942 23.148270 -10.801972 -29.677185 0.000000
7943 25.967358 -9.871567 -29.617828 0.000000
9893 24.009964 -3.081340 -31.532751 0.000000
9896 26.419770 -3.273242 -31.001284 0.000000
9983 26.138962 -19.792246 -25.255605 0.000000
11571 24.511013 -6.122663 -30.941928 0.000000
11572 24.613792 -5.102219 -31.127302 0.000000
13223 22.947300 -13.721423 -28.442576 0.000000
13224 23.845701 -15.110209 -27.994208 0.000000
13225 24.809256 -14.501763 -28.405136 0.000000
15618 23.824594 -21.427503 -23.373557 0.000000
17430 22.876639 -9.673299 -30.040627 0.000000
17431 24.555978 -10.409073 -29.856166 0.000000
17432 24.394468 -9.310414 -30.217783 0.000000
17433 27.264945 -6.833882 -29.798637 0.000000
17434 27.429209 -7.989839 -29.448892 0.000000
22165 23.241873 -1.274191 -31.261538 0.000000
22168 23.164788 -3.058603 -31.175700 0.000000
22169 24.065942 -2.165487 -31.745520 0.000000
22174 27.982565 -0.337420 -32.631297 0.000000
22175 28.033037 -1.354225 -31.954636 0.000000
22176 26.623493 -2.223695 -31.370206 0.000000
22177 27.973388 -2.438333 -31.307197 0.000000
22178 27.808207 -3.505161 -30.739204 0.000000
22391 25.891191 -17.843216 -26.556875 0.000000
22392 25.120347 -18.462577 -26.063762 0.000000
24346 22.416886 -22.290606 -21.778245 0.000000
25435 24.402727 -8.266323 -30.489908 0.000000
25436 24.385292 -7.173120 -30.732812 0.000000
25437 25.749869 -6.481911 -30.393112 0.000000
25438 27.171343 -5.678834 -30.150208 0.000000
28410 22.361825 -16.201593 -26.464645 0.000000
28411 23.045491 -15.613155 -27.290152 0.000000
28412 24.819350 -16.480806 -27.370512 0.000000
28413 26.635423 -17.154735 -26.919404 0.000000
31856 25.335999 -12.671876 -29.037964 0.000000
31857 25.900368 -13.861484 -28.544851 0.000000
31858 27.093341 -13.263952 -28.448968 0.000000
34165 22.206739 -12.316267 -28.680001 0.000000
34173 21.714867 -11.055718 -28.906467 0.000000
34174 23.426325 -11.957020 -29.301871 0.000000
34175 24.838621 -11.517738 -29.477200 0.000000
34176 26.274778 -10.944761 -29.248907 0.000000
34177 27.627426 -10.289931 -29.024267 0.000000
34178 25.882932 -8.725614 -29.889041 0.000000
34179 27.505375 -9.144887 -29.193203 0.000000
39917 23.870478 -3.972637 -31.376598 0.000000
39923 25.331411 -1.191427 -32.068783 0.000000
39924 25.292869 -2.161850 -31.684337 0.000000
39925 25.074463 -3.149552 -31.445086 0.000000
39926 24.888176 -4.166358 -31.241449 0.000000
39927 26.158233 -4.356441 -30.790342 0.000000
39928 27.492528 -4.612006 -30.396764 0.000000
40182 23.612612 -19.664009 -24.734183 0.000000
40183 23.355664 -17.714069 -26.063762 0.000000
40189 26.725354 -15.172054 -27.919328 0.000000
40190 27.423703 -16.525370 -27.138566 0.000000
42291 24.074201 -5.484204 -31.192137 0.000000
42292 24.100813 -4.983986 -31.256973 0.000000
43943 23.325381 -13.412198 -28.620644 0.000000
43944 23.875984 -14.147063 -28.484582 0.000000
43945 24.359597 -13.881493 -28.645300 0.000000
46335 22.082853 -23.218282 -20.726270 0.000000
46337 22.445333 -23.059122 -21.156374 0.000000
46338 24.232958 -21.187398 -23.734260 0.000000
48150 22.911511 -9.156710 -30.206825 0.000000
48151 23.624542 -9.550518 -30.235133 0.000000
48152 23.600682 -8.971175 -30.381240 0.000000
48153 28.086262 -6.469178 -29.876256 0.000000
48154 28.096356 -7.025784 -29.556646 0.000000
52885 23.616283 -1.270553 -31.675206 0.000000
52886 23.221684 -1.721658 -31.216793 0.000000
52888 23.566728 -2.153664 -31.571104 0.000000
52889 24.084295 -1.661632 -31.866059 0.000000
52896 28.000918 -1.891732 -31.651463 0.000000
52898 28.573545 -2.639330 -31.452391 0.000000
53111 26.689565 -18.184274 -26.318537 0.000000
53112 26.337179 -18.502594 -26.111247 0.000000
55941 22.533430 -20.435253 -23.403691 0.000000
57751 23.745674 -7.436871 -30.776644 0.000000
57752 23.745674 -6.913007 -30.897183 0.000000
57753 25.106582 -5.766145 -30.819563 0.000000
57754 25.139618 -6.320931 -30.701764 0.000000
57755 25.757211 -5.925305 -30.549264 0.000000
57756 26.465653 -6.089012 -30.258875 0.000000
57757 26.432617 -5.521493 -30.381240 0.000000
62488 23.664002 -0.391079 -31.908064 0.000000
62709 22.242528 -15.162050 -27.059120 0.000000
62710 22.596749 -14.893752 -27.485571 0.000000
62711 24.840457 -15.541306 -27.985990 0.000000
62712 24.423834 -15.802329 -27.712038 0.000000
62713 25.281857 -16.187951 -27.597891 0.000000
62714 25.795753 -16.818225 -27.194269 0.000000
62715 26.171081 -16.521733 -27.360467 0.000000
69893 22.754589 -22.107799 -22.181867 0.000000
69894 23.106057 -22.696237 -21.941703 0.000000
69908 25.960934 -12.411763 -28.990479 0.000000
69909 26.213294 -12.965640 -28.753054 0.000000
69910 26.802439 -12.663691 -28.704656 0.000000
75306 21.702019 -12.541819 -28.249896 0.000000
75326 22.247116 -10.339043 -29.500029 0.000000
75328 22.385685 -10.945671 -29.394101 0.000000
75329 22.613267 -11.560483 -29.230643 0.000000
75330 23.294180 -11.394047 -29.526511 0.000000
75331 24.213687 -11.787855 -29.482679 0.000000
75332 23.935632 -11.193051 -29.721017 0.000000
75333 25.248821 -10.146232 -29.752978 0.000000
75334 25.425014 -10.681919 -29.542948 0.000000
75335 26.127950 -10.405436 -29.397754 0.000000
75336 27.008915 -10.650087 -29.056228 0.000000
75337 26.778579 -10.064378 -29.285434 0.000000
75338 25.147877 -7.972559 -30.323711 0.000000
75339 25.092816 -8.503699 -30.204085 0.000000
75340 25.770976 -8.130810 -30.001361 0.000000
75342 27.438385 -8.601924 -29.419670 0.000000
75344 28.324856 -9.384082 -29.037964 0.000000
89545 23.516256 -3.044961 -31.440520 0.000000
89546 23.169376 -3.522441 -31.122736 0.000000
89547 23.489644 -3.503342 -31.349203 0.000000
89548 23.431831 -3.907154 -31.283455 0.000000
89549 23.886996 -3.522441 -31.482526 0.000000
89561 27.436550 -0.751236 -32.217630 0.000000
89562 27.370478 -0.251928 -32.558243 0.000000
89565 26.029759 -1.185061 -32.002121 0.000000
89567 26.006818 -1.654356 -31.753738 0.000000
89568 26.563844 -2.751197 -31.183919 0.000000
89569 25.852649 -2.694809 -31.388469 0.000000
89570 25.747116 -3.205940 -31.250580 0.000000
89571 24.983613 -3.648860 -31.344637 0.000000
89572 25.631490 -3.722528 -31.126389 0.000000
89573 25.532381 -4.255488 -31.016808 0.000000
89574 26.270189 -3.804382 -30.885312 0.000000
89575 28.509308 -3.739809 -30.838740 0.000000
89576 27.690745 -4.089961 -30.543785 0.000000
89577 28.395517 -4.290048 -30.583052 0.000000
89578 28.250525 -4.819369 -30.378501 0.000000
90209 22.868380 -19.297485 -24.546070 0.000000
90211 23.221684 -16.670888 -26.702069 0.000000
90212 22.860121 -17.000122 -26.297534 0.000000
90213 23.729156 -17.424853 -26.456426 0.000000
90214 25.554405 -19.131049 -25.680230 0.000000
90215 24.654169 -18.789992 -25.779766 0.000000
90216 25.181831 -19.451189 -25.389841 0.000000
90217 24.942318 -19.741315 -25.126847 0.000000
90226 26.781332 -14.191628 -28.258115 0.000000
90227 26.240824 -14.505401 -28.245331 0.000000
90228 27.133718 -14.823721 -27.912023 0.000000
94555 23.829182 -6.423703 -30.971150 0.000000
94556 23.937468 -5.936219 -31.077078 0.000000
94557 24.541296 -5.607894 -31.055162 0.000000
94558 25.175407 -5.239552 -30.931883 0.000000
97529 22.466440 -13.906959 -28.031648 0.000000
97530 22.903252 -14.634548 -27.859972 0.000000
97531 23.364841 -14.388987 -28.221588 0.000000
97532 24.322890 -14.841911 -28.281857 0.000000
97533 25.269009 -15.172964 -28.100136 0.000000
101840 23.442843 -21.656694 -23.019246 0.000000
101841 23.877819 -22.298791 -22.698722 0.000000
101842 24.284348 -22.060506 -23.052120 0.000000
101843 25.126770 -22.399744 -23.052120 0.000000
101849 27.151154 -11.756023 -28.849851 0.000000
101850 27.453986 -12.355375 -28.641647 0.000000
105101 22.146172 -9.768795 -29.697274 0.000000
105102 22.908758 -10.221719 -29.859819 0.000000
105103 23.739251 -10.604613 -29.831511 0.000000
105104 23.663084 -10.053464 -29.984924 0.000000
105105 24.460541 -9.877024 -30.049759 0.000000
105106 25.202019 -9.624187 -29.944744 0.000000
105107 26.446382 -7.208590 -29.960268 0.000000
105108 26.589539 -7.817946 -29.790418 0.000000
105109 27.329183 -7.415044 -29.670792 0.000000
105110 28.192712 -7.628773 -29.486332 0.000000
113632 23.487809 -2.637511 -31.491658 0.000000
113633 24.012717 -2.621140 -31.628634 0.000000
113642 28.061485 -0.852189 -32.276986 0.000000
113643 27.406267 -1.241449 -31.891627 0.000000
113644 26.654694 -1.710744 -31.650550 0.000000
113646 27.337442 -2.304639 -31.267018 0.000000
113647 27.259439 -2.839417 -31.020461 0.000000
113648 27.112612 -3.370557 -30.823216 0.000000
113649 27.903645 -2.966745 -30.988500 0.000000
113650 28.522156 -3.197755 -31.136434 0.000000
114031 24.993708 -17.514892 -26.783342 0.000000
114032 24.638569 -17.810475 -26.447294 0.000000
114033 25.510357 -18.141528 -26.317624 0.000000
114034 25.952675 -18.837285 -25.889346 0.000000
118246 22.094783 -22.459770 -21.319832 0.000000
118248 22.072759 -21.668517 -21.959053 0.000000
118252 22.666492 -21.248334 -22.824740 0.000000
118253 22.992266 -21.030967 -23.253018 0.000000
118254 23.367594 -20.809052 -23.622853 0.000000
118255 23.733745 -20.577133 -24.009125 0.000000
120786 22.975748 -8.132629 -30.576659 0.000000
120787 23.634636 -8.452768 -30.516390 0.000000
120788 23.680520 -7.944365 -30.664324 0.000000
120789 24.462376 -7.730636 -30.584878 0.000000
120790 25.033168 -7.387759 -30.454294 0.000000
120791 24.505507 -6.670174 -30.801300 0.000000
120792 25.157971 -6.878447 -30.552917 0.000000
120793 25.802177 -7.054887 -30.268007 0.000000
120794 26.484007 -6.654713 -30.084459 0.000000
120795 27.222733 -6.251810 -29.973052 0.000000
120796 28.000001 -5.873464 -30.005013 0.000000
127419 23.253802 -0.813990 -31.247841 0.000000
127420 23.623624 -0.792163 -31.732735 0.000000
127421 24.128343 -0.765788 -32.098917 0.000000
127730 22.722470 -15.889639 -26.898402 0.000000
127731 23.513503 -16.374396 -27.052728 0.000000
127732 23.487809 -15.393969 -27.693775 0.000000
127733 23.910855 -16.083360 -27.415257 0.000000
127734 24.470635 -16.834596 -27.137653 0.000000
127735 25.353435 -17.155645 -26.993371 0.000000
127736 26.243577 -17.504887 -26.752294 0.000000
127737 27.108941 -17.818660 -26.496606 0.000000
136934 24.700971 -12.958364 -29.024267 0.000000
136935 24.955166 -13.555897 -28.776797 0.000000
136936 25.547982 -13.273047 -28.795973 0.000000
136937 26.412428 -13.564992 -28.516543 0.000000
136938 27.241086 -13.836019 -28.249896 0.000000
136939 27.696251 -12.894700 -28.401483 0.000000
136940 27.884374 -13.545893 -28.189627 0.000000
136941 28.058732 -14.155249 -27.987816 0.000000
143561 22.003933 -13.213930 -28.105615 0.000000
143562 22.465522 -12.968369 -28.556722 0.000000
143563 23.095963 -12.786471 -28.859896 0.000000
143588 21.983745 -11.704182 -28.825195 0.000000
143589 22.809649 -12.130731 -29.048922 0.000000
143590 23.623624 -12.535453 -29.143892 0.000000
143591 24.406398 -12.351737 -29.226078 0.000000
143592 25.078134 -12.107085 -29.263518 0.000000
143593 25.720504 -11.813321 -29.205075 0.000000
143594 24.649581 -10.936576 -29.677185 0.000000
143595 25.447955 -11.204874 -29.437934 0.000000
143596 26.383063 -11.525923 -29.121976 0.000000
143597 27.063058 -11.171223 -28.978608 0.000000
143598 27.712769 -10.872002 -28.855330 0.000000
143600 24.384374 -8.784731 -30.354758 0.000000
143601 25.144206 -9.077585 -30.084459 0.000000
143602 25.928815 -9.285858 -29.731975 0.000000
143603 26.613399 -8.362729 -29.677185 0.000000
143604 26.698742 -8.932067 -29.520119 0.000000
143605 26.762979 -9.520505 -29.400493 0.000000
143606 27.593472 -9.758791 -29.099147 0.000000
160709 23.803488 -4.413738 -31.315416 0.000000
160718 24.743183 -0.750326 -32.292510 0.000000
160726 25.402072 -0.713947 -32.317166 0.000000
160727 24.738595 -1.186880 -32.062391 0.000000
160728 24.694547 -1.639804 -31.917196 0.000000
160729 24.624804 -2.160940 -31.813095 0.000000
160730 24.589015 -2.631145 -31.649637 0.000000
160731 25.963687 -2.187315 -31.528185 0.000000
160732 25.224961 -2.666615 -31.582062 0.000000
160733 24.506424 -3.105897 -31.541882 0.000000
160734 24.382538 -3.586105 -31.484353 0.000000
160735 24.368773 -4.061767 -31.365640 0.000000
160736 24.250394 -4.518329 -31.292586 0.000000
160737 24.767961 -4.632924 -31.176613 0.000000
160738 25.340588 -4.740244 -30.979368 0.000000
160739 25.957263 -4.837559 -30.692632 0.000000
160740 26.977714 -3.936258 -30.646974 0.000000
160741 26.792345 -4.471945 -30.567528 0.000000
160742 26.652858 -4.968525 -30.446076 0.000000
160743 27.402596 -5.125866 -30.247917 0.000000
160744 28.178947 -5.339595 -30.161166 0.000000
161501 23.309780 -19.925941 -24.294034 0.000000
161502 24.096225 -20.328843 -24.389004 0.000000
161505 23.035396 -18.023295 -25.675664 0.000000
161506 24.304536 -18.128795 -26.151427 0.000000
161507 23.909938 -18.427107 -25.824511 0.000000
161508 23.547457 -18.731785 -25.403539 0.000000
161509 23.960409 -19.390253 -25.104931 0.000000
161510 24.500918 -20.038717 -24.781668 0.000000
161521 25.343341 -14.216184 -28.544851 0.000000
161522 25.752622 -14.837363 -28.222501 0.000000
161523 26.210541 -15.523116 -27.824358 0.000000
161524 27.494363 -15.494922 -27.602457 0.000000
161525 27.023598 -15.811424 -27.512053 0.000000
161526 26.582198 -16.179766 -27.491963 0.000000
161527 27.048375 -16.812768 -27.063686 0.000000
